filename,source_image_id,latitude,longitude,sun_angle,season,resolution,split
sample_00001.jpg,SRC_042,10.0,180.0,36.92431,N-spring,0.5,calibration
sample_00002.jpg,SRC_022,20.0,180.0,41.513642,N-spring,0.25,train
sample_00003.jpg,SRC_074,0.0,180.0,50.25459,N-spring,0.5,train
sample_00004.jpg,SRC_091,-40.0,180.0,72.511342,N-summer,0.5,train
sample_00005.jpg,SRC_108,-40.0,180.0,68.856247,N-summer,0.5,calibration
sample_00006.jpg,SRC_013,50.0,180.0,54.051464,N-spring,0.5,train
sample_00007.jpg,SRC_151,-15.0,180.0,63.408071,N-summer,0.5,validation
sample_00008.jpg,SRC_063,25.0,180.0,41.329237,N-spring,0.25,train
sample_00009.jpg,SRC_030,-25.0,180.0,67.936804,N-spring,0.5,train
sample_00010.jpg,SRC_096,25.0,180.0,40.422288,N-spring,0.25,train
sample_00011.jpg,SRC_130,25.0,180.0,37.507656,N-spring,0.25,train
sample_00012.jpg,SRC_156,10.0,180.0,48.737382,N-summer,0.25,validation
sample_00013.jpg,SRC_164,20.0,180.0,59.226879,N-autumn,0.25,train
sample_00014.jpg,SRC_002,40.0,180.0,45.868768,N-summer,0.25,train
sample_00015.jpg,SRC_006,-15.0,180.0,65.638079,N-spring,0.5,train
sample_00016.jpg,SRC_153,-40.0,180.0,43.960452,N-autumn,0.25,train
sample_00017.jpg,SRC_156,10.0,180.0,48.737382,N-summer,0.25,validation
sample_00018.jpg,SRC_094,20.0,180.0,66.934532,N-autumn,0.25,train
sample_00019.jpg,SRC_158,-5.0,180.0,35.954137,N-winter,0.25,train
sample_00020.jpg,SRC_050,0.0,180.0,53.680047,N-summer,0.25,calibration
sample_00021.jpg,SRC_112,-30.0,180.0,67.516648,N-spring,0.5,train
sample_00022.jpg,SRC_059,15.0,180.0,48.046698,N-summer,0.25,train
sample_00023.jpg,SRC_151,-15.0,180.0,63.408071,N-summer,0.5,validation
sample_00024.jpg,SRC_073,45.0,180.0,41.537171,N-spring,0.25,train
sample_00025.jpg,SRC_050,0.0,180.0,53.680047,N-summer,0.25,calibration
sample_00026.jpg,SRC_045,-90.0,0.0,70.559818,N-autumn,0.25,train
sample_00027.jpg,SRC_153,-40.0,180.0,43.960452,N-autumn,0.25,train
sample_00028.jpg,SRC_092,5.0,180.0,57.429528,N-autumn,0.25,train
sample_00029.jpg,SRC_049,5.0,180.0,42.94902,N-spring,0.25,train
sample_00030.jpg,SRC_013,50.0,180.0,54.051464,N-spring,0.5,train
sample_00031.jpg,SRC_103,-35.0,180.0,57.090396,N-autumn,0.25,train
sample_00032.jpg,SRC_051,20.0,180.0,63.609319,N-autumn,0.5,train
sample_00033.jpg,SRC_102,-10.0,180.0,52.255853,N-spring,0.25,train
sample_00034.jpg,SRC_078,15.0,180.0,40.437008,N-spring,0.25,train
sample_00035.jpg,SRC_084,-10.0,180.0,58.957849,N-summer,0.25,train
sample_00036.jpg,SRC_069,25.0,180.0,48.120522,N-summer,0.5,train
sample_00037.jpg,SRC_041,15.0,180.0,46.712049,N-summer,0.25,validation
sample_00038.jpg,SRC_097,0.0,180.0,35.318175,N-winter,0.25,train
sample_00039.jpg,SRC_096,25.0,180.0,40.422288,N-spring,0.25,train
sample_00040.jpg,SRC_052,5.0,180.0,51.705435,N-summer,0.25,train
sample_00041.jpg,SRC_006,-15.0,180.0,65.638079,N-spring,0.5,train
sample_00042.jpg,SRC_011,-20.0,180.0,70.371153,N-summer,0.25,train
sample_00043.jpg,SRC_030,-25.0,180.0,67.936804,N-spring,0.5,train
sample_00044.jpg,SRC_158,-5.0,180.0,35.954137,N-winter,0.25,train
sample_00045.jpg,SRC_061,50.0,180.0,43.110277,N-spring,0.5,train
sample_00046.jpg,SRC_126,-20.0,180.0,68.779144,N-summer,0.5,train
sample_00047.jpg,SRC_085,0.0,180.0,39.187341,N-spring,0.25,train
sample_00048.jpg,SRC_076,25.0,180.0,63.632584,N-autumn,0.25,train
sample_00049.jpg,SRC_134,-30.0,180.0,69.607895,N-spring,0.5,train
sample_00050.jpg,SRC_069,25.0,180.0,48.120522,N-summer,0.5,train
sample_00051.jpg,SRC_089,10.0,180.0,48.442522,N-winter,0.25,calibration
sample_00052.jpg,SRC_063,25.0,180.0,41.329237,N-spring,0.25,train
sample_00053.jpg,SRC_097,0.0,180.0,35.318175,N-winter,0.25,train
sample_00054.jpg,SRC_088,0.0,180.0,53.004483,N-summer,0.25,train
sample_00055.jpg,SRC_111,-35.0,180.0,79.069883,N-spring,1.0,train
sample_00056.jpg,SRC_133,-10.0,180.0,48.887369,N-spring,0.5,train
sample_00057.jpg,SRC_157,40.0,180.0,44.22455,N-summer,0.25,calibration
sample_00058.jpg,SRC_109,50.0,180.0,54.137665,N-summer,0.25,validation
sample_00059.jpg,SRC_042,10.0,180.0,36.92431,N-spring,0.5,calibration
sample_00060.jpg,SRC_156,10.0,180.0,48.737382,N-summer,0.25,validation
sample_00061.jpg,SRC_164,20.0,180.0,59.226879,N-autumn,0.25,train
sample_00062.jpg,SRC_001,-5.0,180.0,51.987197,N-spring,0.5,train
sample_00063.jpg,SRC_084,-10.0,180.0,58.957849,N-summer,0.25,train
sample_00064.jpg,SRC_141,-10.0,180.0,55.206291,N-spring,0.25,train
sample_00065.jpg,SRC_099,15.0,180.0,42.024472,N-spring,0.5,train
sample_00066.jpg,SRC_040,90.0,0.0,57.651744,N-spring,0.5,train
sample_00067.jpg,SRC_156,10.0,180.0,48.737382,N-summer,0.25,validation
sample_00068.jpg,SRC_067,-15.0,180.0,64.724247,N-spring,0.5,calibration
sample_00069.jpg,SRC_116,5.0,180.0,41.203028,N-spring,0.25,calibration
sample_00070.jpg,SRC_050,0.0,180.0,53.680047,N-summer,0.25,calibration
sample_00071.jpg,SRC_108,-40.0,180.0,68.856247,N-summer,0.5,calibration
sample_00072.jpg,SRC_094,20.0,180.0,66.934532,N-autumn,0.25,train
sample_00073.jpg,SRC_086,15.0,180.0,43.648742,N-summer,0.5,validation
sample_00074.jpg,SRC_027,35.0,180.0,41.369436,N-spring,0.5,train
sample_00075.jpg,SRC_021,-90.0,0.0,68.040851,N-autumn,0.5,train
sample_00076.jpg,SRC_040,90.0,0.0,57.651744,N-spring,0.5,train
sample_00077.jpg,SRC_031,-90.0,0.0,62.684336,N-winter,0.5,train
sample_00078.jpg,SRC_171,-35.0,180.0,63.65778,N-spring,0.25,train
sample_00079.jpg,SRC_075,-90.0,0.0,65.329336,N-winter,0.25,train
sample_00080.jpg,SRC_091,-40.0,180.0,72.511342,N-summer,0.5,train
sample_00081.jpg,SRC_018,-90.0,0.0,67.882485,N-winter,0.25,train
sample_00082.jpg,SRC_027,35.0,180.0,41.369436,N-spring,0.5,train
sample_00083.jpg,SRC_148,-15.0,180.0,49.227137,N-autumn,0.25,train
sample_00084.jpg,SRC_061,50.0,180.0,43.110277,N-spring,0.5,train
sample_00085.jpg,SRC_037,15.0,180.0,44.468297,N-spring,0.25,train
sample_00086.jpg,SRC_148,-15.0,180.0,49.227137,N-autumn,0.25,train
sample_00087.jpg,SRC_102,-10.0,180.0,52.255853,N-spring,0.25,train
sample_00088.jpg,SRC_009,-25.0,180.0,73.827745,N-spring,0.5,train
sample_00089.jpg,SRC_100,20.0,180.0,41.506528,N-spring,0.25,train
sample_00090.jpg,SRC_141,-10.0,180.0,55.206291,N-spring,0.25,train
sample_00091.jpg,SRC_134,-30.0,180.0,69.607895,N-spring,0.5,train
sample_00092.jpg,SRC_132,5.0,180.0,51.83727,N-summer,0.25,train
sample_00093.jpg,SRC_103,-35.0,180.0,57.090396,N-autumn,0.25,train
sample_00094.jpg,SRC_116,5.0,180.0,41.203028,N-spring,0.25,calibration
sample_00095.jpg,SRC_115,25.0,180.0,41.8845,N-spring,0.25,train
sample_00096.jpg,SRC_061,50.0,180.0,43.110277,N-spring,0.5,train
sample_00097.jpg,SRC_114,-10.0,180.0,58.176498,N-autumn,0.5,train
sample_00098.jpg,SRC_119,90.0,0.0,58.642683,N-spring,0.25,calibration
sample_00099.jpg,SRC_120,90.0,0.0,69.983669,N-summer,0.25,train
sample_00100.jpg,SRC_066,-10.0,180.0,61.81065,N-summer,0.5,calibration
sample_00101.jpg,SRC_112,-30.0,180.0,67.516648,N-spring,0.5,train
sample_00102.jpg,SRC_097,0.0,180.0,35.318175,N-winter,0.25,train
sample_00103.jpg,SRC_172,55.0,180.0,47.744159,N-summer,0.25,validation
sample_00104.jpg,SRC_156,10.0,180.0,48.737382,N-summer,0.25,validation
sample_00105.jpg,SRC_161,5.0,180.0,52.294471,N-summer,0.25,train
sample_00106.jpg,SRC_151,-15.0,180.0,63.408071,N-summer,0.5,validation
sample_00107.jpg,SRC_112,-30.0,180.0,67.516648,N-spring,0.5,train
sample_00108.jpg,SRC_121,25.0,180.0,67.446292,N-autumn,0.5,train
sample_00109.jpg,SRC_074,0.0,180.0,50.25459,N-spring,0.5,train
sample_00110.jpg,SRC_151,-15.0,180.0,63.408071,N-summer,0.5,validation
sample_00111.jpg,SRC_047,0.0,180.0,48.028677,N-spring,0.5,validation
sample_00112.jpg,SRC_092,5.0,180.0,57.429528,N-autumn,0.25,train
sample_00113.jpg,SRC_015,20.0,180.0,46.484204,N-summer,0.25,train
sample_00114.jpg,SRC_124,0.0,180.0,51.928413,N-summer,0.25,train
sample_00115.jpg,SRC_074,0.0,180.0,50.25459,N-spring,0.5,train
sample_00116.jpg,SRC_088,0.0,180.0,53.004483,N-summer,0.25,train
sample_00117.jpg,SRC_124,0.0,180.0,51.928413,N-summer,0.25,train
sample_00118.jpg,SRC_026,90.0,0.0,57.238404,N-spring,0.25,calibration
sample_00119.jpg,SRC_061,50.0,180.0,43.110277,N-spring,0.5,train
sample_00120.jpg,SRC_135,5.0,180.0,41.328761,N-winter,0.5,train
sample_00121.jpg,SRC_016,10.0,180.0,55.552023,N-winter,0.5,calibration
sample_00122.jpg,SRC_171,-35.0,180.0,63.65778,N-spring,0.25,train
sample_00123.jpg,SRC_066,-10.0,180.0,61.81065,N-summer,0.5,calibration
sample_00124.jpg,SRC_111,-35.0,180.0,79.069883,N-spring,1.0,train
sample_00125.jpg,SRC_009,-25.0,180.0,73.827745,N-spring,0.5,train
sample_00126.jpg,SRC_052,5.0,180.0,51.705435,N-summer,0.25,train
sample_00127.jpg,SRC_067,-15.0,180.0,64.724247,N-spring,0.5,calibration
sample_00128.jpg,SRC_102,-10.0,180.0,52.255853,N-spring,0.25,train
sample_00129.jpg,SRC_103,-35.0,180.0,57.090396,N-autumn,0.25,train
sample_00130.jpg,SRC_050,0.0,180.0,53.680047,N-summer,0.25,calibration
sample_00131.jpg,SRC_112,-30.0,180.0,67.516648,N-spring,0.5,train
sample_00132.jpg,SRC_047,0.0,180.0,48.028677,N-spring,0.5,validation
sample_00133.jpg,SRC_114,-10.0,180.0,58.176498,N-autumn,0.5,train
sample_00134.jpg,SRC_133,-10.0,180.0,48.887369,N-spring,0.5,train
sample_00135.jpg,SRC_074,0.0,180.0,50.25459,N-spring,0.5,train
sample_00136.jpg,SRC_014,-40.0,180.0,38.480327,N-winter,0.25,train
sample_00137.jpg,SRC_088,0.0,180.0,53.004483,N-summer,0.25,train
sample_00138.jpg,SRC_148,-15.0,180.0,49.227137,N-autumn,0.25,train
sample_00139.jpg,SRC_022,20.0,180.0,41.513642,N-spring,0.25,train
sample_00140.jpg,SRC_119,90.0,0.0,58.642683,N-spring,0.25,calibration
sample_00141.jpg,SRC_107,20.0,180.0,65.68027,N-autumn,0.5,train
sample_00142.jpg,SRC_099,15.0,180.0,42.024472,N-spring,0.5,train
sample_00143.jpg,SRC_030,-25.0,180.0,67.936804,N-spring,0.5,train
sample_00144.jpg,SRC_106,25.0,180.0,40.638999,N-spring,0.5,validation
sample_00145.jpg,SRC_115,25.0,180.0,41.8845,N-spring,0.25,train
sample_00146.jpg,SRC_103,-35.0,180.0,57.090396,N-autumn,0.25,train
sample_00147.jpg,SRC_134,-30.0,180.0,69.607895,N-spring,0.5,train
sample_00148.jpg,SRC_153,-40.0,180.0,43.960452,N-autumn,0.25,train
sample_00149.jpg,SRC_056,-40.0,180.0,74.660587,N-summer,0.5,train
sample_00150.jpg,SRC_145,-5.0,180.0,52.15166,N-spring,0.25,train
sample_00151.jpg,SRC_033,45.0,180.0,66.067561,N-summer,0.25,train
sample_00152.jpg,SRC_133,-10.0,180.0,48.887369,N-spring,0.5,train
sample_00153.jpg,SRC_072,15.0,180.0,46.966801,N-winter,0.25,train
sample_00154.jpg,SRC_075,-90.0,0.0,65.329336,N-winter,0.25,train
sample_00155.jpg,SRC_043,10.0,180.0,50.433279,N-summer,0.5,train
sample_00156.jpg,SRC_027,35.0,180.0,41.369436,N-spring,0.5,train
sample_00157.jpg,SRC_153,-40.0,180.0,43.960452,N-autumn,0.25,train
sample_00158.jpg,SRC_093,-25.0,180.0,43.343655,N-autumn,0.5,calibration
sample_00159.jpg,SRC_091,-40.0,180.0,72.511342,N-summer,0.5,train
sample_00160.jpg,SRC_158,-5.0,180.0,35.954137,N-winter,0.25,train
sample_00161.jpg,SRC_099,15.0,180.0,42.024472,N-spring,0.5,train
sample_00162.jpg,SRC_146,10.0,180.0,58.0428,N-summer,0.5,train
sample_00163.jpg,SRC_062,45.0,180.0,81.508965,N-autumn,0.5,train
sample_00164.jpg,SRC_122,-5.0,180.0,57.310506,N-summer,0.25,train
sample_00165.jpg,SRC_074,0.0,180.0,50.25459,N-spring,0.5,train
sample_00166.jpg,SRC_100,20.0,180.0,41.506528,N-spring,0.25,train
sample_00167.jpg,SRC_044,-90.0,0.0,81.862162,N-autumn,0.5,train
sample_00168.jpg,SRC_068,0.0,180.0,56.216196,N-summer,0.25,train
sample_00169.jpg,SRC_125,-5.0,180.0,52.428603,N-spring,0.25,train
sample_00170.jpg,SRC_011,-20.0,180.0,70.371153,N-summer,0.25,train
sample_00171.jpg,SRC_134,-30.0,180.0,69.607895,N-spring,0.5,train
sample_00172.jpg,SRC_017,-90.0,0.0,64.6979,N-winter,0.25,train
sample_00173.jpg,SRC_148,-15.0,180.0,49.227137,N-autumn,0.25,train
sample_00174.jpg,SRC_156,10.0,180.0,48.737382,N-summer,0.25,validation
sample_00175.jpg,SRC_049,5.0,180.0,42.94902,N-spring,0.25,train
sample_00176.jpg,SRC_009,-25.0,180.0,73.827745,N-spring,0.5,train
sample_00177.jpg,SRC_063,25.0,180.0,41.329237,N-spring,0.25,train
sample_00178.jpg,SRC_151,-15.0,180.0,63.408071,N-summer,0.5,validation
sample_00179.jpg,SRC_069,25.0,180.0,48.120522,N-summer,0.5,train
sample_00180.jpg,SRC_144,-35.0,180.0,76.731052,N-spring,0.5,train
sample_00181.jpg,SRC_145,-5.0,180.0,52.15166,N-spring,0.25,train
sample_00182.jpg,SRC_092,5.0,180.0,57.429528,N-autumn,0.25,train
sample_00183.jpg,SRC_171,-35.0,180.0,63.65778,N-spring,0.25,train
sample_00184.jpg,SRC_108,-40.0,180.0,68.856247,N-summer,0.5,calibration
sample_00185.jpg,SRC_097,0.0,180.0,35.318175,N-winter,0.25,train
sample_00186.jpg,SRC_011,-20.0,180.0,70.371153,N-summer,0.25,train
sample_00187.jpg,SRC_088,0.0,180.0,53.004483,N-summer,0.25,train
sample_00188.jpg,SRC_124,0.0,180.0,51.928413,N-summer,0.25,train
sample_00189.jpg,SRC_013,50.0,180.0,54.051464,N-spring,0.5,train
sample_00190.jpg,SRC_042,10.0,180.0,36.92431,N-spring,0.5,calibration
sample_00191.jpg,SRC_172,55.0,180.0,47.744159,N-summer,0.25,validation
sample_00192.jpg,SRC_095,-20.0,180.0,56.495654,N-spring,0.5,validation
sample_00193.jpg,SRC_096,25.0,180.0,40.422288,N-spring,0.25,train
sample_00194.jpg,SRC_072,15.0,180.0,46.966801,N-winter,0.25,train
sample_00195.jpg,SRC_034,40.0,180.0,46.055099,N-summer,0.25,validation
sample_00196.jpg,SRC_092,5.0,180.0,57.429528,N-autumn,0.25,train
sample_00197.jpg,SRC_129,20.0,180.0,41.057252,N-spring,0.25,validation
sample_00198.jpg,SRC_109,50.0,180.0,54.137665,N-summer,0.25,validation
sample_00199.jpg,SRC_059,15.0,180.0,48.046698,N-summer,0.25,train
sample_00200.jpg,SRC_042,10.0,180.0,36.92431,N-spring,0.5,calibration
sample_00201.jpg,SRC_047,0.0,180.0,48.028677,N-spring,0.5,validation
sample_00202.jpg,SRC_139,40.0,180.0,53.533251,N-winter,0.25,train
sample_00203.jpg,SRC_115,25.0,180.0,41.8845,N-spring,0.25,train
sample_00204.jpg,SRC_004,30.0,180.0,61.107468,N-autumn,0.5,train
sample_00205.jpg,SRC_144,-35.0,180.0,76.731052,N-spring,0.5,train
sample_00206.jpg,SRC_030,-25.0,180.0,67.936804,N-spring,0.5,train
sample_00207.jpg,SRC_040,90.0,0.0,57.651744,N-spring,0.5,train
sample_00208.jpg,SRC_023,-10.0,180.0,50.837437,N-spring,0.25,train
sample_00209.jpg,SRC_159,20.0,180.0,67.076816,N-autumn,0.25,train
sample_00210.jpg,SRC_108,-40.0,180.0,68.856247,N-summer,0.5,calibration
sample_00211.jpg,SRC_009,-25.0,180.0,73.827745,N-spring,0.5,train
sample_00212.jpg,SRC_169,40.0,180.0,48.615664,N-summer,0.25,train
sample_00213.jpg,SRC_069,25.0,180.0,48.120522,N-summer,0.5,train
sample_00214.jpg,SRC_126,-20.0,180.0,68.779144,N-summer,0.5,train
sample_00215.jpg,SRC_006,-15.0,180.0,65.638079,N-spring,0.5,train
sample_00216.jpg,SRC_066,-10.0,180.0,61.81065,N-summer,0.5,calibration
sample_00217.jpg,SRC_169,40.0,180.0,48.615664,N-summer,0.25,train
sample_00218.jpg,SRC_111,-35.0,180.0,79.069883,N-spring,1.0,train
sample_00219.jpg,SRC_061,50.0,180.0,43.110277,N-spring,0.5,train
sample_00220.jpg,SRC_030,-25.0,180.0,67.936804,N-spring,0.5,train
sample_00221.jpg,SRC_013,50.0,180.0,54.051464,N-spring,0.5,train
sample_00222.jpg,SRC_097,0.0,180.0,35.318175,N-winter,0.25,train
sample_00223.jpg,SRC_150,10.0,180.0,50.798821,N-summer,0.5,train
sample_00224.jpg,SRC_050,0.0,180.0,53.680047,N-summer,0.25,calibration
sample_00225.jpg,SRC_133,-10.0,180.0,48.887369,N-spring,0.5,train
sample_00226.jpg,SRC_022,20.0,180.0,41.513642,N-spring,0.25,train
sample_00227.jpg,SRC_127,-35.0,180.0,47.507974,N-autumn,0.5,validation
sample_00228.jpg,SRC_112,-30.0,180.0,67.516648,N-spring,0.5,train
sample_00229.jpg,SRC_142,-30.0,180.0,34.276784,N-winter,0.25,train
sample_00230.jpg,SRC_141,-10.0,180.0,55.206291,N-spring,0.25,train
sample_00231.jpg,SRC_096,25.0,180.0,40.422288,N-spring,0.25,train
sample_00232.jpg,SRC_064,90.0,0.0,60.573524,N-spring,0.25,train
sample_00233.jpg,SRC_089,10.0,180.0,48.442522,N-winter,0.25,calibration
sample_00234.jpg,SRC_083,0.0,180.0,55.378885,N-spring,0.25,calibration
sample_00235.jpg,SRC_123,0.0,180.0,54.598149,N-autumn,0.5,train
sample_00236.jpg,SRC_013,50.0,180.0,54.051464,N-spring,0.5,train
sample_00237.jpg,SRC_006,-15.0,180.0,65.638079,N-spring,0.5,train
sample_00238.jpg,SRC_081,-90.0,0.0,74.772433,N-autumn,0.25,calibration
sample_00239.jpg,SRC_004,30.0,180.0,61.107468,N-autumn,0.5,train
sample_00240.jpg,SRC_009,-25.0,180.0,73.827745,N-spring,0.5,train
sample_00241.jpg,SRC_133,-10.0,180.0,48.887369,N-spring,0.5,train
sample_00242.jpg,SRC_016,10.0,180.0,55.552023,N-winter,0.5,calibration
sample_00243.jpg,SRC_095,-20.0,180.0,56.495654,N-spring,0.5,validation
sample_00244.jpg,SRC_021,-90.0,0.0,68.040851,N-autumn,0.5,train
sample_00245.jpg,SRC_056,-40.0,180.0,74.660587,N-summer,0.5,train
sample_00246.jpg,SRC_108,-40.0,180.0,68.856247,N-summer,0.5,calibration
sample_00247.jpg,SRC_005,0.0,180.0,55.846781,N-summer,0.5,validation
sample_00248.jpg,SRC_150,10.0,180.0,50.798821,N-summer,0.5,train
sample_00249.jpg,SRC_140,35.0,180.0,44.85556,N-spring,0.25,train
sample_00250.jpg,SRC_035,0.0,180.0,56.990187,N-autumn,0.25,train
sample_00251.jpg,SRC_136,-35.0,180.0,76.922409,N-spring,0.5,train
sample_00252.jpg,SRC_040,90.0,0.0,57.651744,N-spring,0.5,train
sample_00253.jpg,SRC_095,-20.0,180.0,56.495654,N-spring,0.5,validation
sample_00254.jpg,SRC_099,15.0,180.0,42.024472,N-spring,0.5,train
sample_00255.jpg,SRC_014,-40.0,180.0,38.480327,N-winter,0.25,train
sample_00256.jpg,SRC_151,-15.0,180.0,63.408071,N-summer,0.5,validation
sample_00257.jpg,SRC_063,25.0,180.0,41.329237,N-spring,0.25,train
sample_00258.jpg,SRC_109,50.0,180.0,54.137665,N-summer,0.25,validation
sample_00259.jpg,SRC_115,25.0,180.0,41.8845,N-spring,0.25,train
sample_00260.jpg,SRC_170,-20.0,180.0,56.332579,N-autumn,0.25,validation
sample_00261.jpg,SRC_030,-25.0,180.0,67.936804,N-spring,0.5,train
sample_00262.jpg,SRC_091,-40.0,180.0,72.511342,N-summer,0.5,train
sample_00263.jpg,SRC_154,0.0,180.0,54.770875,N-summer,0.5,train
sample_00264.jpg,SRC_092,5.0,180.0,57.429528,N-autumn,0.25,train
sample_00265.jpg,SRC_102,-10.0,180.0,52.255853,N-spring,0.25,train
sample_00266.jpg,SRC_121,25.0,180.0,67.446292,N-autumn,0.5,train
sample_00267.jpg,SRC_151,-15.0,180.0,63.408071,N-summer,0.5,validation
sample_00268.jpg,SRC_135,5.0,180.0,41.328761,N-winter,0.5,train
sample_00269.jpg,SRC_143,90.0,0.0,68.916652,N-spring,0.5,train
sample_00270.jpg,SRC_069,25.0,180.0,48.120522,N-summer,0.5,train
sample_00271.jpg,SRC_051,20.0,180.0,63.609319,N-autumn,0.5,train
sample_00272.jpg,SRC_108,-40.0,180.0,68.856247,N-summer,0.5,calibration
sample_00273.jpg,SRC_088,0.0,180.0,53.004483,N-summer,0.25,train
sample_00274.jpg,SRC_168,90.0,0.0,64.709631,N-summer,0.25,validation
sample_00275.jpg,SRC_070,60.0,180.0,58.788969,N-summer,0.5,train
sample_00276.jpg,SRC_004,30.0,180.0,61.107468,N-autumn,0.5,train
sample_00277.jpg,SRC_049,5.0,180.0,42.94902,N-spring,0.25,train
sample_00278.jpg,SRC_062,45.0,180.0,81.508965,N-autumn,0.5,train
sample_00279.jpg,SRC_115,25.0,180.0,41.8845,N-spring,0.25,train
sample_00280.jpg,SRC_037,15.0,180.0,44.468297,N-spring,0.25,train
sample_00281.jpg,SRC_024,10.0,180.0,53.725813,N-summer,0.25,calibration
sample_00282.jpg,SRC_168,90.0,0.0,64.709631,N-summer,0.25,validation
sample_00283.jpg,SRC_082,-10.0,180.0,60.444036,N-spring,0.25,calibration
sample_00284.jpg,SRC_133,-10.0,180.0,48.887369,N-spring,0.5,train
sample_00285.jpg,SRC_013,50.0,180.0,54.051464,N-spring,0.5,train
sample_00286.jpg,SRC_059,15.0,180.0,48.046698,N-summer,0.25,train
sample_00287.jpg,SRC_069,25.0,180.0,48.120522,N-summer,0.5,train
sample_00288.jpg,SRC_074,0.0,180.0,50.25459,N-spring,0.5,train
sample_00289.jpg,SRC_036,5.0,180.0,52.749586,N-summer,0.25,train
sample_00290.jpg,SRC_088,0.0,180.0,53.004483,N-summer,0.25,train
sample_00291.jpg,SRC_171,-35.0,180.0,63.65778,N-spring,0.25,train
sample_00292.jpg,SRC_030,-25.0,180.0,67.936804,N-spring,0.5,train
sample_00293.jpg,SRC_062,45.0,180.0,81.508965,N-autumn,0.5,train
sample_00294.jpg,SRC_102,-10.0,180.0,52.255853,N-spring,0.25,train
sample_00295.jpg,SRC_093,-25.0,180.0,43.343655,N-autumn,0.5,calibration
sample_00296.jpg,SRC_001,-5.0,180.0,51.987197,N-spring,0.5,train
sample_00297.jpg,SRC_153,-40.0,180.0,43.960452,N-autumn,0.25,train
sample_00298.jpg,SRC_138,25.0,180.0,44.714676,N-summer,0.25,train
sample_00299.jpg,SRC_097,0.0,180.0,35.318175,N-winter,0.25,train
sample_00300.jpg,SRC_109,50.0,180.0,54.137665,N-summer,0.25,validation
sample_00301.jpg,SRC_017,-90.0,0.0,64.6979,N-winter,0.25,train
sample_00302.jpg,SRC_030,-25.0,180.0,67.936804,N-spring,0.5,train
sample_00303.jpg,SRC_084,-10.0,180.0,58.957849,N-summer,0.25,train
sample_00304.jpg,SRC_006,-15.0,180.0,65.638079,N-spring,0.5,train
sample_00305.jpg,SRC_151,-15.0,180.0,63.408071,N-summer,0.5,validation
sample_00306.jpg,SRC_011,-20.0,180.0,70.371153,N-summer,0.25,train
sample_00307.jpg,SRC_047,0.0,180.0,48.028677,N-spring,0.5,validation
sample_00308.jpg,SRC_042,10.0,180.0,36.92431,N-spring,0.5,calibration
sample_00309.jpg,SRC_071,20.0,180.0,40.070501,N-spring,0.25,train
sample_00310.jpg,SRC_099,15.0,180.0,42.024472,N-spring,0.5,train
sample_00311.jpg,SRC_060,90.0,0.0,64.124177,N-summer,0.25,validation
sample_00312.jpg,SRC_099,15.0,180.0,42.024472,N-spring,0.5,train
sample_00313.jpg,SRC_139,40.0,180.0,53.533251,N-winter,0.25,train
sample_00314.jpg,SRC_061,50.0,180.0,43.110277,N-spring,0.5,train
sample_00315.jpg,SRC_108,-40.0,180.0,68.856247,N-summer,0.5,calibration
sample_00316.jpg,SRC_125,-5.0,180.0,52.428603,N-spring,0.25,train
sample_00317.jpg,SRC_108,-40.0,180.0,68.856247,N-summer,0.5,calibration
sample_00318.jpg,SRC_146,10.0,180.0,58.0428,N-summer,0.5,train
sample_00319.jpg,SRC_115,25.0,180.0,41.8845,N-spring,0.25,train
sample_00320.jpg,SRC_146,10.0,180.0,58.0428,N-summer,0.5,train
sample_00321.jpg,SRC_115,25.0,180.0,41.8845,N-spring,0.25,train
sample_00322.jpg,SRC_006,-15.0,180.0,65.638079,N-spring,0.5,train
sample_00323.jpg,SRC_135,5.0,180.0,41.328761,N-winter,0.5,train
sample_00324.jpg,SRC_062,45.0,180.0,81.508965,N-autumn,0.5,train
sample_00325.jpg,SRC_165,10.0,180.0,42.451267,N-winter,0.25,train
sample_00326.jpg,SRC_004,30.0,180.0,61.107468,N-autumn,0.5,train
sample_00327.jpg,SRC_013,50.0,180.0,54.051464,N-spring,0.5,train
sample_00328.jpg,SRC_112,-30.0,180.0,67.516648,N-spring,0.5,train
sample_00329.jpg,SRC_047,0.0,180.0,48.028677,N-spring,0.5,validation
sample_00330.jpg,SRC_151,-15.0,180.0,63.408071,N-summer,0.5,validation
sample_00331.jpg,SRC_127,-35.0,180.0,47.507974,N-autumn,0.5,validation
sample_00332.jpg,SRC_156,10.0,180.0,48.737382,N-summer,0.25,validation
sample_00333.jpg,SRC_078,15.0,180.0,40.437008,N-spring,0.25,train
sample_00334.jpg,SRC_158,-5.0,180.0,35.954137,N-winter,0.25,train
sample_00335.jpg,SRC_009,-25.0,180.0,73.827745,N-spring,0.5,train
sample_00336.jpg,SRC_004,30.0,180.0,61.107468,N-autumn,0.5,train
sample_00337.jpg,SRC_169,40.0,180.0,48.615664,N-summer,0.25,train
sample_00338.jpg,SRC_170,-20.0,180.0,56.332579,N-autumn,0.25,validation
sample_00339.jpg,SRC_009,-25.0,180.0,73.827745,N-spring,0.5,train
sample_00340.jpg,SRC_133,-10.0,180.0,48.887369,N-spring,0.5,train
sample_00341.jpg,SRC_043,10.0,180.0,50.433279,N-summer,0.5,train
sample_00342.jpg,SRC_111,-35.0,180.0,79.069883,N-spring,1.0,train
sample_00343.jpg,SRC_144,-35.0,180.0,76.731052,N-spring,0.5,train
sample_00344.jpg,SRC_013,50.0,180.0,54.051464,N-spring,0.5,train
sample_00345.jpg,SRC_157,40.0,180.0,44.22455,N-summer,0.25,calibration
sample_00346.jpg,SRC_153,-40.0,180.0,43.960452,N-autumn,0.25,train
sample_00347.jpg,SRC_005,0.0,180.0,55.846781,N-summer,0.5,validation
sample_00348.jpg,SRC_058,30.0,180.0,69.060883,N-autumn,0.5,train
sample_00349.jpg,SRC_103,-35.0,180.0,57.090396,N-autumn,0.25,train
sample_00350.jpg,SRC_083,0.0,180.0,55.378885,N-spring,0.25,calibration
sample_00351.jpg,SRC_029,-5.0,180.0,45.485648,N-autumn,0.25,calibration
sample_00352.jpg,SRC_101,5.0,180.0,48.479381,N-winter,0.25,validation
sample_00353.jpg,SRC_157,40.0,180.0,44.22455,N-summer,0.25,calibration
sample_00354.jpg,SRC_126,-20.0,180.0,68.779144,N-summer,0.5,train
sample_00355.jpg,SRC_009,-25.0,180.0,73.827745,N-spring,0.5,train
sample_00356.jpg,SRC_123,0.0,180.0,54.598149,N-autumn,0.5,train
sample_00357.jpg,SRC_076,25.0,180.0,63.632584,N-autumn,0.25,train
sample_00358.jpg,SRC_085,0.0,180.0,39.187341,N-spring,0.25,train
sample_00359.jpg,SRC_013,50.0,180.0,54.051464,N-spring,0.5,train
sample_00360.jpg,SRC_092,5.0,180.0,57.429528,N-autumn,0.25,train
sample_00361.jpg,SRC_109,50.0,180.0,54.137665,N-summer,0.25,validation
sample_00362.jpg,SRC_070,60.0,180.0,58.788969,N-summer,0.5,train
sample_00363.jpg,SRC_026,90.0,0.0,57.238404,N-spring,0.25,calibration
sample_00364.jpg,SRC_115,25.0,180.0,41.8845,N-spring,0.25,train
sample_00365.jpg,SRC_103,-35.0,180.0,57.090396,N-autumn,0.25,train
sample_00366.jpg,SRC_092,5.0,180.0,57.429528,N-autumn,0.25,train
sample_00367.jpg,SRC_111,-35.0,180.0,79.069883,N-spring,1.0,train
sample_00368.jpg,SRC_135,5.0,180.0,41.328761,N-winter,0.5,train
sample_00369.jpg,SRC_102,-10.0,180.0,52.255853,N-spring,0.25,train
sample_00370.jpg,SRC_153,-40.0,180.0,43.960452,N-autumn,0.25,train
sample_00371.jpg,SRC_156,10.0,180.0,48.737382,N-summer,0.25,validation
sample_00372.jpg,SRC_144,-35.0,180.0,76.731052,N-spring,0.5,train
sample_00373.jpg,SRC_027,35.0,180.0,41.369436,N-spring,0.5,train
sample_00374.jpg,SRC_031,-90.0,0.0,62.684336,N-winter,0.5,train
sample_00375.jpg,SRC_052,5.0,180.0,51.705435,N-summer,0.25,train
sample_00376.jpg,SRC_004,30.0,180.0,61.107468,N-autumn,0.5,train
sample_00377.jpg,SRC_099,15.0,180.0,42.024472,N-spring,0.5,train
sample_00378.jpg,SRC_063,25.0,180.0,41.329237,N-spring,0.25,train
sample_00379.jpg,SRC_027,35.0,180.0,41.369436,N-spring,0.5,train
sample_00380.jpg,SRC_104,25.0,180.0,45.102036,N-summer,0.5,validation
sample_00381.jpg,SRC_009,-25.0,180.0,73.827745,N-spring,0.5,train
sample_00382.jpg,SRC_108,-40.0,180.0,68.856247,N-summer,0.5,calibration
sample_00383.jpg,SRC_142,-30.0,180.0,34.276784,N-winter,0.25,train
sample_00384.jpg,SRC_168,90.0,0.0,64.709631,N-summer,0.25,validation
sample_00385.jpg,SRC_170,-20.0,180.0,56.332579,N-autumn,0.25,validation
sample_00386.jpg,SRC_009,-25.0,180.0,73.827745,N-spring,0.5,train
sample_00387.jpg,SRC_139,40.0,180.0,53.533251,N-winter,0.25,train
sample_00388.jpg,SRC_056,-40.0,180.0,74.660587,N-summer,0.5,train
sample_00389.jpg,SRC_066,-10.0,180.0,61.81065,N-summer,0.5,calibration
sample_00390.jpg,SRC_023,-10.0,180.0,50.837437,N-spring,0.25,train
sample_00391.jpg,SRC_130,25.0,180.0,37.507656,N-spring,0.25,train
sample_00392.jpg,SRC_134,-30.0,180.0,69.607895,N-spring,0.5,train
sample_00393.jpg,SRC_002,40.0,180.0,45.868768,N-summer,0.25,train
sample_00394.jpg,SRC_158,-5.0,180.0,35.954137,N-winter,0.25,train
sample_00395.jpg,SRC_040,90.0,0.0,57.651744,N-spring,0.5,train
sample_00396.jpg,SRC_145,-5.0,180.0,52.15166,N-spring,0.25,train
sample_00397.jpg,SRC_125,-5.0,180.0,52.428603,N-spring,0.25,train
sample_00398.jpg,SRC_108,-40.0,180.0,68.856247,N-summer,0.5,calibration
sample_00399.jpg,SRC_142,-30.0,180.0,34.276784,N-winter,0.25,train
sample_00400.jpg,SRC_013,50.0,180.0,54.051464,N-spring,0.5,train
sample_00401.jpg,SRC_099,15.0,180.0,42.024472,N-spring,0.5,train
sample_00402.jpg,SRC_123,0.0,180.0,54.598149,N-autumn,0.5,train
sample_00403.jpg,SRC_137,-5.0,180.0,45.053172,N-spring,0.25,train
sample_00404.jpg,SRC_127,-35.0,180.0,47.507974,N-autumn,0.5,validation
sample_00405.jpg,SRC_114,-10.0,180.0,58.176498,N-autumn,0.5,train
sample_00406.jpg,SRC_111,-35.0,180.0,79.069883,N-spring,1.0,train
sample_00407.jpg,SRC_168,90.0,0.0,64.709631,N-summer,0.25,validation
sample_00408.jpg,SRC_048,-25.0,180.0,61.920556,N-autumn,0.25,calibration
sample_00409.jpg,SRC_091,-40.0,180.0,72.511342,N-summer,0.5,train
sample_00410.jpg,SRC_103,-35.0,180.0,57.090396,N-autumn,0.25,train
sample_00411.jpg,SRC_069,25.0,180.0,48.120522,N-summer,0.5,train
sample_00412.jpg,SRC_114,-10.0,180.0,58.176498,N-autumn,0.5,train
sample_00413.jpg,SRC_050,0.0,180.0,53.680047,N-summer,0.25,calibration
sample_00414.jpg,SRC_030,-25.0,180.0,67.936804,N-spring,0.5,train
sample_00415.jpg,SRC_096,25.0,180.0,40.422288,N-spring,0.25,train
sample_00416.jpg,SRC_005,0.0,180.0,55.846781,N-summer,0.5,validation
sample_00417.jpg,SRC_027,35.0,180.0,41.369436,N-spring,0.5,train
sample_00418.jpg,SRC_080,-25.0,180.0,69.726065,N-summer,0.25,train
sample_00419.jpg,SRC_052,5.0,180.0,51.705435,N-summer,0.25,train
sample_00420.jpg,SRC_123,0.0,180.0,54.598149,N-autumn,0.5,train
sample_00421.jpg,SRC_011,-20.0,180.0,70.371153,N-summer,0.25,train
sample_00422.jpg,SRC_142,-30.0,180.0,34.276784,N-winter,0.25,train
sample_00423.jpg,SRC_158,-5.0,180.0,35.954137,N-winter,0.25,train
sample_00424.jpg,SRC_009,-25.0,180.0,73.827745,N-spring,0.5,train
sample_00425.jpg,SRC_159,20.0,180.0,67.076816,N-autumn,0.25,train
sample_00426.jpg,SRC_107,20.0,180.0,65.68027,N-autumn,0.5,train
sample_00427.jpg,SRC_158,-5.0,180.0,35.954137,N-winter,0.25,train
sample_00428.jpg,SRC_169,40.0,180.0,48.615664,N-summer,0.25,train
sample_00429.jpg,SRC_115,25.0,180.0,41.8845,N-spring,0.25,train
sample_00430.jpg,SRC_016,10.0,180.0,55.552023,N-winter,0.5,calibration
sample_00431.jpg,SRC_096,25.0,180.0,40.422288,N-spring,0.25,train
sample_00432.jpg,SRC_009,-25.0,180.0,73.827745,N-spring,0.5,train
sample_00433.jpg,SRC_158,-5.0,180.0,35.954137,N-winter,0.25,train
sample_00434.jpg,SRC_068,0.0,180.0,56.216196,N-summer,0.25,train
sample_00435.jpg,SRC_100,20.0,180.0,41.506528,N-spring,0.25,train
sample_00436.jpg,SRC_063,25.0,180.0,41.329237,N-spring,0.25,train
sample_00437.jpg,SRC_109,50.0,180.0,54.137665,N-summer,0.25,validation
sample_00438.jpg,SRC_009,-25.0,180.0,73.827745,N-spring,0.5,train
sample_00439.jpg,SRC_046,0.0,180.0,58.061031,N-autumn,0.25,calibration
sample_00440.jpg,SRC_171,-35.0,180.0,63.65778,N-spring,0.25,train
sample_00441.jpg,SRC_170,-20.0,180.0,56.332579,N-autumn,0.25,validation
sample_00442.jpg,SRC_154,0.0,180.0,54.770875,N-summer,0.5,train
sample_00443.jpg,SRC_160,-10.0,180.0,50.604377,N-autumn,0.25,train
sample_00444.jpg,SRC_134,-30.0,180.0,69.607895,N-spring,0.5,train
sample_00445.jpg,SRC_055,-5.0,180.0,57.335076,N-spring,0.25,train
sample_00446.jpg,SRC_067,-15.0,180.0,64.724247,N-spring,0.5,calibration
sample_00447.jpg,SRC_069,25.0,180.0,48.120522,N-summer,0.5,train
sample_00448.jpg,SRC_142,-30.0,180.0,34.276784,N-winter,0.25,train
sample_00449.jpg,SRC_051,20.0,180.0,63.609319,N-autumn,0.5,train
sample_00450.jpg,SRC_114,-10.0,180.0,58.176498,N-autumn,0.5,train
sample_00451.jpg,SRC_091,-40.0,180.0,72.511342,N-summer,0.5,train
sample_00452.jpg,SRC_114,-10.0,180.0,58.176498,N-autumn,0.5,train
sample_00453.jpg,SRC_151,-15.0,180.0,63.408071,N-summer,0.5,validation
sample_00454.jpg,SRC_004,30.0,180.0,61.107468,N-autumn,0.5,train
sample_00455.jpg,SRC_157,40.0,180.0,44.22455,N-summer,0.25,calibration
sample_00456.jpg,SRC_095,-20.0,180.0,56.495654,N-spring,0.5,validation
sample_00457.jpg,SRC_008,25.0,180.0,61.005891,N-autumn,0.25,validation
sample_00458.jpg,SRC_070,60.0,180.0,58.788969,N-summer,0.5,train
sample_00459.jpg,SRC_076,25.0,180.0,63.632584,N-autumn,0.25,train
sample_00460.jpg,SRC_133,-10.0,180.0,48.887369,N-spring,0.5,train
sample_00461.jpg,SRC_061,50.0,180.0,43.110277,N-spring,0.5,train
sample_00462.jpg,SRC_099,15.0,180.0,42.024472,N-spring,0.5,train
sample_00463.jpg,SRC_124,0.0,180.0,51.928413,N-summer,0.25,train
sample_00464.jpg,SRC_070,60.0,180.0,58.788969,N-summer,0.5,train
sample_00465.jpg,SRC_129,20.0,180.0,41.057252,N-spring,0.25,validation
sample_00466.jpg,SRC_071,20.0,180.0,40.070501,N-spring,0.25,train
sample_00467.jpg,SRC_123,0.0,180.0,54.598149,N-autumn,0.5,train
sample_00468.jpg,SRC_171,-35.0,180.0,63.65778,N-spring,0.25,train
sample_00469.jpg,SRC_106,25.0,180.0,40.638999,N-spring,0.5,validation
sample_00470.jpg,SRC_131,10.0,180.0,60.540464,N-autumn,0.5,train
sample_00471.jpg,SRC_076,25.0,180.0,63.632584,N-autumn,0.25,train
sample_00472.jpg,SRC_027,35.0,180.0,41.369436,N-spring,0.5,train
sample_00473.jpg,SRC_067,-15.0,180.0,64.724247,N-spring,0.5,calibration
sample_00474.jpg,SRC_171,-35.0,180.0,63.65778,N-spring,0.25,train
sample_00475.jpg,SRC_124,0.0,180.0,51.928413,N-summer,0.25,train
sample_00476.jpg,SRC_006,-15.0,180.0,65.638079,N-spring,0.5,train
sample_00477.jpg,SRC_004,30.0,180.0,61.107468,N-autumn,0.5,train
sample_00478.jpg,SRC_009,-25.0,180.0,73.827745,N-spring,0.5,train
sample_00479.jpg,SRC_131,10.0,180.0,60.540464,N-autumn,0.5,train
sample_00480.jpg,SRC_011,-20.0,180.0,70.371153,N-summer,0.25,train
sample_00481.jpg,SRC_141,-10.0,180.0,55.206291,N-spring,0.25,train
sample_00482.jpg,SRC_111,-35.0,180.0,79.069883,N-spring,1.0,train
sample_00483.jpg,SRC_029,-5.0,180.0,45.485648,N-autumn,0.25,calibration
sample_00484.jpg,SRC_158,-5.0,180.0,35.954137,N-winter,0.25,train
sample_00485.jpg,SRC_111,-35.0,180.0,79.069883,N-spring,1.0,train
sample_00486.jpg,SRC_002,40.0,180.0,45.868768,N-summer,0.25,train
sample_00487.jpg,SRC_127,-35.0,180.0,47.507974,N-autumn,0.5,validation
sample_00488.jpg,SRC_087,0.0,180.0,54.65824,N-summer,0.25,calibration
sample_00489.jpg,SRC_089,10.0,180.0,48.442522,N-winter,0.25,calibration
sample_00490.jpg,SRC_030,-25.0,180.0,67.936804,N-spring,0.5,train
sample_00491.jpg,SRC_076,25.0,180.0,63.632584,N-autumn,0.25,train
sample_00492.jpg,SRC_082,-10.0,180.0,60.444036,N-spring,0.25,calibration
sample_00493.jpg,SRC_148,-15.0,180.0,49.227137,N-autumn,0.25,train
sample_00494.jpg,SRC_131,10.0,180.0,60.540464,N-autumn,0.5,train
sample_00495.jpg,SRC_149,90.0,0.0,55.701783,N-summer,0.25,train
sample_00496.jpg,SRC_068,0.0,180.0,56.216196,N-summer,0.25,train
sample_00497.jpg,SRC_139,40.0,180.0,53.533251,N-winter,0.25,train
sample_00498.jpg,SRC_103,-35.0,180.0,57.090396,N-autumn,0.25,train
sample_00499.jpg,SRC_124,0.0,180.0,51.928413,N-summer,0.25,train
sample_00500.jpg,SRC_004,30.0,180.0,61.107468,N-autumn,0.5,train
sample_00501.jpg,SRC_127,-35.0,180.0,47.507974,N-autumn,0.5,validation
sample_00502.jpg,SRC_073,45.0,180.0,41.537171,N-spring,0.25,train
sample_00503.jpg,SRC_006,-15.0,180.0,65.638079,N-spring,0.5,train
sample_00504.jpg,SRC_133,-10.0,180.0,48.887369,N-spring,0.5,train
sample_00505.jpg,SRC_071,20.0,180.0,40.070501,N-spring,0.25,train
sample_00506.jpg,SRC_169,40.0,180.0,48.615664,N-summer,0.25,train
sample_00507.jpg,SRC_140,35.0,180.0,44.85556,N-spring,0.25,train
sample_00508.jpg,SRC_013,50.0,180.0,54.051464,N-spring,0.5,train
sample_00509.jpg,SRC_009,-25.0,180.0,73.827745,N-spring,0.5,train
sample_00510.jpg,SRC_116,5.0,180.0,41.203028,N-spring,0.25,calibration
sample_00511.jpg,SRC_037,15.0,180.0,44.468297,N-spring,0.25,train
sample_00512.jpg,SRC_089,10.0,180.0,48.442522,N-winter,0.25,calibration
sample_00513.jpg,SRC_027,35.0,180.0,41.369436,N-spring,0.5,train
sample_00514.jpg,SRC_069,25.0,180.0,48.120522,N-summer,0.5,train
sample_00515.jpg,SRC_169,40.0,180.0,48.615664,N-summer,0.25,train
sample_00516.jpg,SRC_027,35.0,180.0,41.369436,N-spring,0.5,train
sample_00517.jpg,SRC_017,-90.0,0.0,64.6979,N-winter,0.25,train
sample_00518.jpg,SRC_132,5.0,180.0,51.83727,N-summer,0.25,train
sample_00519.jpg,SRC_121,25.0,180.0,67.446292,N-autumn,0.5,train
sample_00520.jpg,SRC_051,20.0,180.0,63.609319,N-autumn,0.5,train
sample_00521.jpg,SRC_001,-5.0,180.0,51.987197,N-spring,0.5,train
sample_00522.jpg,SRC_084,-10.0,180.0,58.957849,N-summer,0.25,train
sample_00523.jpg,SRC_081,-90.0,0.0,74.772433,N-autumn,0.25,calibration
sample_00524.jpg,SRC_066,-10.0,180.0,61.81065,N-summer,0.5,calibration
sample_00525.jpg,SRC_129,20.0,180.0,41.057252,N-spring,0.25,validation
sample_00526.jpg,SRC_156,10.0,180.0,48.737382,N-summer,0.25,validation
sample_00527.jpg,SRC_013,50.0,180.0,54.051464,N-spring,0.5,train
sample_00528.jpg,SRC_004,30.0,180.0,61.107468,N-autumn,0.5,train
sample_00529.jpg,SRC_007,20.0,180.0,49.485932,N-winter,0.25,validation
sample_00530.jpg,SRC_171,-35.0,180.0,63.65778,N-spring,0.25,train
sample_00531.jpg,SRC_098,-45.0,180.0,70.730178,N-summer,0.25,train
sample_00532.jpg,SRC_165,10.0,180.0,42.451267,N-winter,0.25,train
sample_00533.jpg,SRC_129,20.0,180.0,41.057252,N-spring,0.25,validation
sample_00534.jpg,SRC_097,0.0,180.0,35.318175,N-winter,0.25,train
sample_00535.jpg,SRC_094,20.0,180.0,66.934532,N-autumn,0.25,train
sample_00536.jpg,SRC_065,30.0,180.0,68.700871,N-winter,0.5,train
sample_00537.jpg,SRC_009,-25.0,180.0,73.827745,N-spring,0.5,train
sample_00538.jpg,SRC_107,20.0,180.0,65.68027,N-autumn,0.5,train
sample_00539.jpg,SRC_038,-15.0,180.0,32.097448,N-winter,0.25,train
sample_00540.jpg,SRC_146,10.0,180.0,58.0428,N-summer,0.5,train
sample_00541.jpg,SRC_006,-15.0,180.0,65.638079,N-spring,0.5,train
sample_00542.jpg,SRC_030,-25.0,180.0,67.936804,N-spring,0.5,train
sample_00543.jpg,SRC_048,-25.0,180.0,61.920556,N-autumn,0.25,calibration
sample_00544.jpg,SRC_004,30.0,180.0,61.107468,N-autumn,0.5,train
sample_00545.jpg,SRC_061,50.0,180.0,43.110277,N-spring,0.5,train
sample_00546.jpg,SRC_156,10.0,180.0,48.737382,N-summer,0.25,validation
sample_00547.jpg,SRC_158,-5.0,180.0,35.954137,N-winter,0.25,train
sample_00548.jpg,SRC_020,35.0,180.0,42.075965,N-summer,0.25,calibration
sample_00549.jpg,SRC_151,-15.0,180.0,63.408071,N-summer,0.5,validation
sample_00550.jpg,SRC_022,20.0,180.0,41.513642,N-spring,0.25,train
sample_00551.jpg,SRC_087,0.0,180.0,54.65824,N-summer,0.25,calibration
sample_00552.jpg,SRC_154,0.0,180.0,54.770875,N-summer,0.5,train
sample_00553.jpg,SRC_158,-5.0,180.0,35.954137,N-winter,0.25,train
sample_00554.jpg,SRC_108,-40.0,180.0,68.856247,N-summer,0.5,calibration
sample_00555.jpg,SRC_009,-25.0,180.0,73.827745,N-spring,0.5,train
sample_00556.jpg,SRC_168,90.0,0.0,64.709631,N-summer,0.25,validation
sample_00557.jpg,SRC_126,-20.0,180.0,68.779144,N-summer,0.5,train
sample_00558.jpg,SRC_158,-5.0,180.0,35.954137,N-winter,0.25,train
sample_00559.jpg,SRC_087,0.0,180.0,54.65824,N-summer,0.25,calibration
sample_00560.jpg,SRC_009,-25.0,180.0,73.827745,N-spring,0.5,train
sample_00561.jpg,SRC_091,-40.0,180.0,72.511342,N-summer,0.5,train
sample_00562.jpg,SRC_050,0.0,180.0,53.680047,N-summer,0.25,calibration
sample_00563.jpg,SRC_153,-40.0,180.0,43.960452,N-autumn,0.25,train
sample_00564.jpg,SRC_062,45.0,180.0,81.508965,N-autumn,0.5,train
sample_00565.jpg,SRC_092,5.0,180.0,57.429528,N-autumn,0.25,train
sample_00566.jpg,SRC_091,-40.0,180.0,72.511342,N-summer,0.5,train
sample_00567.jpg,SRC_084,-10.0,180.0,58.957849,N-summer,0.25,train
sample_00568.jpg,SRC_087,0.0,180.0,54.65824,N-summer,0.25,calibration
sample_00569.jpg,SRC_076,25.0,180.0,63.632584,N-autumn,0.25,train
sample_00570.jpg,SRC_103,-35.0,180.0,57.090396,N-autumn,0.25,train
sample_00571.jpg,SRC_040,90.0,0.0,57.651744,N-spring,0.5,train
sample_00572.jpg,SRC_114,-10.0,180.0,58.176498,N-autumn,0.5,train
sample_00573.jpg,SRC_037,15.0,180.0,44.468297,N-spring,0.25,train
sample_00574.jpg,SRC_003,0.0,180.0,38.090051,N-spring,0.25,validation
sample_00575.jpg,SRC_146,10.0,180.0,58.0428,N-summer,0.5,train
sample_00576.jpg,SRC_047,0.0,180.0,48.028677,N-spring,0.5,validation
sample_00577.jpg,SRC_095,-20.0,180.0,56.495654,N-spring,0.5,validation
sample_00578.jpg,SRC_109,50.0,180.0,54.137665,N-summer,0.25,validation
sample_00579.jpg,SRC_052,5.0,180.0,51.705435,N-summer,0.25,train
sample_00580.jpg,SRC_037,15.0,180.0,44.468297,N-spring,0.25,train
sample_00581.jpg,SRC_056,-40.0,180.0,74.660587,N-summer,0.5,train
sample_00582.jpg,SRC_033,45.0,180.0,66.067561,N-summer,0.25,train
sample_00583.jpg,SRC_112,-30.0,180.0,67.516648,N-spring,0.5,train
sample_00584.jpg,SRC_058,30.0,180.0,69.060883,N-autumn,0.5,train
sample_00585.jpg,SRC_116,5.0,180.0,41.203028,N-spring,0.25,calibration
sample_00586.jpg,SRC_074,0.0,180.0,50.25459,N-spring,0.5,train
sample_00587.jpg,SRC_165,10.0,180.0,42.451267,N-winter,0.25,train
sample_00588.jpg,SRC_089,10.0,180.0,48.442522,N-winter,0.25,calibration
sample_00589.jpg,SRC_071,20.0,180.0,40.070501,N-spring,0.25,train
sample_00590.jpg,SRC_075,-90.0,0.0,65.329336,N-winter,0.25,train
sample_00591.jpg,SRC_118,35.0,180.0,49.493581,N-summer,0.25,train
sample_00592.jpg,SRC_091,-40.0,180.0,72.511342,N-summer,0.5,train
sample_00593.jpg,SRC_050,0.0,180.0,53.680047,N-summer,0.25,calibration
sample_00594.jpg,SRC_154,0.0,180.0,54.770875,N-summer,0.5,train
sample_00595.jpg,SRC_096,25.0,180.0,40.422288,N-spring,0.25,train
sample_00596.jpg,SRC_067,-15.0,180.0,64.724247,N-spring,0.5,calibration
sample_00597.jpg,SRC_022,20.0,180.0,41.513642,N-spring,0.25,train
sample_00598.jpg,SRC_040,90.0,0.0,57.651744,N-spring,0.5,train
sample_00599.jpg,SRC_024,10.0,180.0,53.725813,N-summer,0.25,calibration
sample_00600.jpg,SRC_041,15.0,180.0,46.712049,N-summer,0.25,validation
sample_00601.jpg,SRC_021,-90.0,0.0,68.040851,N-autumn,0.5,train
sample_00602.jpg,SRC_030,-25.0,180.0,67.936804,N-spring,0.5,train
sample_00603.jpg,SRC_170,-20.0,180.0,56.332579,N-autumn,0.25,validation
sample_00604.jpg,SRC_148,-15.0,180.0,49.227137,N-autumn,0.25,train
sample_00605.jpg,SRC_009,-25.0,180.0,73.827745,N-spring,0.5,train
sample_00606.jpg,SRC_083,0.0,180.0,55.378885,N-spring,0.25,calibration
sample_00607.jpg,SRC_087,0.0,180.0,54.65824,N-summer,0.25,calibration
sample_00608.jpg,SRC_099,15.0,180.0,42.024472,N-spring,0.5,train
sample_00609.jpg,SRC_026,90.0,0.0,57.238404,N-spring,0.25,calibration
sample_00610.jpg,SRC_037,15.0,180.0,44.468297,N-spring,0.25,train
sample_00611.jpg,SRC_156,10.0,180.0,48.737382,N-summer,0.25,validation
sample_00612.jpg,SRC_103,-35.0,180.0,57.090396,N-autumn,0.25,train
sample_00613.jpg,SRC_108,-40.0,180.0,68.856247,N-summer,0.5,calibration
sample_00614.jpg,SRC_158,-5.0,180.0,35.954137,N-winter,0.25,train
sample_00615.jpg,SRC_146,10.0,180.0,58.0428,N-summer,0.5,train
sample_00616.jpg,SRC_171,-35.0,180.0,63.65778,N-spring,0.25,train
sample_00617.jpg,SRC_107,20.0,180.0,65.68027,N-autumn,0.5,train
sample_00618.jpg,SRC_135,5.0,180.0,41.328761,N-winter,0.5,train
sample_00619.jpg,SRC_114,-10.0,180.0,58.176498,N-autumn,0.5,train
sample_00620.jpg,SRC_058,30.0,180.0,69.060883,N-autumn,0.5,train
sample_00621.jpg,SRC_157,40.0,180.0,44.22455,N-summer,0.25,calibration
sample_00622.jpg,SRC_006,-15.0,180.0,65.638079,N-spring,0.5,train
sample_00623.jpg,SRC_102,-10.0,180.0,52.255853,N-spring,0.25,train
sample_00624.jpg,SRC_007,20.0,180.0,49.485932,N-winter,0.25,validation
sample_00625.jpg,SRC_041,15.0,180.0,46.712049,N-summer,0.25,validation
sample_00626.jpg,SRC_146,10.0,180.0,58.0428,N-summer,0.5,train
sample_00627.jpg,SRC_096,25.0,180.0,40.422288,N-spring,0.25,train
sample_00628.jpg,SRC_013,50.0,180.0,54.051464,N-spring,0.5,train
sample_00629.jpg,SRC_074,0.0,180.0,50.25459,N-spring,0.5,train
sample_00630.jpg,SRC_112,-30.0,180.0,67.516648,N-spring,0.5,train
sample_00631.jpg,SRC_008,25.0,180.0,61.005891,N-autumn,0.25,validation
sample_00632.jpg,SRC_004,30.0,180.0,61.107468,N-autumn,0.5,train
sample_00633.jpg,SRC_099,15.0,180.0,42.024472,N-spring,0.5,train
sample_00634.jpg,SRC_091,-40.0,180.0,72.511342,N-summer,0.5,train
sample_00635.jpg,SRC_139,40.0,180.0,53.533251,N-winter,0.25,train
sample_00636.jpg,SRC_151,-15.0,180.0,63.408071,N-summer,0.5,validation
sample_00637.jpg,SRC_142,-30.0,180.0,34.276784,N-winter,0.25,train
sample_00638.jpg,SRC_141,-10.0,180.0,55.206291,N-spring,0.25,train
sample_00639.jpg,SRC_042,10.0,180.0,36.92431,N-spring,0.5,calibration
sample_00640.jpg,SRC_067,-15.0,180.0,64.724247,N-spring,0.5,calibration
sample_00641.jpg,SRC_013,50.0,180.0,54.051464,N-spring,0.5,train
sample_00642.jpg,SRC_013,50.0,180.0,54.051464,N-spring,0.5,train
sample_00643.jpg,SRC_171,-35.0,180.0,63.65778,N-spring,0.25,train
sample_00644.jpg,SRC_145,-5.0,180.0,52.15166,N-spring,0.25,train
sample_00645.jpg,SRC_126,-20.0,180.0,68.779144,N-summer,0.5,train
sample_00646.jpg,SRC_071,20.0,180.0,40.070501,N-spring,0.25,train
sample_00647.jpg,SRC_095,-20.0,180.0,56.495654,N-spring,0.5,validation
sample_00648.jpg,SRC_126,-20.0,180.0,68.779144,N-summer,0.5,train
sample_00649.jpg,SRC_170,-20.0,180.0,56.332579,N-autumn,0.25,validation
sample_00650.jpg,SRC_125,-5.0,180.0,52.428603,N-spring,0.25,train
sample_00651.jpg,SRC_007,20.0,180.0,49.485932,N-winter,0.25,validation
sample_00652.jpg,SRC_171,-35.0,180.0,63.65778,N-spring,0.25,train
sample_00653.jpg,SRC_144,-35.0,180.0,76.731052,N-spring,0.5,train
sample_00654.jpg,SRC_021,-90.0,0.0,68.040851,N-autumn,0.5,train
sample_00655.jpg,SRC_014,-40.0,180.0,38.480327,N-winter,0.25,train
sample_00656.jpg,SRC_084,-10.0,180.0,58.957849,N-summer,0.25,train
sample_00657.jpg,SRC_042,10.0,180.0,36.92431,N-spring,0.5,calibration
sample_00658.jpg,SRC_015,20.0,180.0,46.484204,N-summer,0.25,train
sample_00659.jpg,SRC_170,-20.0,180.0,56.332579,N-autumn,0.25,validation
sample_00660.jpg,SRC_124,0.0,180.0,51.928413,N-summer,0.25,train
sample_00661.jpg,SRC_065,30.0,180.0,68.700871,N-winter,0.5,train
sample_00662.jpg,SRC_063,25.0,180.0,41.329237,N-spring,0.25,train
sample_00663.jpg,SRC_158,-5.0,180.0,35.954137,N-winter,0.25,train
sample_00664.jpg,SRC_084,-10.0,180.0,58.957849,N-summer,0.25,train
sample_00665.jpg,SRC_007,20.0,180.0,49.485932,N-winter,0.25,validation
sample_00666.jpg,SRC_134,-30.0,180.0,69.607895,N-spring,0.5,train
sample_00667.jpg,SRC_069,25.0,180.0,48.120522,N-summer,0.5,train
sample_00668.jpg,SRC_151,-15.0,180.0,63.408071,N-summer,0.5,validation
sample_00669.jpg,SRC_150,10.0,180.0,50.798821,N-summer,0.5,train
sample_00670.jpg,SRC_022,20.0,180.0,41.513642,N-spring,0.25,train
sample_00671.jpg,SRC_149,90.0,0.0,55.701783,N-summer,0.25,train
sample_00672.jpg,SRC_052,5.0,180.0,51.705435,N-summer,0.25,train
sample_00673.jpg,SRC_009,-25.0,180.0,73.827745,N-spring,0.5,train
sample_00674.jpg,SRC_011,-20.0,180.0,70.371153,N-summer,0.25,train
sample_00675.jpg,SRC_030,-25.0,180.0,67.936804,N-spring,0.5,train
sample_00676.jpg,SRC_018,-90.0,0.0,67.882485,N-winter,0.25,train
sample_00677.jpg,SRC_109,50.0,180.0,54.137665,N-summer,0.25,validation
sample_00678.jpg,SRC_013,50.0,180.0,54.051464,N-spring,0.5,train
sample_00679.jpg,SRC_139,40.0,180.0,53.533251,N-winter,0.25,train
sample_00680.jpg,SRC_065,30.0,180.0,68.700871,N-winter,0.5,train
sample_00681.jpg,SRC_049,5.0,180.0,42.94902,N-spring,0.25,train
sample_00682.jpg,SRC_111,-35.0,180.0,79.069883,N-spring,1.0,train
sample_00683.jpg,SRC_087,0.0,180.0,54.65824,N-summer,0.25,calibration
sample_00684.jpg,SRC_142,-30.0,180.0,34.276784,N-winter,0.25,train
sample_00685.jpg,SRC_075,-90.0,0.0,65.329336,N-winter,0.25,train
sample_00686.jpg,SRC_111,-35.0,180.0,79.069883,N-spring,1.0,train
sample_00687.jpg,SRC_058,30.0,180.0,69.060883,N-autumn,0.5,train
sample_00688.jpg,SRC_043,10.0,180.0,50.433279,N-summer,0.5,train
sample_00689.jpg,SRC_116,5.0,180.0,41.203028,N-spring,0.25,calibration
sample_00690.jpg,SRC_072,15.0,180.0,46.966801,N-winter,0.25,train
sample_00691.jpg,SRC_040,90.0,0.0,57.651744,N-spring,0.5,train
sample_00692.jpg,SRC_026,90.0,0.0,57.238404,N-spring,0.25,calibration
sample_00693.jpg,SRC_009,-25.0,180.0,73.827745,N-spring,0.5,train
sample_00694.jpg,SRC_063,25.0,180.0,41.329237,N-spring,0.25,train
sample_00695.jpg,SRC_103,-35.0,180.0,57.090396,N-autumn,0.25,train
sample_00696.jpg,SRC_107,20.0,180.0,65.68027,N-autumn,0.5,train
sample_00697.jpg,SRC_139,40.0,180.0,53.533251,N-winter,0.25,train
sample_00698.jpg,SRC_108,-40.0,180.0,68.856247,N-summer,0.5,calibration
sample_00699.jpg,SRC_011,-20.0,180.0,70.371153,N-summer,0.25,train
sample_00700.jpg,SRC_041,15.0,180.0,46.712049,N-summer,0.25,validation
sample_00701.jpg,SRC_009,-25.0,180.0,73.827745,N-spring,0.5,train
sample_00702.jpg,SRC_159,20.0,180.0,67.076816,N-autumn,0.25,train
sample_00703.jpg,SRC_121,25.0,180.0,67.446292,N-autumn,0.5,train
sample_00704.jpg,SRC_158,-5.0,180.0,35.954137,N-winter,0.25,train
sample_00705.jpg,SRC_108,-40.0,180.0,68.856247,N-summer,0.5,calibration
sample_00706.jpg,SRC_145,-5.0,180.0,52.15166,N-spring,0.25,train
sample_00707.jpg,SRC_091,-40.0,180.0,72.511342,N-summer,0.5,train
sample_00708.jpg,SRC_024,10.0,180.0,53.725813,N-summer,0.25,calibration
sample_00709.jpg,SRC_154,0.0,180.0,54.770875,N-summer,0.5,train
sample_00710.jpg,SRC_153,-40.0,180.0,43.960452,N-autumn,0.25,train
sample_00711.jpg,SRC_097,0.0,180.0,35.318175,N-winter,0.25,train
sample_00712.jpg,SRC_111,-35.0,180.0,79.069883,N-spring,1.0,train
sample_00713.jpg,SRC_072,15.0,180.0,46.966801,N-winter,0.25,train
sample_00714.jpg,SRC_091,-40.0,180.0,72.511342,N-summer,0.5,train
sample_00715.jpg,SRC_065,30.0,180.0,68.700871,N-winter,0.5,train
sample_00716.jpg,SRC_169,40.0,180.0,48.615664,N-summer,0.25,train
sample_00717.jpg,SRC_124,0.0,180.0,51.928413,N-summer,0.25,train
sample_00718.jpg,SRC_090,50.0,180.0,47.196626,N-summer,0.25,train
sample_00719.jpg,SRC_116,5.0,180.0,41.203028,N-spring,0.25,calibration
sample_00720.jpg,SRC_081,-90.0,0.0,74.772433,N-autumn,0.25,calibration
sample_00721.jpg,SRC_084,-10.0,180.0,58.957849,N-summer,0.25,train
sample_00722.jpg,SRC_168,90.0,0.0,64.709631,N-summer,0.25,validation
sample_00723.jpg,SRC_075,-90.0,0.0,65.329336,N-winter,0.25,train
sample_00724.jpg,SRC_082,-10.0,180.0,60.444036,N-spring,0.25,calibration
sample_00725.jpg,SRC_023,-10.0,180.0,50.837437,N-spring,0.25,train
sample_00726.jpg,SRC_157,40.0,180.0,44.22455,N-summer,0.25,calibration
sample_00727.jpg,SRC_009,-25.0,180.0,73.827745,N-spring,0.5,train
sample_00728.jpg,SRC_047,0.0,180.0,48.028677,N-spring,0.5,validation
sample_00729.jpg,SRC_164,20.0,180.0,59.226879,N-autumn,0.25,train
sample_00730.jpg,SRC_081,-90.0,0.0,74.772433,N-autumn,0.25,calibration
sample_00731.jpg,SRC_009,-25.0,180.0,73.827745,N-spring,0.5,train
sample_00732.jpg,SRC_106,25.0,180.0,40.638999,N-spring,0.5,validation
sample_00733.jpg,SRC_109,50.0,180.0,54.137665,N-summer,0.25,validation
sample_00734.jpg,SRC_006,-15.0,180.0,65.638079,N-spring,0.5,train
sample_00735.jpg,SRC_108,-40.0,180.0,68.856247,N-summer,0.5,calibration
sample_00736.jpg,SRC_068,0.0,180.0,56.216196,N-summer,0.25,train
sample_00737.jpg,SRC_108,-40.0,180.0,68.856247,N-summer,0.5,calibration
sample_00738.jpg,SRC_148,-15.0,180.0,49.227137,N-autumn,0.25,train
sample_00739.jpg,SRC_067,-15.0,180.0,64.724247,N-spring,0.5,calibration
sample_00740.jpg,SRC_150,10.0,180.0,50.798821,N-summer,0.5,train
sample_00741.jpg,SRC_009,-25.0,180.0,73.827745,N-spring,0.5,train
sample_00742.jpg,SRC_047,0.0,180.0,48.028677,N-spring,0.5,validation
sample_00743.jpg,SRC_127,-35.0,180.0,47.507974,N-autumn,0.5,validation
sample_00744.jpg,SRC_104,25.0,180.0,45.102036,N-summer,0.5,validation
sample_00745.jpg,SRC_064,90.0,0.0,60.573524,N-spring,0.25,train
sample_00746.jpg,SRC_074,0.0,180.0,50.25459,N-spring,0.5,train
sample_00747.jpg,SRC_035,0.0,180.0,56.990187,N-autumn,0.25,train
sample_00748.jpg,SRC_004,30.0,180.0,61.107468,N-autumn,0.5,train
sample_00749.jpg,SRC_151,-15.0,180.0,63.408071,N-summer,0.5,validation
sample_00750.jpg,SRC_051,20.0,180.0,63.609319,N-autumn,0.5,train
sample_00751.jpg,SRC_009,-25.0,180.0,73.827745,N-spring,0.5,train
sample_00752.jpg,SRC_125,-5.0,180.0,52.428603,N-spring,0.25,train
sample_00753.jpg,SRC_135,5.0,180.0,41.328761,N-winter,0.5,train
sample_00754.jpg,SRC_049,5.0,180.0,42.94902,N-spring,0.25,train
sample_00755.jpg,SRC_102,-10.0,180.0,52.255853,N-spring,0.25,train
sample_00756.jpg,SRC_156,10.0,180.0,48.737382,N-summer,0.25,validation
sample_00757.jpg,SRC_030,-25.0,180.0,67.936804,N-spring,0.5,train
sample_00758.jpg,SRC_068,0.0,180.0,56.216196,N-summer,0.25,train
sample_00759.jpg,SRC_139,40.0,180.0,53.533251,N-winter,0.25,train
sample_00760.jpg,SRC_097,0.0,180.0,35.318175,N-winter,0.25,train
sample_00761.jpg,SRC_063,25.0,180.0,41.329237,N-spring,0.25,train
sample_00762.jpg,SRC_114,-10.0,180.0,58.176498,N-autumn,0.5,train
sample_00763.jpg,SRC_153,-40.0,180.0,43.960452,N-autumn,0.25,train
sample_00764.jpg,SRC_041,15.0,180.0,46.712049,N-summer,0.25,validation
sample_00765.jpg,SRC_027,35.0,180.0,41.369436,N-spring,0.5,train
sample_00766.jpg,SRC_056,-40.0,180.0,74.660587,N-summer,0.5,train
sample_00767.jpg,SRC_013,50.0,180.0,54.051464,N-spring,0.5,train
sample_00768.jpg,SRC_113,-35.0,180.0,36.668707,N-winter,0.25,train
sample_00769.jpg,SRC_001,-5.0,180.0,51.987197,N-spring,0.5,train
sample_00770.jpg,SRC_164,20.0,180.0,59.226879,N-autumn,0.25,train
sample_00771.jpg,SRC_165,10.0,180.0,42.451267,N-winter,0.25,train
sample_00772.jpg,SRC_087,0.0,180.0,54.65824,N-summer,0.25,calibration
sample_00773.jpg,SRC_011,-20.0,180.0,70.371153,N-summer,0.25,train
sample_00774.jpg,SRC_113,-35.0,180.0,36.668707,N-winter,0.25,train
sample_00775.jpg,SRC_076,25.0,180.0,63.632584,N-autumn,0.25,train
sample_00776.jpg,SRC_107,20.0,180.0,65.68027,N-autumn,0.5,train
sample_00777.jpg,SRC_027,35.0,180.0,41.369436,N-spring,0.5,train
sample_00778.jpg,SRC_111,-35.0,180.0,79.069883,N-spring,1.0,train
sample_00779.jpg,SRC_165,10.0,180.0,42.451267,N-winter,0.25,train
sample_00780.jpg,SRC_115,25.0,180.0,41.8845,N-spring,0.25,train
sample_00781.jpg,SRC_146,10.0,180.0,58.0428,N-summer,0.5,train
sample_00782.jpg,SRC_116,5.0,180.0,41.203028,N-spring,0.25,calibration
sample_00783.jpg,SRC_076,25.0,180.0,63.632584,N-autumn,0.25,train
sample_00784.jpg,SRC_106,25.0,180.0,40.638999,N-spring,0.5,validation
sample_00785.jpg,SRC_106,25.0,180.0,40.638999,N-spring,0.5,validation
sample_00786.jpg,SRC_126,-20.0,180.0,68.779144,N-summer,0.5,train
sample_00787.jpg,SRC_061,50.0,180.0,43.110277,N-spring,0.5,train
sample_00788.jpg,SRC_099,15.0,180.0,42.024472,N-spring,0.5,train
sample_00789.jpg,SRC_063,25.0,180.0,41.329237,N-spring,0.25,train
sample_00790.jpg,SRC_168,90.0,0.0,64.709631,N-summer,0.25,validation
sample_00791.jpg,SRC_109,50.0,180.0,54.137665,N-summer,0.25,validation
sample_00792.jpg,SRC_064,90.0,0.0,60.573524,N-spring,0.25,train
sample_00793.jpg,SRC_113,-35.0,180.0,36.668707,N-winter,0.25,train
sample_00794.jpg,SRC_148,-15.0,180.0,49.227137,N-autumn,0.25,train
sample_00795.jpg,SRC_061,50.0,180.0,43.110277,N-spring,0.5,train
sample_00796.jpg,SRC_042,10.0,180.0,36.92431,N-spring,0.5,calibration
sample_00797.jpg,SRC_004,30.0,180.0,61.107468,N-autumn,0.5,train
sample_00798.jpg,SRC_095,-20.0,180.0,56.495654,N-spring,0.5,validation
sample_00799.jpg,SRC_073,45.0,180.0,41.537171,N-spring,0.25,train
sample_00800.jpg,SRC_042,10.0,180.0,36.92431,N-spring,0.5,calibration
sample_00801.jpg,SRC_159,20.0,180.0,67.076816,N-autumn,0.25,train
sample_00802.jpg,SRC_075,-90.0,0.0,65.329336,N-winter,0.25,train
sample_00803.jpg,SRC_080,-25.0,180.0,69.726065,N-summer,0.25,train
sample_00804.jpg,SRC_142,-30.0,180.0,34.276784,N-winter,0.25,train
sample_00805.jpg,SRC_157,40.0,180.0,44.22455,N-summer,0.25,calibration
sample_00806.jpg,SRC_073,45.0,180.0,41.537171,N-spring,0.25,train
sample_00807.jpg,SRC_020,35.0,180.0,42.075965,N-summer,0.25,calibration
sample_00808.jpg,SRC_056,-40.0,180.0,74.660587,N-summer,0.5,train
sample_00809.jpg,SRC_013,50.0,180.0,54.051464,N-spring,0.5,train
sample_00810.jpg,SRC_051,20.0,180.0,63.609319,N-autumn,0.5,train
sample_00811.jpg,SRC_051,20.0,180.0,63.609319,N-autumn,0.5,train
sample_00812.jpg,SRC_108,-40.0,180.0,68.856247,N-summer,0.5,calibration
sample_00813.jpg,SRC_040,90.0,0.0,57.651744,N-spring,0.5,train
sample_00814.jpg,SRC_136,-35.0,180.0,76.922409,N-spring,0.5,train
sample_00815.jpg,SRC_092,5.0,180.0,57.429528,N-autumn,0.25,train
sample_00816.jpg,SRC_095,-20.0,180.0,56.495654,N-spring,0.5,validation
sample_00817.jpg,SRC_095,-20.0,180.0,56.495654,N-spring,0.5,validation
sample_00818.jpg,SRC_100,20.0,180.0,41.506528,N-spring,0.25,train
sample_00819.jpg,SRC_040,90.0,0.0,57.651744,N-spring,0.5,train
sample_00820.jpg,SRC_041,15.0,180.0,46.712049,N-summer,0.25,validation
sample_00821.jpg,SRC_088,0.0,180.0,53.004483,N-summer,0.25,train
sample_00822.jpg,SRC_111,-35.0,180.0,79.069883,N-spring,1.0,train
sample_00823.jpg,SRC_144,-35.0,180.0,76.731052,N-spring,0.5,train
sample_00824.jpg,SRC_067,-15.0,180.0,64.724247,N-spring,0.5,calibration
sample_00825.jpg,SRC_153,-40.0,180.0,43.960452,N-autumn,0.25,train
sample_00826.jpg,SRC_109,50.0,180.0,54.137665,N-summer,0.25,validation
sample_00827.jpg,SRC_023,-10.0,180.0,50.837437,N-spring,0.25,train
sample_00828.jpg,SRC_077,-5.0,180.0,34.299081,N-winter,0.25,train
sample_00829.jpg,SRC_115,25.0,180.0,41.8845,N-spring,0.25,train
sample_00830.jpg,SRC_121,25.0,180.0,67.446292,N-autumn,0.5,train
sample_00831.jpg,SRC_108,-40.0,180.0,68.856247,N-summer,0.5,calibration
sample_00832.jpg,SRC_003,0.0,180.0,38.090051,N-spring,0.25,validation
sample_00833.jpg,SRC_074,0.0,180.0,50.25459,N-spring,0.5,train
sample_00834.jpg,SRC_037,15.0,180.0,44.468297,N-spring,0.25,train
sample_00835.jpg,SRC_095,-20.0,180.0,56.495654,N-spring,0.5,validation
sample_00836.jpg,SRC_093,-25.0,180.0,43.343655,N-autumn,0.5,calibration
sample_00837.jpg,SRC_098,-45.0,180.0,70.730178,N-summer,0.25,train
sample_00838.jpg,SRC_031,-90.0,0.0,62.684336,N-winter,0.5,train
sample_00839.jpg,SRC_076,25.0,180.0,63.632584,N-autumn,0.25,train
sample_00840.jpg,SRC_154,0.0,180.0,54.770875,N-summer,0.5,train
sample_00841.jpg,SRC_030,-25.0,180.0,67.936804,N-spring,0.5,train
sample_00842.jpg,SRC_076,25.0,180.0,63.632584,N-autumn,0.25,train
sample_00843.jpg,SRC_153,-40.0,180.0,43.960452,N-autumn,0.25,train
sample_00844.jpg,SRC_028,10.0,180.0,42.894848,N-spring,0.25,calibration
sample_00845.jpg,SRC_157,40.0,180.0,44.22455,N-summer,0.25,calibration
sample_00846.jpg,SRC_017,-90.0,0.0,64.6979,N-winter,0.25,train
sample_00847.jpg,SRC_041,15.0,180.0,46.712049,N-summer,0.25,validation
sample_00848.jpg,SRC_047,0.0,180.0,48.028677,N-spring,0.5,validation
sample_00849.jpg,SRC_022,20.0,180.0,41.513642,N-spring,0.25,train
sample_00850.jpg,SRC_013,50.0,180.0,54.051464,N-spring,0.5,train
sample_00851.jpg,SRC_151,-15.0,180.0,63.408071,N-summer,0.5,validation
sample_00852.jpg,SRC_115,25.0,180.0,41.8845,N-spring,0.25,train
sample_00853.jpg,SRC_108,-40.0,180.0,68.856247,N-summer,0.5,calibration
sample_00854.jpg,SRC_111,-35.0,180.0,79.069883,N-spring,1.0,train
sample_00855.jpg,SRC_062,45.0,180.0,81.508965,N-autumn,0.5,train
sample_00856.jpg,SRC_159,20.0,180.0,67.076816,N-autumn,0.25,train
sample_00857.jpg,SRC_149,90.0,0.0,55.701783,N-summer,0.25,train
sample_00858.jpg,SRC_148,-15.0,180.0,49.227137,N-autumn,0.25,train
sample_00859.jpg,SRC_151,-15.0,180.0,63.408071,N-summer,0.5,validation
sample_00860.jpg,SRC_156,10.0,180.0,48.737382,N-summer,0.25,validation
sample_00861.jpg,SRC_115,25.0,180.0,41.8845,N-spring,0.25,train
sample_00862.jpg,SRC_005,0.0,180.0,55.846781,N-summer,0.5,validation
sample_00863.jpg,SRC_144,-35.0,180.0,76.731052,N-spring,0.5,train
sample_00864.jpg,SRC_093,-25.0,180.0,43.343655,N-autumn,0.5,calibration
sample_00865.jpg,SRC_168,90.0,0.0,64.709631,N-summer,0.25,validation
sample_00866.jpg,SRC_044,-90.0,0.0,81.862162,N-autumn,0.5,train
sample_00867.jpg,SRC_170,-20.0,180.0,56.332579,N-autumn,0.25,validation
sample_00868.jpg,SRC_066,-10.0,180.0,61.81065,N-summer,0.5,calibration
sample_00869.jpg,SRC_171,-35.0,180.0,63.65778,N-spring,0.25,train
sample_00870.jpg,SRC_091,-40.0,180.0,72.511342,N-summer,0.5,train
sample_00871.jpg,SRC_153,-40.0,180.0,43.960452,N-autumn,0.25,train
sample_00872.jpg,SRC_041,15.0,180.0,46.712049,N-summer,0.25,validation
sample_00873.jpg,SRC_124,0.0,180.0,51.928413,N-summer,0.25,train
sample_00874.jpg,SRC_095,-20.0,180.0,56.495654,N-spring,0.5,validation
sample_00875.jpg,SRC_109,50.0,180.0,54.137665,N-summer,0.25,validation
sample_00876.jpg,SRC_040,90.0,0.0,57.651744,N-spring,0.5,train
sample_00877.jpg,SRC_082,-10.0,180.0,60.444036,N-spring,0.25,calibration
sample_00878.jpg,SRC_121,25.0,180.0,67.446292,N-autumn,0.5,train
sample_00879.jpg,SRC_158,-5.0,180.0,35.954137,N-winter,0.25,train
sample_00880.jpg,SRC_102,-10.0,180.0,52.255853,N-spring,0.25,train
sample_00881.jpg,SRC_059,15.0,180.0,48.046698,N-summer,0.25,train
sample_00882.jpg,SRC_108,-40.0,180.0,68.856247,N-summer,0.5,calibration
sample_00883.jpg,SRC_109,50.0,180.0,54.137665,N-summer,0.25,validation
sample_00884.jpg,SRC_013,50.0,180.0,54.051464,N-spring,0.5,train
sample_00885.jpg,SRC_009,-25.0,180.0,73.827745,N-spring,0.5,train
sample_00886.jpg,SRC_067,-15.0,180.0,64.724247,N-spring,0.5,calibration
sample_00887.jpg,SRC_125,-5.0,180.0,52.428603,N-spring,0.25,train
sample_00888.jpg,SRC_011,-20.0,180.0,70.371153,N-summer,0.25,train
sample_00889.jpg,SRC_170,-20.0,180.0,56.332579,N-autumn,0.25,validation
sample_00890.jpg,SRC_059,15.0,180.0,48.046698,N-summer,0.25,train
sample_00891.jpg,SRC_083,0.0,180.0,55.378885,N-spring,0.25,calibration
sample_00892.jpg,SRC_145,-5.0,180.0,52.15166,N-spring,0.25,train
sample_00893.jpg,SRC_169,40.0,180.0,48.615664,N-summer,0.25,train
sample_00894.jpg,SRC_018,-90.0,0.0,67.882485,N-winter,0.25,train
sample_00895.jpg,SRC_103,-35.0,180.0,57.090396,N-autumn,0.25,train
sample_00896.jpg,SRC_123,0.0,180.0,54.598149,N-autumn,0.5,train
sample_00897.jpg,SRC_006,-15.0,180.0,65.638079,N-spring,0.5,train
sample_00898.jpg,SRC_075,-90.0,0.0,65.329336,N-winter,0.25,train
sample_00899.jpg,SRC_148,-15.0,180.0,49.227137,N-autumn,0.25,train
sample_00900.jpg,SRC_040,90.0,0.0,57.651744,N-spring,0.5,train
sample_00901.jpg,SRC_108,-40.0,180.0,68.856247,N-summer,0.5,calibration
sample_00902.jpg,SRC_029,-5.0,180.0,45.485648,N-autumn,0.25,calibration
sample_00903.jpg,SRC_153,-40.0,180.0,43.960452,N-autumn,0.25,train
sample_00904.jpg,SRC_109,50.0,180.0,54.137665,N-summer,0.25,validation
sample_00905.jpg,SRC_074,0.0,180.0,50.25459,N-spring,0.5,train
sample_00906.jpg,SRC_005,0.0,180.0,55.846781,N-summer,0.5,validation
sample_00907.jpg,SRC_092,5.0,180.0,57.429528,N-autumn,0.25,train
sample_00908.jpg,SRC_156,10.0,180.0,48.737382,N-summer,0.25,validation
sample_00909.jpg,SRC_009,-25.0,180.0,73.827745,N-spring,0.5,train
sample_00910.jpg,SRC_156,10.0,180.0,48.737382,N-summer,0.25,validation
sample_00911.jpg,SRC_125,-5.0,180.0,52.428603,N-spring,0.25,train
sample_00912.jpg,SRC_083,0.0,180.0,55.378885,N-spring,0.25,calibration
sample_00913.jpg,SRC_153,-40.0,180.0,43.960452,N-autumn,0.25,train
sample_00914.jpg,SRC_096,25.0,180.0,40.422288,N-spring,0.25,train
sample_00915.jpg,SRC_047,0.0,180.0,48.028677,N-spring,0.5,validation
sample_00916.jpg,SRC_133,-10.0,180.0,48.887369,N-spring,0.5,train
sample_00917.jpg,SRC_123,0.0,180.0,54.598149,N-autumn,0.5,train
sample_00918.jpg,SRC_040,90.0,0.0,57.651744,N-spring,0.5,train
sample_00919.jpg,SRC_009,-25.0,180.0,73.827745,N-spring,0.5,train
sample_00920.jpg,SRC_129,20.0,180.0,41.057252,N-spring,0.25,validation
sample_00921.jpg,SRC_043,10.0,180.0,50.433279,N-summer,0.5,train
sample_00922.jpg,SRC_047,0.0,180.0,48.028677,N-spring,0.5,validation
sample_00923.jpg,SRC_107,20.0,180.0,65.68027,N-autumn,0.5,train
sample_00924.jpg,SRC_042,10.0,180.0,36.92431,N-spring,0.5,calibration
sample_00925.jpg,SRC_005,0.0,180.0,55.846781,N-summer,0.5,validation
sample_00926.jpg,SRC_108,-40.0,180.0,68.856247,N-summer,0.5,calibration
sample_00927.jpg,SRC_080,-25.0,180.0,69.726065,N-summer,0.25,train
sample_00928.jpg,SRC_139,40.0,180.0,53.533251,N-winter,0.25,train
sample_00929.jpg,SRC_017,-90.0,0.0,64.6979,N-winter,0.25,train
sample_00930.jpg,SRC_104,25.0,180.0,45.102036,N-summer,0.5,validation
sample_00931.jpg,SRC_169,40.0,180.0,48.615664,N-summer,0.25,train
sample_00932.jpg,SRC_063,25.0,180.0,41.329237,N-spring,0.25,train
sample_00933.jpg,SRC_080,-25.0,180.0,69.726065,N-summer,0.25,train
sample_00934.jpg,SRC_056,-40.0,180.0,74.660587,N-summer,0.5,train
sample_00935.jpg,SRC_106,25.0,180.0,40.638999,N-spring,0.5,validation
sample_00936.jpg,SRC_085,0.0,180.0,39.187341,N-spring,0.25,train
sample_00937.jpg,SRC_144,-35.0,180.0,76.731052,N-spring,0.5,train
sample_00938.jpg,SRC_103,-35.0,180.0,57.090396,N-autumn,0.25,train
sample_00939.jpg,SRC_009,-25.0,180.0,73.827745,N-spring,0.5,train
sample_00940.jpg,SRC_148,-15.0,180.0,49.227137,N-autumn,0.25,train
sample_00941.jpg,SRC_007,20.0,180.0,49.485932,N-winter,0.25,validation
sample_00942.jpg,SRC_119,90.0,0.0,58.642683,N-spring,0.25,calibration
sample_00943.jpg,SRC_032,-5.0,180.0,52.490186,N-spring,0.25,validation
sample_00944.jpg,SRC_067,-15.0,180.0,64.724247,N-spring,0.5,calibration
sample_00945.jpg,SRC_042,10.0,180.0,36.92431,N-spring,0.5,calibration
sample_00946.jpg,SRC_106,25.0,180.0,40.638999,N-spring,0.5,validation
sample_00947.jpg,SRC_043,10.0,180.0,50.433279,N-summer,0.5,train
sample_00948.jpg,SRC_006,-15.0,180.0,65.638079,N-spring,0.5,train
sample_00949.jpg,SRC_045,-90.0,0.0,70.559818,N-autumn,0.25,train
sample_00950.jpg,SRC_109,50.0,180.0,54.137665,N-summer,0.25,validation
sample_00951.jpg,SRC_165,10.0,180.0,42.451267,N-winter,0.25,train
sample_00952.jpg,SRC_013,50.0,180.0,54.051464,N-spring,0.5,train
sample_00953.jpg,SRC_051,20.0,180.0,63.609319,N-autumn,0.5,train
sample_00954.jpg,SRC_009,-25.0,180.0,73.827745,N-spring,0.5,train
sample_00955.jpg,SRC_064,90.0,0.0,60.573524,N-spring,0.25,train
sample_00956.jpg,SRC_123,0.0,180.0,54.598149,N-autumn,0.5,train
sample_00957.jpg,SRC_106,25.0,180.0,40.638999,N-spring,0.5,validation
sample_00958.jpg,SRC_102,-10.0,180.0,52.255853,N-spring,0.25,train
sample_00959.jpg,SRC_109,50.0,180.0,54.137665,N-summer,0.25,validation
sample_00960.jpg,SRC_076,25.0,180.0,63.632584,N-autumn,0.25,train
sample_00961.jpg,SRC_121,25.0,180.0,67.446292,N-autumn,0.5,train
sample_00962.jpg,SRC_051,20.0,180.0,63.609319,N-autumn,0.5,train
sample_00963.jpg,SRC_165,10.0,180.0,42.451267,N-winter,0.25,train
sample_00964.jpg,SRC_058,30.0,180.0,69.060883,N-autumn,0.5,train
sample_00965.jpg,SRC_100,20.0,180.0,41.506528,N-spring,0.25,train
sample_00966.jpg,SRC_049,5.0,180.0,42.94902,N-spring,0.25,train
sample_00967.jpg,SRC_084,-10.0,180.0,58.957849,N-summer,0.25,train
sample_00968.jpg,SRC_108,-40.0,180.0,68.856247,N-summer,0.5,calibration
sample_00969.jpg,SRC_169,40.0,180.0,48.615664,N-summer,0.25,train
sample_00970.jpg,SRC_130,25.0,180.0,37.507656,N-spring,0.25,train
sample_00971.jpg,SRC_100,20.0,180.0,41.506528,N-spring,0.25,train
sample_00972.jpg,SRC_009,-25.0,180.0,73.827745,N-spring,0.5,train
sample_00973.jpg,SRC_108,-40.0,180.0,68.856247,N-summer,0.5,calibration
sample_00974.jpg,SRC_015,20.0,180.0,46.484204,N-summer,0.25,train
sample_00975.jpg,SRC_024,10.0,180.0,53.725813,N-summer,0.25,calibration
sample_00976.jpg,SRC_009,-25.0,180.0,73.827745,N-spring,0.5,train
sample_00977.jpg,SRC_121,25.0,180.0,67.446292,N-autumn,0.5,train
sample_00978.jpg,SRC_004,30.0,180.0,61.107468,N-autumn,0.5,train
sample_00979.jpg,SRC_082,-10.0,180.0,60.444036,N-spring,0.25,calibration
sample_00980.jpg,SRC_102,-10.0,180.0,52.255853,N-spring,0.25,train
sample_00981.jpg,SRC_114,-10.0,180.0,58.176498,N-autumn,0.5,train
sample_00982.jpg,SRC_014,-40.0,180.0,38.480327,N-winter,0.25,train
sample_00983.jpg,SRC_131,10.0,180.0,60.540464,N-autumn,0.5,train
sample_00984.jpg,SRC_042,10.0,180.0,36.92431,N-spring,0.5,calibration
sample_00985.jpg,SRC_069,25.0,180.0,48.120522,N-summer,0.5,train
sample_00986.jpg,SRC_040,90.0,0.0,57.651744,N-spring,0.5,train
sample_00987.jpg,SRC_126,-20.0,180.0,68.779144,N-summer,0.5,train
sample_00988.jpg,SRC_027,35.0,180.0,41.369436,N-spring,0.5,train
sample_00989.jpg,SRC_081,-90.0,0.0,74.772433,N-autumn,0.25,calibration
sample_00990.jpg,SRC_049,5.0,180.0,42.94902,N-spring,0.25,train
sample_00991.jpg,SRC_062,45.0,180.0,81.508965,N-autumn,0.5,train
sample_00992.jpg,SRC_171,-35.0,180.0,63.65778,N-spring,0.25,train
sample_00993.jpg,SRC_006,-15.0,180.0,65.638079,N-spring,0.5,train
sample_00994.jpg,SRC_159,20.0,180.0,67.076816,N-autumn,0.25,train
sample_00995.jpg,SRC_004,30.0,180.0,61.107468,N-autumn,0.5,train
sample_00996.jpg,SRC_095,-20.0,180.0,56.495654,N-spring,0.5,validation
sample_00997.jpg,SRC_133,-10.0,180.0,48.887369,N-spring,0.5,train
sample_00998.jpg,SRC_004,30.0,180.0,61.107468,N-autumn,0.5,train
sample_00999.jpg,SRC_048,-25.0,180.0,61.920556,N-autumn,0.25,calibration
sample_01000.jpg,SRC_021,-90.0,0.0,68.040851,N-autumn,0.5,train
sample_01001.jpg,SRC_066,-10.0,180.0,61.81065,N-summer,0.5,calibration
sample_01002.jpg,SRC_030,-25.0,180.0,67.936804,N-spring,0.5,train
sample_01003.jpg,SRC_111,-35.0,180.0,79.069883,N-spring,1.0,train
sample_01004.jpg,SRC_077,-5.0,180.0,34.299081,N-winter,0.25,train
sample_01005.jpg,SRC_108,-40.0,180.0,68.856247,N-summer,0.5,calibration
sample_01006.jpg,SRC_112,-30.0,180.0,67.516648,N-spring,0.5,train
sample_01007.jpg,SRC_054,5.0,180.0,37.41608,N-winter,0.25,train
sample_01008.jpg,SRC_133,-10.0,180.0,48.887369,N-spring,0.5,train
sample_01009.jpg,SRC_156,10.0,180.0,48.737382,N-summer,0.25,validation
sample_01010.jpg,SRC_086,15.0,180.0,43.648742,N-summer,0.5,validation
sample_01011.jpg,SRC_099,15.0,180.0,42.024472,N-spring,0.5,train
sample_01012.jpg,SRC_099,15.0,180.0,42.024472,N-spring,0.5,train
sample_01013.jpg,SRC_020,35.0,180.0,42.075965,N-summer,0.25,calibration
sample_01014.jpg,SRC_099,15.0,180.0,42.024472,N-spring,0.5,train
sample_01015.jpg,SRC_009,-25.0,180.0,73.827745,N-spring,0.5,train
sample_01016.jpg,SRC_009,-25.0,180.0,73.827745,N-spring,0.5,train
sample_01017.jpg,SRC_170,-20.0,180.0,56.332579,N-autumn,0.25,validation
sample_01018.jpg,SRC_148,-15.0,180.0,49.227137,N-autumn,0.25,train
sample_01019.jpg,SRC_170,-20.0,180.0,56.332579,N-autumn,0.25,validation
sample_01020.jpg,SRC_141,-10.0,180.0,55.206291,N-spring,0.25,train
sample_01021.jpg,SRC_042,10.0,180.0,36.92431,N-spring,0.5,calibration
sample_01022.jpg,SRC_054,5.0,180.0,37.41608,N-winter,0.25,train
sample_01023.jpg,SRC_138,25.0,180.0,44.714676,N-summer,0.25,train
sample_01024.jpg,SRC_111,-35.0,180.0,79.069883,N-spring,1.0,train
sample_01025.jpg,SRC_107,20.0,180.0,65.68027,N-autumn,0.5,train
sample_01026.jpg,SRC_041,15.0,180.0,46.712049,N-summer,0.25,validation
sample_01027.jpg,SRC_015,20.0,180.0,46.484204,N-summer,0.25,train
sample_01028.jpg,SRC_102,-10.0,180.0,52.255853,N-spring,0.25,train
sample_01029.jpg,SRC_027,35.0,180.0,41.369436,N-spring,0.5,train
sample_01030.jpg,SRC_111,-35.0,180.0,79.069883,N-spring,1.0,train
sample_01031.jpg,SRC_085,0.0,180.0,39.187341,N-spring,0.25,train
sample_01032.jpg,SRC_121,25.0,180.0,67.446292,N-autumn,0.5,train
sample_01033.jpg,SRC_030,-25.0,180.0,67.936804,N-spring,0.5,train
sample_01034.jpg,SRC_133,-10.0,180.0,48.887369,N-spring,0.5,train
sample_01035.jpg,SRC_134,-30.0,180.0,69.607895,N-spring,0.5,train
sample_01036.jpg,SRC_091,-40.0,180.0,72.511342,N-summer,0.5,train
sample_01037.jpg,SRC_076,25.0,180.0,63.632584,N-autumn,0.25,train
sample_01038.jpg,SRC_133,-10.0,180.0,48.887369,N-spring,0.5,train
sample_01039.jpg,SRC_126,-20.0,180.0,68.779144,N-summer,0.5,train
sample_01040.jpg,SRC_146,10.0,180.0,58.0428,N-summer,0.5,train
sample_01041.jpg,SRC_103,-35.0,180.0,57.090396,N-autumn,0.25,train
sample_01042.jpg,SRC_068,0.0,180.0,56.216196,N-summer,0.25,train
sample_01043.jpg,SRC_111,-35.0,180.0,79.069883,N-spring,1.0,train
sample_01044.jpg,SRC_084,-10.0,180.0,58.957849,N-summer,0.25,train
sample_01045.jpg,SRC_052,5.0,180.0,51.705435,N-summer,0.25,train
sample_01046.jpg,SRC_076,25.0,180.0,63.632584,N-autumn,0.25,train
sample_01047.jpg,SRC_066,-10.0,180.0,61.81065,N-summer,0.5,calibration
sample_01048.jpg,SRC_027,35.0,180.0,41.369436,N-spring,0.5,train
sample_01049.jpg,SRC_114,-10.0,180.0,58.176498,N-autumn,0.5,train
sample_01050.jpg,SRC_103,-35.0,180.0,57.090396,N-autumn,0.25,train
sample_01051.jpg,SRC_157,40.0,180.0,44.22455,N-summer,0.25,calibration
sample_01052.jpg,SRC_022,20.0,180.0,41.513642,N-spring,0.25,train
sample_01053.jpg,SRC_104,25.0,180.0,45.102036,N-summer,0.5,validation
sample_01054.jpg,SRC_097,0.0,180.0,35.318175,N-winter,0.25,train
sample_01055.jpg,SRC_056,-40.0,180.0,74.660587,N-summer,0.5,train
sample_01056.jpg,SRC_003,0.0,180.0,38.090051,N-spring,0.25,validation
sample_01057.jpg,SRC_076,25.0,180.0,63.632584,N-autumn,0.25,train
sample_01058.jpg,SRC_108,-40.0,180.0,68.856247,N-summer,0.5,calibration
sample_01059.jpg,SRC_011,-20.0,180.0,70.371153,N-summer,0.25,train
sample_01060.jpg,SRC_153,-40.0,180.0,43.960452,N-autumn,0.25,train
sample_01061.jpg,SRC_027,35.0,180.0,41.369436,N-spring,0.5,train
sample_01062.jpg,SRC_095,-20.0,180.0,56.495654,N-spring,0.5,validation
sample_01063.jpg,SRC_091,-40.0,180.0,72.511342,N-summer,0.5,train
sample_01064.jpg,SRC_037,15.0,180.0,44.468297,N-spring,0.25,train
sample_01065.jpg,SRC_097,0.0,180.0,35.318175,N-winter,0.25,train
sample_01066.jpg,SRC_121,25.0,180.0,67.446292,N-autumn,0.5,train
sample_01067.jpg,SRC_021,-90.0,0.0,68.040851,N-autumn,0.5,train
sample_01068.jpg,SRC_049,5.0,180.0,42.94902,N-spring,0.25,train
sample_01069.jpg,SRC_020,35.0,180.0,42.075965,N-summer,0.25,calibration
sample_01070.jpg,SRC_164,20.0,180.0,59.226879,N-autumn,0.25,train
sample_01071.jpg,SRC_091,-40.0,180.0,72.511342,N-summer,0.5,train
sample_01072.jpg,SRC_168,90.0,0.0,64.709631,N-summer,0.25,validation
sample_01073.jpg,SRC_067,-15.0,180.0,64.724247,N-spring,0.5,calibration
sample_01074.jpg,SRC_056,-40.0,180.0,74.660587,N-summer,0.5,train
sample_01075.jpg,SRC_028,10.0,180.0,42.894848,N-spring,0.25,calibration
sample_01076.jpg,SRC_112,-30.0,180.0,67.516648,N-spring,0.5,train
sample_01077.jpg,SRC_054,5.0,180.0,37.41608,N-winter,0.25,train
sample_01078.jpg,SRC_073,45.0,180.0,41.537171,N-spring,0.25,train
sample_01079.jpg,SRC_076,25.0,180.0,63.632584,N-autumn,0.25,train
sample_01080.jpg,SRC_021,-90.0,0.0,68.040851,N-autumn,0.5,train
sample_01081.jpg,SRC_125,-5.0,180.0,52.428603,N-spring,0.25,train
sample_01082.jpg,SRC_169,40.0,180.0,48.615664,N-summer,0.25,train
sample_01083.jpg,SRC_011,-20.0,180.0,70.371153,N-summer,0.25,train
sample_01084.jpg,SRC_151,-15.0,180.0,63.408071,N-summer,0.5,validation
sample_01085.jpg,SRC_109,50.0,180.0,54.137665,N-summer,0.25,validation
sample_01086.jpg,SRC_078,15.0,180.0,40.437008,N-spring,0.25,train
sample_01087.jpg,SRC_108,-40.0,180.0,68.856247,N-summer,0.5,calibration
sample_01088.jpg,SRC_038,-15.0,180.0,32.097448,N-winter,0.25,train
sample_01089.jpg,SRC_126,-20.0,180.0,68.779144,N-summer,0.5,train
sample_01090.jpg,SRC_072,15.0,180.0,46.966801,N-winter,0.25,train
sample_01091.jpg,SRC_138,25.0,180.0,44.714676,N-summer,0.25,train
sample_01092.jpg,SRC_021,-90.0,0.0,68.040851,N-autumn,0.5,train
sample_01093.jpg,SRC_108,-40.0,180.0,68.856247,N-summer,0.5,calibration
sample_01094.jpg,SRC_111,-35.0,180.0,79.069883,N-spring,1.0,train
sample_01095.jpg,SRC_069,25.0,180.0,48.120522,N-summer,0.5,train
sample_01096.jpg,SRC_048,-25.0,180.0,61.920556,N-autumn,0.25,calibration
sample_01097.jpg,SRC_067,-15.0,180.0,64.724247,N-spring,0.5,calibration
sample_01098.jpg,SRC_168,90.0,0.0,64.709631,N-summer,0.25,validation
sample_01099.jpg,SRC_010,90.0,0.0,74.440619,N-summer,0.5,calibration
sample_01100.jpg,SRC_097,0.0,180.0,35.318175,N-winter,0.25,train
sample_01101.jpg,SRC_061,50.0,180.0,43.110277,N-spring,0.5,train
sample_01102.jpg,SRC_020,35.0,180.0,42.075965,N-summer,0.25,calibration
sample_01103.jpg,SRC_085,0.0,180.0,39.187341,N-spring,0.25,train
sample_01104.jpg,SRC_115,25.0,180.0,41.8845,N-spring,0.25,train
sample_01105.jpg,SRC_040,90.0,0.0,57.651744,N-spring,0.5,train
sample_01106.jpg,SRC_040,90.0,0.0,57.651744,N-spring,0.5,train
sample_01107.jpg,SRC_091,-40.0,180.0,72.511342,N-summer,0.5,train
sample_01108.jpg,SRC_037,15.0,180.0,44.468297,N-spring,0.25,train
sample_01109.jpg,SRC_004,30.0,180.0,61.107468,N-autumn,0.5,train
sample_01110.jpg,SRC_004,30.0,180.0,61.107468,N-autumn,0.5,train
sample_01111.jpg,SRC_013,50.0,180.0,54.051464,N-spring,0.5,train
sample_01112.jpg,SRC_133,-10.0,180.0,48.887369,N-spring,0.5,train
sample_01113.jpg,SRC_014,-40.0,180.0,38.480327,N-winter,0.25,train
sample_01114.jpg,SRC_013,50.0,180.0,54.051464,N-spring,0.5,train
sample_01115.jpg,SRC_037,15.0,180.0,44.468297,N-spring,0.25,train
sample_01116.jpg,SRC_115,25.0,180.0,41.8845,N-spring,0.25,train
sample_01117.jpg,SRC_024,10.0,180.0,53.725813,N-summer,0.25,calibration
sample_01118.jpg,SRC_125,-5.0,180.0,52.428603,N-spring,0.25,train
sample_01119.jpg,SRC_112,-30.0,180.0,67.516648,N-spring,0.5,train
sample_01120.jpg,SRC_114,-10.0,180.0,58.176498,N-autumn,0.5,train
sample_01121.jpg,SRC_028,10.0,180.0,42.894848,N-spring,0.25,calibration
sample_01122.jpg,SRC_099,15.0,180.0,42.024472,N-spring,0.5,train
sample_01123.jpg,SRC_109,50.0,180.0,54.137665,N-summer,0.25,validation
sample_01124.jpg,SRC_131,10.0,180.0,60.540464,N-autumn,0.5,train
sample_01125.jpg,SRC_069,25.0,180.0,48.120522,N-summer,0.5,train
sample_01126.jpg,SRC_051,20.0,180.0,63.609319,N-autumn,0.5,train
sample_01127.jpg,SRC_006,-15.0,180.0,65.638079,N-spring,0.5,train
sample_01128.jpg,SRC_114,-10.0,180.0,58.176498,N-autumn,0.5,train
sample_01129.jpg,SRC_019,90.0,0.0,60.00919,N-summer,0.25,train
sample_01130.jpg,SRC_169,40.0,180.0,48.615664,N-summer,0.25,train
sample_01131.jpg,SRC_140,35.0,180.0,44.85556,N-spring,0.25,train
sample_01132.jpg,SRC_076,25.0,180.0,63.632584,N-autumn,0.25,train
sample_01133.jpg,SRC_103,-35.0,180.0,57.090396,N-autumn,0.25,train
sample_01134.jpg,SRC_066,-10.0,180.0,61.81065,N-summer,0.5,calibration
sample_01135.jpg,SRC_109,50.0,180.0,54.137665,N-summer,0.25,validation
sample_01136.jpg,SRC_074,0.0,180.0,50.25459,N-spring,0.5,train
sample_01137.jpg,SRC_071,20.0,180.0,40.070501,N-spring,0.25,train
sample_01138.jpg,SRC_139,40.0,180.0,53.533251,N-winter,0.25,train
sample_01139.jpg,SRC_032,-5.0,180.0,52.490186,N-spring,0.25,validation
sample_01140.jpg,SRC_066,-10.0,180.0,61.81065,N-summer,0.5,calibration
sample_01141.jpg,SRC_097,0.0,180.0,35.318175,N-winter,0.25,train
sample_01142.jpg,SRC_084,-10.0,180.0,58.957849,N-summer,0.25,train
sample_01143.jpg,SRC_088,0.0,180.0,53.004483,N-summer,0.25,train
sample_01144.jpg,SRC_111,-35.0,180.0,79.069883,N-spring,1.0,train
sample_01145.jpg,SRC_089,10.0,180.0,48.442522,N-winter,0.25,calibration
sample_01146.jpg,SRC_066,-10.0,180.0,61.81065,N-summer,0.5,calibration
sample_01147.jpg,SRC_037,15.0,180.0,44.468297,N-spring,0.25,train
sample_01148.jpg,SRC_102,-10.0,180.0,52.255853,N-spring,0.25,train
sample_01149.jpg,SRC_086,15.0,180.0,43.648742,N-summer,0.5,validation
sample_01150.jpg,SRC_131,10.0,180.0,60.540464,N-autumn,0.5,train
sample_01151.jpg,SRC_065,30.0,180.0,68.700871,N-winter,0.5,train
sample_01152.jpg,SRC_089,10.0,180.0,48.442522,N-winter,0.25,calibration
sample_01153.jpg,SRC_100,20.0,180.0,41.506528,N-spring,0.25,train
sample_01154.jpg,SRC_063,25.0,180.0,41.329237,N-spring,0.25,train
sample_01155.jpg,SRC_102,-10.0,180.0,52.255853,N-spring,0.25,train
sample_01156.jpg,SRC_004,30.0,180.0,61.107468,N-autumn,0.5,train
sample_01157.jpg,SRC_070,60.0,180.0,58.788969,N-summer,0.5,train
sample_01158.jpg,SRC_041,15.0,180.0,46.712049,N-summer,0.25,validation
sample_01159.jpg,SRC_009,-25.0,180.0,73.827745,N-spring,0.5,train
sample_01160.jpg,SRC_084,-10.0,180.0,58.957849,N-summer,0.25,train
sample_01161.jpg,SRC_056,-40.0,180.0,74.660587,N-summer,0.5,train
sample_01162.jpg,SRC_066,-10.0,180.0,61.81065,N-summer,0.5,calibration
sample_01163.jpg,SRC_126,-20.0,180.0,68.779144,N-summer,0.5,train
sample_01164.jpg,SRC_139,40.0,180.0,53.533251,N-winter,0.25,train
sample_01165.jpg,SRC_113,-35.0,180.0,36.668707,N-winter,0.25,train
sample_01166.jpg,SRC_041,15.0,180.0,46.712049,N-summer,0.25,validation
sample_01167.jpg,SRC_009,-25.0,180.0,73.827745,N-spring,0.5,train
sample_01168.jpg,SRC_115,25.0,180.0,41.8845,N-spring,0.25,train
sample_01169.jpg,SRC_170,-20.0,180.0,56.332579,N-autumn,0.25,validation
sample_01170.jpg,SRC_091,-40.0,180.0,72.511342,N-summer,0.5,train
sample_01171.jpg,SRC_158,-5.0,180.0,35.954137,N-winter,0.25,train
sample_01172.jpg,SRC_011,-20.0,180.0,70.371153,N-summer,0.25,train
sample_01173.jpg,SRC_096,25.0,180.0,40.422288,N-spring,0.25,train
sample_01174.jpg,SRC_095,-20.0,180.0,56.495654,N-spring,0.5,validation
sample_01175.jpg,SRC_066,-10.0,180.0,61.81065,N-summer,0.5,calibration
sample_01176.jpg,SRC_008,25.0,180.0,61.005891,N-autumn,0.25,validation
sample_01177.jpg,SRC_084,-10.0,180.0,58.957849,N-summer,0.25,train
sample_01178.jpg,SRC_165,10.0,180.0,42.451267,N-winter,0.25,train
sample_01179.jpg,SRC_095,-20.0,180.0,56.495654,N-spring,0.5,validation
sample_01180.jpg,SRC_139,40.0,180.0,53.533251,N-winter,0.25,train
sample_01181.jpg,SRC_171,-35.0,180.0,63.65778,N-spring,0.25,train
sample_01182.jpg,SRC_060,90.0,0.0,64.124177,N-summer,0.25,validation
sample_01183.jpg,SRC_047,0.0,180.0,48.028677,N-spring,0.5,validation
sample_01184.jpg,SRC_126,-20.0,180.0,68.779144,N-summer,0.5,train
sample_01185.jpg,SRC_058,30.0,180.0,69.060883,N-autumn,0.5,train
sample_01186.jpg,SRC_006,-15.0,180.0,65.638079,N-spring,0.5,train
sample_01187.jpg,SRC_134,-30.0,180.0,69.607895,N-spring,0.5,train
sample_01188.jpg,SRC_030,-25.0,180.0,67.936804,N-spring,0.5,train
sample_01189.jpg,SRC_011,-20.0,180.0,70.371153,N-summer,0.25,train
sample_01190.jpg,SRC_041,15.0,180.0,46.712049,N-summer,0.25,validation
sample_01191.jpg,SRC_062,45.0,180.0,81.508965,N-autumn,0.5,train
sample_01192.jpg,SRC_129,20.0,180.0,41.057252,N-spring,0.25,validation
sample_01193.jpg,SRC_027,35.0,180.0,41.369436,N-spring,0.5,train
sample_01194.jpg,SRC_123,0.0,180.0,54.598149,N-autumn,0.5,train
sample_01195.jpg,SRC_154,0.0,180.0,54.770875,N-summer,0.5,train
sample_01196.jpg,SRC_124,0.0,180.0,51.928413,N-summer,0.25,train
sample_01197.jpg,SRC_047,0.0,180.0,48.028677,N-spring,0.5,validation
sample_01198.jpg,SRC_158,-5.0,180.0,35.954137,N-winter,0.25,train
sample_01199.jpg,SRC_037,15.0,180.0,44.468297,N-spring,0.25,train
sample_01200.jpg,SRC_124,0.0,180.0,51.928413,N-summer,0.25,train
sample_01201.jpg,SRC_114,-10.0,180.0,58.176498,N-autumn,0.5,train
sample_01202.jpg,SRC_170,-20.0,180.0,56.332579,N-autumn,0.25,validation
sample_01203.jpg,SRC_137,-5.0,180.0,45.053172,N-spring,0.25,train
sample_01204.jpg,SRC_156,10.0,180.0,48.737382,N-summer,0.25,validation
sample_01205.jpg,SRC_126,-20.0,180.0,68.779144,N-summer,0.5,train
sample_01206.jpg,SRC_050,0.0,180.0,53.680047,N-summer,0.25,calibration
sample_01207.jpg,SRC_021,-90.0,0.0,68.040851,N-autumn,0.5,train
sample_01208.jpg,SRC_004,30.0,180.0,61.107468,N-autumn,0.5,train
sample_01209.jpg,SRC_161,5.0,180.0,52.294471,N-summer,0.25,train
sample_01210.jpg,SRC_034,40.0,180.0,46.055099,N-summer,0.25,validation
sample_01211.jpg,SRC_131,10.0,180.0,60.540464,N-autumn,0.5,train
sample_01212.jpg,SRC_009,-25.0,180.0,73.827745,N-spring,0.5,train
sample_01213.jpg,SRC_100,20.0,180.0,41.506528,N-spring,0.25,train
sample_01214.jpg,SRC_004,30.0,180.0,61.107468,N-autumn,0.5,train
sample_01215.jpg,SRC_115,25.0,180.0,41.8845,N-spring,0.25,train
sample_01216.jpg,SRC_078,15.0,180.0,40.437008,N-spring,0.25,train
sample_01217.jpg,SRC_091,-40.0,180.0,72.511342,N-summer,0.5,train
sample_01218.jpg,SRC_088,0.0,180.0,53.004483,N-summer,0.25,train
sample_01219.jpg,SRC_063,25.0,180.0,41.329237,N-spring,0.25,train
sample_01220.jpg,SRC_140,35.0,180.0,44.85556,N-spring,0.25,train
sample_01221.jpg,SRC_005,0.0,180.0,55.846781,N-summer,0.5,validation
sample_01222.jpg,SRC_029,-5.0,180.0,45.485648,N-autumn,0.25,calibration
sample_01223.jpg,SRC_028,10.0,180.0,42.894848,N-spring,0.25,calibration
sample_01224.jpg,SRC_149,90.0,0.0,55.701783,N-summer,0.25,train
sample_01225.jpg,SRC_142,-30.0,180.0,34.276784,N-winter,0.25,train
sample_01226.jpg,SRC_130,25.0,180.0,37.507656,N-spring,0.25,train
sample_01227.jpg,SRC_126,-20.0,180.0,68.779144,N-summer,0.5,train
sample_01228.jpg,SRC_054,5.0,180.0,37.41608,N-winter,0.25,train
sample_01229.jpg,SRC_030,-25.0,180.0,67.936804,N-spring,0.5,train
sample_01230.jpg,SRC_013,50.0,180.0,54.051464,N-spring,0.5,train
sample_01231.jpg,SRC_037,15.0,180.0,44.468297,N-spring,0.25,train
sample_01232.jpg,SRC_148,-15.0,180.0,49.227137,N-autumn,0.25,train
sample_01233.jpg,SRC_143,90.0,0.0,68.916652,N-spring,0.5,train
sample_01234.jpg,SRC_051,20.0,180.0,63.609319,N-autumn,0.5,train
sample_01235.jpg,SRC_170,-20.0,180.0,56.332579,N-autumn,0.25,validation
sample_01236.jpg,SRC_009,-25.0,180.0,73.827745,N-spring,0.5,train
sample_01237.jpg,SRC_009,-25.0,180.0,73.827745,N-spring,0.5,train
sample_01238.jpg,SRC_056,-40.0,180.0,74.660587,N-summer,0.5,train
sample_01239.jpg,SRC_139,40.0,180.0,53.533251,N-winter,0.25,train
sample_01240.jpg,SRC_108,-40.0,180.0,68.856247,N-summer,0.5,calibration
sample_01241.jpg,SRC_034,40.0,180.0,46.055099,N-summer,0.25,validation
sample_01242.jpg,SRC_164,20.0,180.0,59.226879,N-autumn,0.25,train
sample_01243.jpg,SRC_092,5.0,180.0,57.429528,N-autumn,0.25,train
sample_01244.jpg,SRC_134,-30.0,180.0,69.607895,N-spring,0.5,train
sample_01245.jpg,SRC_121,25.0,180.0,67.446292,N-autumn,0.5,train
sample_01246.jpg,SRC_146,10.0,180.0,58.0428,N-summer,0.5,train
sample_01247.jpg,SRC_109,50.0,180.0,54.137665,N-summer,0.25,validation
sample_01248.jpg,SRC_074,0.0,180.0,50.25459,N-spring,0.5,train
sample_01249.jpg,SRC_013,50.0,180.0,54.051464,N-spring,0.5,train
sample_01250.jpg,SRC_024,10.0,180.0,53.725813,N-summer,0.25,calibration
sample_01251.jpg,SRC_009,-25.0,180.0,73.827745,N-spring,0.5,train
sample_01252.jpg,SRC_055,-5.0,180.0,57.335076,N-spring,0.25,train
sample_01253.jpg,SRC_111,-35.0,180.0,79.069883,N-spring,1.0,train
sample_01254.jpg,SRC_094,20.0,180.0,66.934532,N-autumn,0.25,train
sample_01255.jpg,SRC_100,20.0,180.0,41.506528,N-spring,0.25,train
sample_01256.jpg,SRC_111,-35.0,180.0,79.069883,N-spring,1.0,train
sample_01257.jpg,SRC_052,5.0,180.0,51.705435,N-summer,0.25,train
sample_01258.jpg,SRC_046,0.0,180.0,58.061031,N-autumn,0.25,calibration
sample_01259.jpg,SRC_014,-40.0,180.0,38.480327,N-winter,0.25,train
sample_01260.jpg,SRC_070,60.0,180.0,58.788969,N-summer,0.5,train
sample_01261.jpg,SRC_139,40.0,180.0,53.533251,N-winter,0.25,train
sample_01262.jpg,SRC_041,15.0,180.0,46.712049,N-summer,0.25,validation
sample_01263.jpg,SRC_092,5.0,180.0,57.429528,N-autumn,0.25,train
sample_01264.jpg,SRC_151,-15.0,180.0,63.408071,N-summer,0.5,validation
sample_01265.jpg,SRC_082,-10.0,180.0,60.444036,N-spring,0.25,calibration
sample_01266.jpg,SRC_075,-90.0,0.0,65.329336,N-winter,0.25,train
sample_01267.jpg,SRC_112,-30.0,180.0,67.516648,N-spring,0.5,train
sample_01268.jpg,SRC_131,10.0,180.0,60.540464,N-autumn,0.5,train
sample_01269.jpg,SRC_016,10.0,180.0,55.552023,N-winter,0.5,calibration
sample_01270.jpg,SRC_130,25.0,180.0,37.507656,N-spring,0.25,train
sample_01271.jpg,SRC_067,-15.0,180.0,64.724247,N-spring,0.5,calibration
sample_01272.jpg,SRC_156,10.0,180.0,48.737382,N-summer,0.25,validation
sample_01273.jpg,SRC_062,45.0,180.0,81.508965,N-autumn,0.5,train
sample_01274.jpg,SRC_006,-15.0,180.0,65.638079,N-spring,0.5,train
sample_01275.jpg,SRC_153,-40.0,180.0,43.960452,N-autumn,0.25,train
sample_01276.jpg,SRC_038,-15.0,180.0,32.097448,N-winter,0.25,train
sample_01277.jpg,SRC_026,90.0,0.0,57.238404,N-spring,0.25,calibration
sample_01278.jpg,SRC_124,0.0,180.0,51.928413,N-summer,0.25,train
sample_01279.jpg,SRC_114,-10.0,180.0,58.176498,N-autumn,0.5,train
sample_01280.jpg,SRC_093,-25.0,180.0,43.343655,N-autumn,0.5,calibration
sample_01281.jpg,SRC_154,0.0,180.0,54.770875,N-summer,0.5,train
sample_01282.jpg,SRC_103,-35.0,180.0,57.090396,N-autumn,0.25,train
sample_01283.jpg,SRC_096,25.0,180.0,40.422288,N-spring,0.25,train
sample_01284.jpg,SRC_089,10.0,180.0,48.442522,N-winter,0.25,calibration
sample_01285.jpg,SRC_161,5.0,180.0,52.294471,N-summer,0.25,train
sample_01286.jpg,SRC_168,90.0,0.0,64.709631,N-summer,0.25,validation
sample_01287.jpg,SRC_102,-10.0,180.0,52.255853,N-spring,0.25,train
sample_01288.jpg,SRC_068,0.0,180.0,56.216196,N-summer,0.25,train
sample_01289.jpg,SRC_092,5.0,180.0,57.429528,N-autumn,0.25,train
sample_01290.jpg,SRC_074,0.0,180.0,50.25459,N-spring,0.5,train
sample_01291.jpg,SRC_027,35.0,180.0,41.369436,N-spring,0.5,train
sample_01292.jpg,SRC_150,10.0,180.0,50.798821,N-summer,0.5,train
sample_01293.jpg,SRC_028,10.0,180.0,42.894848,N-spring,0.25,calibration
sample_01294.jpg,SRC_108,-40.0,180.0,68.856247,N-summer,0.5,calibration
sample_01295.jpg,SRC_061,50.0,180.0,43.110277,N-spring,0.5,train
sample_01296.jpg,SRC_070,60.0,180.0,58.788969,N-summer,0.5,train
sample_01297.jpg,SRC_157,40.0,180.0,44.22455,N-summer,0.25,calibration
sample_01298.jpg,SRC_052,5.0,180.0,51.705435,N-summer,0.25,train
sample_01299.jpg,SRC_037,15.0,180.0,44.468297,N-spring,0.25,train
sample_01300.jpg,SRC_171,-35.0,180.0,63.65778,N-spring,0.25,train
sample_01301.jpg,SRC_020,35.0,180.0,42.075965,N-summer,0.25,calibration
sample_01302.jpg,SRC_107,20.0,180.0,65.68027,N-autumn,0.5,train
sample_01303.jpg,SRC_142,-30.0,180.0,34.276784,N-winter,0.25,train
sample_01304.jpg,SRC_036,5.0,180.0,52.749586,N-summer,0.25,train
sample_01305.jpg,SRC_112,-30.0,180.0,67.516648,N-spring,0.5,train
sample_01306.jpg,SRC_044,-90.0,0.0,81.862162,N-autumn,0.5,train
sample_01307.jpg,SRC_004,30.0,180.0,61.107468,N-autumn,0.5,train
sample_01308.jpg,SRC_076,25.0,180.0,63.632584,N-autumn,0.25,train
sample_01309.jpg,SRC_169,40.0,180.0,48.615664,N-summer,0.25,train
sample_01310.jpg,SRC_091,-40.0,180.0,72.511342,N-summer,0.5,train
sample_01311.jpg,SRC_027,35.0,180.0,41.369436,N-spring,0.5,train
sample_01312.jpg,SRC_043,10.0,180.0,50.433279,N-summer,0.5,train
sample_01313.jpg,SRC_069,25.0,180.0,48.120522,N-summer,0.5,train
sample_01314.jpg,SRC_046,0.0,180.0,58.061031,N-autumn,0.25,calibration
sample_01315.jpg,SRC_069,25.0,180.0,48.120522,N-summer,0.5,train
sample_01316.jpg,SRC_015,20.0,180.0,46.484204,N-summer,0.25,train
sample_01317.jpg,SRC_015,20.0,180.0,46.484204,N-summer,0.25,train
sample_01318.jpg,SRC_004,30.0,180.0,61.107468,N-autumn,0.5,train
sample_01319.jpg,SRC_040,90.0,0.0,57.651744,N-spring,0.5,train
sample_01320.jpg,SRC_036,5.0,180.0,52.749586,N-summer,0.25,train
sample_01321.jpg,SRC_126,-20.0,180.0,68.779144,N-summer,0.5,train
sample_01322.jpg,SRC_051,20.0,180.0,63.609319,N-autumn,0.5,train
sample_01323.jpg,SRC_095,-20.0,180.0,56.495654,N-spring,0.5,validation
sample_01324.jpg,SRC_085,0.0,180.0,39.187341,N-spring,0.25,train
sample_01325.jpg,SRC_103,-35.0,180.0,57.090396,N-autumn,0.25,train
sample_01326.jpg,SRC_092,5.0,180.0,57.429528,N-autumn,0.25,train
sample_01327.jpg,SRC_011,-20.0,180.0,70.371153,N-summer,0.25,train
sample_01328.jpg,SRC_021,-90.0,0.0,68.040851,N-autumn,0.5,train
sample_01329.jpg,SRC_098,-45.0,180.0,70.730178,N-summer,0.25,train
sample_01330.jpg,SRC_020,35.0,180.0,42.075965,N-summer,0.25,calibration
sample_01331.jpg,SRC_136,-35.0,180.0,76.922409,N-spring,0.5,train
sample_01332.jpg,SRC_129,20.0,180.0,41.057252,N-spring,0.25,validation
sample_01333.jpg,SRC_094,20.0,180.0,66.934532,N-autumn,0.25,train
sample_01334.jpg,SRC_029,-5.0,180.0,45.485648,N-autumn,0.25,calibration
sample_01335.jpg,SRC_134,-30.0,180.0,69.607895,N-spring,0.5,train
sample_01336.jpg,SRC_104,25.0,180.0,45.102036,N-summer,0.5,validation
sample_01337.jpg,SRC_023,-10.0,180.0,50.837437,N-spring,0.25,train
sample_01338.jpg,SRC_139,40.0,180.0,53.533251,N-winter,0.25,train
sample_01339.jpg,SRC_158,-5.0,180.0,35.954137,N-winter,0.25,train
sample_01340.jpg,SRC_037,15.0,180.0,44.468297,N-spring,0.25,train
sample_01341.jpg,SRC_094,20.0,180.0,66.934532,N-autumn,0.25,train
sample_01342.jpg,SRC_099,15.0,180.0,42.024472,N-spring,0.5,train
sample_01343.jpg,SRC_013,50.0,180.0,54.051464,N-spring,0.5,train
sample_01344.jpg,SRC_121,25.0,180.0,67.446292,N-autumn,0.5,train
sample_01345.jpg,SRC_096,25.0,180.0,40.422288,N-spring,0.25,train
sample_01346.jpg,SRC_051,20.0,180.0,63.609319,N-autumn,0.5,train
sample_01347.jpg,SRC_011,-20.0,180.0,70.371153,N-summer,0.25,train
sample_01348.jpg,SRC_076,25.0,180.0,63.632584,N-autumn,0.25,train
sample_01349.jpg,SRC_087,0.0,180.0,54.65824,N-summer,0.25,calibration
sample_01350.jpg,SRC_133,-10.0,180.0,48.887369,N-spring,0.5,train
sample_01351.jpg,SRC_151,-15.0,180.0,63.408071,N-summer,0.5,validation
sample_01352.jpg,SRC_080,-25.0,180.0,69.726065,N-summer,0.25,train
sample_01353.jpg,SRC_069,25.0,180.0,48.120522,N-summer,0.5,train
sample_01354.jpg,SRC_023,-10.0,180.0,50.837437,N-spring,0.25,train
sample_01355.jpg,SRC_041,15.0,180.0,46.712049,N-summer,0.25,validation
sample_01356.jpg,SRC_170,-20.0,180.0,56.332579,N-autumn,0.25,validation
sample_01357.jpg,SRC_148,-15.0,180.0,49.227137,N-autumn,0.25,train
sample_01358.jpg,SRC_145,-5.0,180.0,52.15166,N-spring,0.25,train
sample_01359.jpg,SRC_149,90.0,0.0,55.701783,N-summer,0.25,train
sample_01360.jpg,SRC_074,0.0,180.0,50.25459,N-spring,0.5,train
sample_01361.jpg,SRC_009,-25.0,180.0,73.827745,N-spring,0.5,train
sample_01362.jpg,SRC_152,30.0,180.0,40.69576,N-spring,0.25,validation
sample_01363.jpg,SRC_108,-40.0,180.0,68.856247,N-summer,0.5,calibration
sample_01364.jpg,SRC_037,15.0,180.0,44.468297,N-spring,0.25,train
sample_01365.jpg,SRC_037,15.0,180.0,44.468297,N-spring,0.25,train
sample_01366.jpg,SRC_003,0.0,180.0,38.090051,N-spring,0.25,validation
sample_01367.jpg,SRC_116,5.0,180.0,41.203028,N-spring,0.25,calibration
sample_01368.jpg,SRC_040,90.0,0.0,57.651744,N-spring,0.5,train
sample_01369.jpg,SRC_030,-25.0,180.0,67.936804,N-spring,0.5,train
sample_01370.jpg,SRC_052,5.0,180.0,51.705435,N-summer,0.25,train
sample_01371.jpg,SRC_148,-15.0,180.0,49.227137,N-autumn,0.25,train
sample_01372.jpg,SRC_092,5.0,180.0,57.429528,N-autumn,0.25,train
sample_01373.jpg,SRC_043,10.0,180.0,50.433279,N-summer,0.5,train
sample_01374.jpg,SRC_171,-35.0,180.0,63.65778,N-spring,0.25,train
sample_01375.jpg,SRC_023,-10.0,180.0,50.837437,N-spring,0.25,train
sample_01376.jpg,SRC_073,45.0,180.0,41.537171,N-spring,0.25,train
sample_01377.jpg,SRC_134,-30.0,180.0,69.607895,N-spring,0.5,train
sample_01378.jpg,SRC_171,-35.0,180.0,63.65778,N-spring,0.25,train
sample_01379.jpg,SRC_134,-30.0,180.0,69.607895,N-spring,0.5,train
sample_01380.jpg,SRC_039,90.0,0.0,70.63275,N-summer,0.5,calibration
sample_01381.jpg,SRC_092,5.0,180.0,57.429528,N-autumn,0.25,train
sample_01382.jpg,SRC_085,0.0,180.0,39.187341,N-spring,0.25,train
sample_01383.jpg,SRC_170,-20.0,180.0,56.332579,N-autumn,0.25,validation
sample_01384.jpg,SRC_037,15.0,180.0,44.468297,N-spring,0.25,train
sample_01385.jpg,SRC_037,15.0,180.0,44.468297,N-spring,0.25,train
sample_01386.jpg,SRC_084,-10.0,180.0,58.957849,N-summer,0.25,train
sample_01387.jpg,SRC_159,20.0,180.0,67.076816,N-autumn,0.25,train
sample_01388.jpg,SRC_055,-5.0,180.0,57.335076,N-spring,0.25,train
sample_01389.jpg,SRC_108,-40.0,180.0,68.856247,N-summer,0.5,calibration
sample_01390.jpg,SRC_006,-15.0,180.0,65.638079,N-spring,0.5,train
sample_01391.jpg,SRC_171,-35.0,180.0,63.65778,N-spring,0.25,train
sample_01392.jpg,SRC_107,20.0,180.0,65.68027,N-autumn,0.5,train
sample_01393.jpg,SRC_087,0.0,180.0,54.65824,N-summer,0.25,calibration
sample_01394.jpg,SRC_091,-40.0,180.0,72.511342,N-summer,0.5,train
sample_01395.jpg,SRC_092,5.0,180.0,57.429528,N-autumn,0.25,train
sample_01396.jpg,SRC_092,5.0,180.0,57.429528,N-autumn,0.25,train
sample_01397.jpg,SRC_071,20.0,180.0,40.070501,N-spring,0.25,train
sample_01398.jpg,SRC_066,-10.0,180.0,61.81065,N-summer,0.5,calibration
sample_01399.jpg,SRC_069,25.0,180.0,48.120522,N-summer,0.5,train
sample_01400.jpg,SRC_170,-20.0,180.0,56.332579,N-autumn,0.25,validation
sample_01401.jpg,SRC_022,20.0,180.0,41.513642,N-spring,0.25,train
sample_01402.jpg,SRC_027,35.0,180.0,41.369436,N-spring,0.5,train
sample_01403.jpg,SRC_009,-25.0,180.0,73.827745,N-spring,0.5,train
sample_01404.jpg,SRC_085,0.0,180.0,39.187341,N-spring,0.25,train
sample_01405.jpg,SRC_037,15.0,180.0,44.468297,N-spring,0.25,train
sample_01406.jpg,SRC_069,25.0,180.0,48.120522,N-summer,0.5,train
sample_01407.jpg,SRC_095,-20.0,180.0,56.495654,N-spring,0.5,validation
sample_01408.jpg,SRC_099,15.0,180.0,42.024472,N-spring,0.5,train
sample_01409.jpg,SRC_009,-25.0,180.0,73.827745,N-spring,0.5,train
sample_01410.jpg,SRC_013,50.0,180.0,54.051464,N-spring,0.5,train
sample_01411.jpg,SRC_138,25.0,180.0,44.714676,N-summer,0.25,train
sample_01412.jpg,SRC_115,25.0,180.0,41.8845,N-spring,0.25,train
sample_01413.jpg,SRC_161,5.0,180.0,52.294471,N-summer,0.25,train
sample_01414.jpg,SRC_061,50.0,180.0,43.110277,N-spring,0.5,train
sample_01415.jpg,SRC_144,-35.0,180.0,76.731052,N-spring,0.5,train
sample_01416.jpg,SRC_122,-5.0,180.0,57.310506,N-summer,0.25,train
sample_01417.jpg,SRC_009,-25.0,180.0,73.827745,N-spring,0.5,train
sample_01418.jpg,SRC_051,20.0,180.0,63.609319,N-autumn,0.5,train
sample_01419.jpg,SRC_114,-10.0,180.0,58.176498,N-autumn,0.5,train
sample_01420.jpg,SRC_088,0.0,180.0,53.004483,N-summer,0.25,train
sample_01421.jpg,SRC_042,10.0,180.0,36.92431,N-spring,0.5,calibration
sample_01422.jpg,SRC_063,25.0,180.0,41.329237,N-spring,0.25,train
sample_01423.jpg,SRC_158,-5.0,180.0,35.954137,N-winter,0.25,train
sample_01424.jpg,SRC_151,-15.0,180.0,63.408071,N-summer,0.5,validation
sample_01425.jpg,SRC_004,30.0,180.0,61.107468,N-autumn,0.5,train
sample_01426.jpg,SRC_013,50.0,180.0,54.051464,N-spring,0.5,train
sample_01427.jpg,SRC_076,25.0,180.0,63.632584,N-autumn,0.25,train
sample_01428.jpg,SRC_067,-15.0,180.0,64.724247,N-spring,0.5,calibration
sample_01429.jpg,SRC_041,15.0,180.0,46.712049,N-summer,0.25,validation
sample_01430.jpg,SRC_074,0.0,180.0,50.25459,N-spring,0.5,train
sample_01431.jpg,SRC_151,-15.0,180.0,63.408071,N-summer,0.5,validation
sample_01432.jpg,SRC_081,-90.0,0.0,74.772433,N-autumn,0.25,calibration
sample_01433.jpg,SRC_006,-15.0,180.0,65.638079,N-spring,0.5,train
sample_01434.jpg,SRC_146,10.0,180.0,58.0428,N-summer,0.5,train
sample_01435.jpg,SRC_088,0.0,180.0,53.004483,N-summer,0.25,train
sample_01436.jpg,SRC_103,-35.0,180.0,57.090396,N-autumn,0.25,train
sample_01437.jpg,SRC_009,-25.0,180.0,73.827745,N-spring,0.5,train
sample_01438.jpg,SRC_093,-25.0,180.0,43.343655,N-autumn,0.5,calibration
sample_01439.jpg,SRC_013,50.0,180.0,54.051464,N-spring,0.5,train
sample_01440.jpg,SRC_091,-40.0,180.0,72.511342,N-summer,0.5,train
sample_01441.jpg,SRC_121,25.0,180.0,67.446292,N-autumn,0.5,train
sample_01442.jpg,SRC_115,25.0,180.0,41.8845,N-spring,0.25,train
sample_01443.jpg,SRC_137,-5.0,180.0,45.053172,N-spring,0.25,train
sample_01444.jpg,SRC_170,-20.0,180.0,56.332579,N-autumn,0.25,validation
sample_01445.jpg,SRC_165,10.0,180.0,42.451267,N-winter,0.25,train
sample_01446.jpg,SRC_009,-25.0,180.0,73.827745,N-spring,0.5,train
sample_01447.jpg,SRC_112,-30.0,180.0,67.516648,N-spring,0.5,train
sample_01448.jpg,SRC_157,40.0,180.0,44.22455,N-summer,0.25,calibration
sample_01449.jpg,SRC_114,-10.0,180.0,58.176498,N-autumn,0.5,train
sample_01450.jpg,SRC_052,5.0,180.0,51.705435,N-summer,0.25,train
sample_01451.jpg,SRC_037,15.0,180.0,44.468297,N-spring,0.25,train
sample_01452.jpg,SRC_104,25.0,180.0,45.102036,N-summer,0.5,validation
sample_01453.jpg,SRC_085,0.0,180.0,39.187341,N-spring,0.25,train
sample_01454.jpg,SRC_109,50.0,180.0,54.137665,N-summer,0.25,validation
sample_01455.jpg,SRC_040,90.0,0.0,57.651744,N-spring,0.5,train
sample_01456.jpg,SRC_061,50.0,180.0,43.110277,N-spring,0.5,train
sample_01457.jpg,SRC_112,-30.0,180.0,67.516648,N-spring,0.5,train
sample_01458.jpg,SRC_006,-15.0,180.0,65.638079,N-spring,0.5,train
sample_01459.jpg,SRC_009,-25.0,180.0,73.827745,N-spring,0.5,train
sample_01460.jpg,SRC_006,-15.0,180.0,65.638079,N-spring,0.5,train
sample_01461.jpg,SRC_010,90.0,0.0,74.440619,N-summer,0.5,calibration
sample_01462.jpg,SRC_153,-40.0,180.0,43.960452,N-autumn,0.25,train
sample_01463.jpg,SRC_103,-35.0,180.0,57.090396,N-autumn,0.25,train
sample_01464.jpg,SRC_004,30.0,180.0,61.107468,N-autumn,0.5,train
sample_01465.jpg,SRC_013,50.0,180.0,54.051464,N-spring,0.5,train
sample_01466.jpg,SRC_092,5.0,180.0,57.429528,N-autumn,0.25,train
sample_01467.jpg,SRC_026,90.0,0.0,57.238404,N-spring,0.25,calibration
sample_01468.jpg,SRC_092,5.0,180.0,57.429528,N-autumn,0.25,train
sample_01469.jpg,SRC_108,-40.0,180.0,68.856247,N-summer,0.5,calibration
sample_01470.jpg,SRC_074,0.0,180.0,50.25459,N-spring,0.5,train
sample_01471.jpg,SRC_104,25.0,180.0,45.102036,N-summer,0.5,validation
sample_01472.jpg,SRC_069,25.0,180.0,48.120522,N-summer,0.5,train
sample_01473.jpg,SRC_142,-30.0,180.0,34.276784,N-winter,0.25,train
sample_01474.jpg,SRC_130,25.0,180.0,37.507656,N-spring,0.25,train
sample_01475.jpg,SRC_087,0.0,180.0,54.65824,N-summer,0.25,calibration
sample_01476.jpg,SRC_014,-40.0,180.0,38.480327,N-winter,0.25,train
sample_01477.jpg,SRC_030,-25.0,180.0,67.936804,N-spring,0.5,train
sample_01478.jpg,SRC_092,5.0,180.0,57.429528,N-autumn,0.25,train
sample_01479.jpg,SRC_091,-40.0,180.0,72.511342,N-summer,0.5,train
sample_01480.jpg,SRC_115,25.0,180.0,41.8845,N-spring,0.25,train
sample_01481.jpg,SRC_137,-5.0,180.0,45.053172,N-spring,0.25,train
sample_01482.jpg,SRC_104,25.0,180.0,45.102036,N-summer,0.5,validation
sample_01483.jpg,SRC_076,25.0,180.0,63.632584,N-autumn,0.25,train
sample_01484.jpg,SRC_107,20.0,180.0,65.68027,N-autumn,0.5,train
sample_01485.jpg,SRC_058,30.0,180.0,69.060883,N-autumn,0.5,train
sample_01486.jpg,SRC_087,0.0,180.0,54.65824,N-summer,0.25,calibration
sample_01487.jpg,SRC_109,50.0,180.0,54.137665,N-summer,0.25,validation
sample_01488.jpg,SRC_116,5.0,180.0,41.203028,N-spring,0.25,calibration
sample_01489.jpg,SRC_142,-30.0,180.0,34.276784,N-winter,0.25,train
sample_01490.jpg,SRC_149,90.0,0.0,55.701783,N-summer,0.25,train
sample_01491.jpg,SRC_114,-10.0,180.0,58.176498,N-autumn,0.5,train
sample_01492.jpg,SRC_047,0.0,180.0,48.028677,N-spring,0.5,validation
sample_01493.jpg,SRC_102,-10.0,180.0,52.255853,N-spring,0.25,train
sample_01494.jpg,SRC_043,10.0,180.0,50.433279,N-summer,0.5,train
sample_01495.jpg,SRC_124,0.0,180.0,51.928413,N-summer,0.25,train
sample_01496.jpg,SRC_158,-5.0,180.0,35.954137,N-winter,0.25,train
sample_01497.jpg,SRC_109,50.0,180.0,54.137665,N-summer,0.25,validation
sample_01498.jpg,SRC_095,-20.0,180.0,56.495654,N-spring,0.5,validation
sample_01499.jpg,SRC_091,-40.0,180.0,72.511342,N-summer,0.5,train
sample_01500.jpg,SRC_001,-5.0,180.0,51.987197,N-spring,0.5,train
sample_01501.jpg,SRC_044,-90.0,0.0,81.862162,N-autumn,0.5,train
sample_01502.jpg,SRC_124,0.0,180.0,51.928413,N-summer,0.25,train
sample_01503.jpg,SRC_030,-25.0,180.0,67.936804,N-spring,0.5,train
sample_01504.jpg,SRC_042,10.0,180.0,36.92431,N-spring,0.5,calibration
sample_01505.jpg,SRC_040,90.0,0.0,57.651744,N-spring,0.5,train
sample_01506.jpg,SRC_158,-5.0,180.0,35.954137,N-winter,0.25,train
sample_01507.jpg,SRC_102,-10.0,180.0,52.255853,N-spring,0.25,train
sample_01508.jpg,SRC_081,-90.0,0.0,74.772433,N-autumn,0.25,calibration
sample_01509.jpg,SRC_063,25.0,180.0,41.329237,N-spring,0.25,train
sample_01510.jpg,SRC_158,-5.0,180.0,35.954137,N-winter,0.25,train
sample_01511.jpg,SRC_002,40.0,180.0,45.868768,N-summer,0.25,train
sample_01512.jpg,SRC_058,30.0,180.0,69.060883,N-autumn,0.5,train
sample_01513.jpg,SRC_153,-40.0,180.0,43.960452,N-autumn,0.25,train
sample_01514.jpg,SRC_135,5.0,180.0,41.328761,N-winter,0.5,train
sample_01515.jpg,SRC_157,40.0,180.0,44.22455,N-summer,0.25,calibration
sample_01516.jpg,SRC_088,0.0,180.0,53.004483,N-summer,0.25,train
sample_01517.jpg,SRC_104,25.0,180.0,45.102036,N-summer,0.5,validation
sample_01518.jpg,SRC_047,0.0,180.0,48.028677,N-spring,0.5,validation
sample_01519.jpg,SRC_005,0.0,180.0,55.846781,N-summer,0.5,validation
sample_01520.jpg,SRC_021,-90.0,0.0,68.040851,N-autumn,0.5,train
sample_01521.jpg,SRC_030,-25.0,180.0,67.936804,N-spring,0.5,train
sample_01522.jpg,SRC_052,5.0,180.0,51.705435,N-summer,0.25,train
sample_01523.jpg,SRC_056,-40.0,180.0,74.660587,N-summer,0.5,train
sample_01524.jpg,SRC_092,5.0,180.0,57.429528,N-autumn,0.25,train
sample_01525.jpg,SRC_075,-90.0,0.0,65.329336,N-winter,0.25,train
sample_01526.jpg,SRC_009,-25.0,180.0,73.827745,N-spring,0.5,train
sample_01527.jpg,SRC_004,30.0,180.0,61.107468,N-autumn,0.5,train
sample_01528.jpg,SRC_108,-40.0,180.0,68.856247,N-summer,0.5,calibration
sample_01529.jpg,SRC_066,-10.0,180.0,61.81065,N-summer,0.5,calibration
sample_01530.jpg,SRC_133,-10.0,180.0,48.887369,N-spring,0.5,train
sample_01531.jpg,SRC_028,10.0,180.0,42.894848,N-spring,0.25,calibration
sample_01532.jpg,SRC_112,-30.0,180.0,67.516648,N-spring,0.5,train
sample_01533.jpg,SRC_111,-35.0,180.0,79.069883,N-spring,1.0,train
sample_01534.jpg,SRC_153,-40.0,180.0,43.960452,N-autumn,0.25,train
sample_01535.jpg,SRC_002,40.0,180.0,45.868768,N-summer,0.25,train
sample_01536.jpg,SRC_111,-35.0,180.0,79.069883,N-spring,1.0,train
sample_01537.jpg,SRC_170,-20.0,180.0,56.332579,N-autumn,0.25,validation
sample_01538.jpg,SRC_074,0.0,180.0,50.25459,N-spring,0.5,train
sample_01539.jpg,SRC_091,-40.0,180.0,72.511342,N-summer,0.5,train
sample_01540.jpg,SRC_159,20.0,180.0,67.076816,N-autumn,0.25,train
sample_01541.jpg,SRC_171,-35.0,180.0,63.65778,N-spring,0.25,train
sample_01542.jpg,SRC_066,-10.0,180.0,61.81065,N-summer,0.5,calibration
sample_01543.jpg,SRC_124,0.0,180.0,51.928413,N-summer,0.25,train
sample_01544.jpg,SRC_055,-5.0,180.0,57.335076,N-spring,0.25,train
sample_01545.jpg,SRC_106,25.0,180.0,40.638999,N-spring,0.5,validation
sample_01546.jpg,SRC_047,0.0,180.0,48.028677,N-spring,0.5,validation
sample_01547.jpg,SRC_008,25.0,180.0,61.005891,N-autumn,0.25,validation
sample_01548.jpg,SRC_009,-25.0,180.0,73.827745,N-spring,0.5,train
sample_01549.jpg,SRC_069,25.0,180.0,48.120522,N-summer,0.5,train
sample_01550.jpg,SRC_069,25.0,180.0,48.120522,N-summer,0.5,train
sample_01551.jpg,SRC_129,20.0,180.0,41.057252,N-spring,0.25,validation
sample_01552.jpg,SRC_153,-40.0,180.0,43.960452,N-autumn,0.25,train
sample_01553.jpg,SRC_085,0.0,180.0,39.187341,N-spring,0.25,train
sample_01554.jpg,SRC_058,30.0,180.0,69.060883,N-autumn,0.5,train
sample_01555.jpg,SRC_124,0.0,180.0,51.928413,N-summer,0.25,train
sample_01556.jpg,SRC_041,15.0,180.0,46.712049,N-summer,0.25,validation
sample_01557.jpg,SRC_046,0.0,180.0,58.061031,N-autumn,0.25,calibration
sample_01558.jpg,SRC_170,-20.0,180.0,56.332579,N-autumn,0.25,validation
sample_01559.jpg,SRC_088,0.0,180.0,53.004483,N-summer,0.25,train
sample_01560.jpg,SRC_006,-15.0,180.0,65.638079,N-spring,0.5,train
sample_01561.jpg,SRC_006,-15.0,180.0,65.638079,N-spring,0.5,train
sample_01562.jpg,SRC_082,-10.0,180.0,60.444036,N-spring,0.25,calibration
sample_01563.jpg,SRC_151,-15.0,180.0,63.408071,N-summer,0.5,validation
sample_01564.jpg,SRC_091,-40.0,180.0,72.511342,N-summer,0.5,train
sample_01565.jpg,SRC_027,35.0,180.0,41.369436,N-spring,0.5,train
sample_01566.jpg,SRC_103,-35.0,180.0,57.090396,N-autumn,0.25,train
sample_01567.jpg,SRC_133,-10.0,180.0,48.887369,N-spring,0.5,train
sample_01568.jpg,SRC_095,-20.0,180.0,56.495654,N-spring,0.5,validation
sample_01569.jpg,SRC_092,5.0,180.0,57.429528,N-autumn,0.25,train
sample_01570.jpg,SRC_124,0.0,180.0,51.928413,N-summer,0.25,train
sample_01571.jpg,SRC_043,10.0,180.0,50.433279,N-summer,0.5,train
sample_01572.jpg,SRC_114,-10.0,180.0,58.176498,N-autumn,0.5,train
sample_01573.jpg,SRC_112,-30.0,180.0,67.516648,N-spring,0.5,train
sample_01574.jpg,SRC_148,-15.0,180.0,49.227137,N-autumn,0.25,train
sample_01575.jpg,SRC_065,30.0,180.0,68.700871,N-winter,0.5,train
sample_01576.jpg,SRC_157,40.0,180.0,44.22455,N-summer,0.25,calibration
sample_01577.jpg,SRC_093,-25.0,180.0,43.343655,N-autumn,0.5,calibration
sample_01578.jpg,SRC_040,90.0,0.0,57.651744,N-spring,0.5,train
sample_01579.jpg,SRC_009,-25.0,180.0,73.827745,N-spring,0.5,train
sample_01580.jpg,SRC_141,-10.0,180.0,55.206291,N-spring,0.25,train
sample_01581.jpg,SRC_114,-10.0,180.0,58.176498,N-autumn,0.5,train
sample_01582.jpg,SRC_018,-90.0,0.0,67.882485,N-winter,0.25,train
sample_01583.jpg,SRC_115,25.0,180.0,41.8845,N-spring,0.25,train
sample_01584.jpg,SRC_139,40.0,180.0,53.533251,N-winter,0.25,train
sample_01585.jpg,SRC_084,-10.0,180.0,58.957849,N-summer,0.25,train
sample_01586.jpg,SRC_090,50.0,180.0,47.196626,N-summer,0.25,train
sample_01587.jpg,SRC_037,15.0,180.0,44.468297,N-spring,0.25,train
sample_01588.jpg,SRC_124,0.0,180.0,51.928413,N-summer,0.25,train
sample_01589.jpg,SRC_036,5.0,180.0,52.749586,N-summer,0.25,train
sample_01590.jpg,SRC_141,-10.0,180.0,55.206291,N-spring,0.25,train
sample_01591.jpg,SRC_126,-20.0,180.0,68.779144,N-summer,0.5,train
sample_01592.jpg,SRC_156,10.0,180.0,48.737382,N-summer,0.25,validation
sample_01593.jpg,SRC_106,25.0,180.0,40.638999,N-spring,0.5,validation
sample_01594.jpg,SRC_018,-90.0,0.0,67.882485,N-winter,0.25,train
sample_01595.jpg,SRC_040,90.0,0.0,57.651744,N-spring,0.5,train
sample_01596.jpg,SRC_131,10.0,180.0,60.540464,N-autumn,0.5,train
sample_01597.jpg,SRC_041,15.0,180.0,46.712049,N-summer,0.25,validation
sample_01598.jpg,SRC_042,10.0,180.0,36.92431,N-spring,0.5,calibration
sample_01599.jpg,SRC_100,20.0,180.0,41.506528,N-spring,0.25,train
sample_01600.jpg,SRC_051,20.0,180.0,63.609319,N-autumn,0.5,train
sample_01601.jpg,SRC_164,20.0,180.0,59.226879,N-autumn,0.25,train
sample_01602.jpg,SRC_120,90.0,0.0,69.983669,N-summer,0.25,train
sample_01603.jpg,SRC_132,5.0,180.0,51.83727,N-summer,0.25,train
sample_01604.jpg,SRC_027,35.0,180.0,41.369436,N-spring,0.5,train
sample_01605.jpg,SRC_159,20.0,180.0,67.076816,N-autumn,0.25,train
sample_01606.jpg,SRC_042,10.0,180.0,36.92431,N-spring,0.5,calibration
sample_01607.jpg,SRC_091,-40.0,180.0,72.511342,N-summer,0.5,train
sample_01608.jpg,SRC_003,0.0,180.0,38.090051,N-spring,0.25,validation
sample_01609.jpg,SRC_153,-40.0,180.0,43.960452,N-autumn,0.25,train
sample_01610.jpg,SRC_052,5.0,180.0,51.705435,N-summer,0.25,train
sample_01611.jpg,SRC_096,25.0,180.0,40.422288,N-spring,0.25,train
sample_01612.jpg,SRC_112,-30.0,180.0,67.516648,N-spring,0.5,train
sample_01613.jpg,SRC_139,40.0,180.0,53.533251,N-winter,0.25,train
sample_01614.jpg,SRC_055,-5.0,180.0,57.335076,N-spring,0.25,train
sample_01615.jpg,SRC_153,-40.0,180.0,43.960452,N-autumn,0.25,train
sample_01616.jpg,SRC_063,25.0,180.0,41.329237,N-spring,0.25,train
sample_01617.jpg,SRC_013,50.0,180.0,54.051464,N-spring,0.5,train
sample_01618.jpg,SRC_146,10.0,180.0,58.0428,N-summer,0.5,train
sample_01619.jpg,SRC_022,20.0,180.0,41.513642,N-spring,0.25,train
sample_01620.jpg,SRC_045,-90.0,0.0,70.559818,N-autumn,0.25,train
sample_01621.jpg,SRC_040,90.0,0.0,57.651744,N-spring,0.5,train
sample_01622.jpg,SRC_013,50.0,180.0,54.051464,N-spring,0.5,train
sample_01623.jpg,SRC_103,-35.0,180.0,57.090396,N-autumn,0.25,train
sample_01624.jpg,SRC_087,0.0,180.0,54.65824,N-summer,0.25,calibration
sample_01625.jpg,SRC_152,30.0,180.0,40.69576,N-spring,0.25,validation
sample_01626.jpg,SRC_082,-10.0,180.0,60.444036,N-spring,0.25,calibration
sample_01627.jpg,SRC_026,90.0,0.0,57.238404,N-spring,0.25,calibration
sample_01628.jpg,SRC_109,50.0,180.0,54.137665,N-summer,0.25,validation
sample_01629.jpg,SRC_047,0.0,180.0,48.028677,N-spring,0.5,validation
sample_01630.jpg,SRC_041,15.0,180.0,46.712049,N-summer,0.25,validation
sample_01631.jpg,SRC_089,10.0,180.0,48.442522,N-winter,0.25,calibration
sample_01632.jpg,SRC_075,-90.0,0.0,65.329336,N-winter,0.25,train
sample_01633.jpg,SRC_133,-10.0,180.0,48.887369,N-spring,0.5,train
sample_01634.jpg,SRC_093,-25.0,180.0,43.343655,N-autumn,0.5,calibration
sample_01635.jpg,SRC_146,10.0,180.0,58.0428,N-summer,0.5,train
sample_01636.jpg,SRC_092,5.0,180.0,57.429528,N-autumn,0.25,train
sample_01637.jpg,SRC_148,-15.0,180.0,49.227137,N-autumn,0.25,train
sample_01638.jpg,SRC_076,25.0,180.0,63.632584,N-autumn,0.25,train
sample_01639.jpg,SRC_086,15.0,180.0,43.648742,N-summer,0.5,validation
sample_01640.jpg,SRC_170,-20.0,180.0,56.332579,N-autumn,0.25,validation
sample_01641.jpg,SRC_168,90.0,0.0,64.709631,N-summer,0.25,validation
sample_01642.jpg,SRC_148,-15.0,180.0,49.227137,N-autumn,0.25,train
sample_01643.jpg,SRC_009,-25.0,180.0,73.827745,N-spring,0.5,train
sample_01644.jpg,SRC_076,25.0,180.0,63.632584,N-autumn,0.25,train
sample_01645.jpg,SRC_153,-40.0,180.0,43.960452,N-autumn,0.25,train
sample_01646.jpg,SRC_023,-10.0,180.0,50.837437,N-spring,0.25,train
sample_01647.jpg,SRC_074,0.0,180.0,50.25459,N-spring,0.5,train
sample_01648.jpg,SRC_031,-90.0,0.0,62.684336,N-winter,0.5,train
sample_01649.jpg,SRC_093,-25.0,180.0,43.343655,N-autumn,0.5,calibration
sample_01650.jpg,SRC_106,25.0,180.0,40.638999,N-spring,0.5,validation
sample_01651.jpg,SRC_052,5.0,180.0,51.705435,N-summer,0.25,train
sample_01652.jpg,SRC_136,-35.0,180.0,76.922409,N-spring,0.5,train
sample_01653.jpg,SRC_067,-15.0,180.0,64.724247,N-spring,0.5,calibration
sample_01654.jpg,SRC_158,-5.0,180.0,35.954137,N-winter,0.25,train
sample_01655.jpg,SRC_052,5.0,180.0,51.705435,N-summer,0.25,train
sample_01656.jpg,SRC_131,10.0,180.0,60.540464,N-autumn,0.5,train
sample_01657.jpg,SRC_171,-35.0,180.0,63.65778,N-spring,0.25,train
sample_01658.jpg,SRC_103,-35.0,180.0,57.090396,N-autumn,0.25,train
sample_01659.jpg,SRC_011,-20.0,180.0,70.371153,N-summer,0.25,train
sample_01660.jpg,SRC_042,10.0,180.0,36.92431,N-spring,0.5,calibration
sample_01661.jpg,SRC_008,25.0,180.0,61.005891,N-autumn,0.25,validation
sample_01662.jpg,SRC_026,90.0,0.0,57.238404,N-spring,0.25,calibration
sample_01663.jpg,SRC_069,25.0,180.0,48.120522,N-summer,0.5,train
sample_01664.jpg,SRC_057,-5.0,180.0,57.599617,N-summer,0.25,calibration
sample_01665.jpg,SRC_084,-10.0,180.0,58.957849,N-summer,0.25,train
sample_01666.jpg,SRC_040,90.0,0.0,57.651744,N-spring,0.5,train
sample_01667.jpg,SRC_091,-40.0,180.0,72.511342,N-summer,0.5,train
sample_01668.jpg,SRC_154,0.0,180.0,54.770875,N-summer,0.5,train
sample_01669.jpg,SRC_023,-10.0,180.0,50.837437,N-spring,0.25,train
sample_01670.jpg,SRC_126,-20.0,180.0,68.779144,N-summer,0.5,train
sample_01671.jpg,SRC_150,10.0,180.0,50.798821,N-summer,0.5,train
sample_01672.jpg,SRC_142,-30.0,180.0,34.276784,N-winter,0.25,train
sample_01673.jpg,SRC_101,5.0,180.0,48.479381,N-winter,0.25,validation
sample_01674.jpg,SRC_142,-30.0,180.0,34.276784,N-winter,0.25,train
sample_01675.jpg,SRC_022,20.0,180.0,41.513642,N-spring,0.25,train
sample_01676.jpg,SRC_092,5.0,180.0,57.429528,N-autumn,0.25,train
sample_01677.jpg,SRC_103,-35.0,180.0,57.090396,N-autumn,0.25,train
sample_01678.jpg,SRC_153,-40.0,180.0,43.960452,N-autumn,0.25,train
sample_01679.jpg,SRC_015,20.0,180.0,46.484204,N-summer,0.25,train
sample_01680.jpg,SRC_114,-10.0,180.0,58.176498,N-autumn,0.5,train
sample_01681.jpg,SRC_009,-25.0,180.0,73.827745,N-spring,0.5,train
sample_01682.jpg,SRC_076,25.0,180.0,63.632584,N-autumn,0.25,train
sample_01683.jpg,SRC_121,25.0,180.0,67.446292,N-autumn,0.5,train
sample_01684.jpg,SRC_103,-35.0,180.0,57.090396,N-autumn,0.25,train
sample_01685.jpg,SRC_075,-90.0,0.0,65.329336,N-winter,0.25,train
sample_01686.jpg,SRC_106,25.0,180.0,40.638999,N-spring,0.5,validation
sample_01687.jpg,SRC_106,25.0,180.0,40.638999,N-spring,0.5,validation
sample_01688.jpg,SRC_009,-25.0,180.0,73.827745,N-spring,0.5,train
sample_01689.jpg,SRC_076,25.0,180.0,63.632584,N-autumn,0.25,train
sample_01690.jpg,SRC_030,-25.0,180.0,67.936804,N-spring,0.5,train
sample_01691.jpg,SRC_067,-15.0,180.0,64.724247,N-spring,0.5,calibration
sample_01692.jpg,SRC_115,25.0,180.0,41.8845,N-spring,0.25,train
sample_01693.jpg,SRC_132,5.0,180.0,51.83727,N-summer,0.25,train
sample_01694.jpg,SRC_030,-25.0,180.0,67.936804,N-spring,0.5,train
sample_01695.jpg,SRC_063,25.0,180.0,41.329237,N-spring,0.25,train
sample_01696.jpg,SRC_006,-15.0,180.0,65.638079,N-spring,0.5,train
sample_01697.jpg,SRC_146,10.0,180.0,58.0428,N-summer,0.5,train
sample_01698.jpg,SRC_021,-90.0,0.0,68.040851,N-autumn,0.5,train
sample_01699.jpg,SRC_108,-40.0,180.0,68.856247,N-summer,0.5,calibration
sample_01700.jpg,SRC_126,-20.0,180.0,68.779144,N-summer,0.5,train
sample_01701.jpg,SRC_131,10.0,180.0,60.540464,N-autumn,0.5,train
sample_01702.jpg,SRC_139,40.0,180.0,53.533251,N-winter,0.25,train
sample_01703.jpg,SRC_133,-10.0,180.0,48.887369,N-spring,0.5,train
sample_01704.jpg,SRC_027,35.0,180.0,41.369436,N-spring,0.5,train
sample_01705.jpg,SRC_148,-15.0,180.0,49.227137,N-autumn,0.25,train
sample_01706.jpg,SRC_145,-5.0,180.0,52.15166,N-spring,0.25,train
sample_01707.jpg,SRC_146,10.0,180.0,58.0428,N-summer,0.5,train
sample_01708.jpg,SRC_168,90.0,0.0,64.709631,N-summer,0.25,validation
sample_01709.jpg,SRC_059,15.0,180.0,48.046698,N-summer,0.25,train
sample_01710.jpg,SRC_170,-20.0,180.0,56.332579,N-autumn,0.25,validation
sample_01711.jpg,SRC_157,40.0,180.0,44.22455,N-summer,0.25,calibration
sample_01712.jpg,SRC_152,30.0,180.0,40.69576,N-spring,0.25,validation
sample_01713.jpg,SRC_156,10.0,180.0,48.737382,N-summer,0.25,validation
sample_01714.jpg,SRC_091,-40.0,180.0,72.511342,N-summer,0.5,train
sample_01715.jpg,SRC_028,10.0,180.0,42.894848,N-spring,0.25,calibration
sample_01716.jpg,SRC_127,-35.0,180.0,47.507974,N-autumn,0.5,validation
sample_01717.jpg,SRC_114,-10.0,180.0,58.176498,N-autumn,0.5,train
sample_01718.jpg,SRC_151,-15.0,180.0,63.408071,N-summer,0.5,validation
sample_01719.jpg,SRC_071,20.0,180.0,40.070501,N-spring,0.25,train
sample_01720.jpg,SRC_030,-25.0,180.0,67.936804,N-spring,0.5,train
sample_01721.jpg,SRC_067,-15.0,180.0,64.724247,N-spring,0.5,calibration
sample_01722.jpg,SRC_170,-20.0,180.0,56.332579,N-autumn,0.25,validation
sample_01723.jpg,SRC_093,-25.0,180.0,43.343655,N-autumn,0.5,calibration
sample_01724.jpg,SRC_140,35.0,180.0,44.85556,N-spring,0.25,train
sample_01725.jpg,SRC_030,-25.0,180.0,67.936804,N-spring,0.5,train
sample_01726.jpg,SRC_153,-40.0,180.0,43.960452,N-autumn,0.25,train
sample_01727.jpg,SRC_006,-15.0,180.0,65.638079,N-spring,0.5,train
sample_01728.jpg,SRC_093,-25.0,180.0,43.343655,N-autumn,0.5,calibration
sample_01729.jpg,SRC_020,35.0,180.0,42.075965,N-summer,0.25,calibration
sample_01730.jpg,SRC_084,-10.0,180.0,58.957849,N-summer,0.25,train
sample_01731.jpg,SRC_092,5.0,180.0,57.429528,N-autumn,0.25,train
sample_01732.jpg,SRC_086,15.0,180.0,43.648742,N-summer,0.5,validation
sample_01733.jpg,SRC_133,-10.0,180.0,48.887369,N-spring,0.5,train
sample_01734.jpg,SRC_020,35.0,180.0,42.075965,N-summer,0.25,calibration
sample_01735.jpg,SRC_040,90.0,0.0,57.651744,N-spring,0.5,train
sample_01736.jpg,SRC_092,5.0,180.0,57.429528,N-autumn,0.25,train
sample_01737.jpg,SRC_026,90.0,0.0,57.238404,N-spring,0.25,calibration
sample_01738.jpg,SRC_074,0.0,180.0,50.25459,N-spring,0.5,train
sample_01739.jpg,SRC_135,5.0,180.0,41.328761,N-winter,0.5,train
sample_01740.jpg,SRC_061,50.0,180.0,43.110277,N-spring,0.5,train
sample_01741.jpg,SRC_121,25.0,180.0,67.446292,N-autumn,0.5,train
sample_01742.jpg,SRC_156,10.0,180.0,48.737382,N-summer,0.25,validation
sample_01743.jpg,SRC_091,-40.0,180.0,72.511342,N-summer,0.5,train
sample_01744.jpg,SRC_094,20.0,180.0,66.934532,N-autumn,0.25,train
sample_01745.jpg,SRC_061,50.0,180.0,43.110277,N-spring,0.5,train
sample_01746.jpg,SRC_005,0.0,180.0,55.846781,N-summer,0.5,validation
sample_01747.jpg,SRC_090,50.0,180.0,47.196626,N-summer,0.25,train
sample_01748.jpg,SRC_103,-35.0,180.0,57.090396,N-autumn,0.25,train
sample_01749.jpg,SRC_026,90.0,0.0,57.238404,N-spring,0.25,calibration
sample_01750.jpg,SRC_115,25.0,180.0,41.8845,N-spring,0.25,train
sample_01751.jpg,SRC_149,90.0,0.0,55.701783,N-summer,0.25,train
sample_01752.jpg,SRC_148,-15.0,180.0,49.227137,N-autumn,0.25,train
sample_01753.jpg,SRC_046,0.0,180.0,58.061031,N-autumn,0.25,calibration
sample_01754.jpg,SRC_159,20.0,180.0,67.076816,N-autumn,0.25,train
sample_01755.jpg,SRC_092,5.0,180.0,57.429528,N-autumn,0.25,train
sample_01756.jpg,SRC_090,50.0,180.0,47.196626,N-summer,0.25,train
sample_01757.jpg,SRC_164,20.0,180.0,59.226879,N-autumn,0.25,train
sample_01758.jpg,SRC_041,15.0,180.0,46.712049,N-summer,0.25,validation
sample_01759.jpg,SRC_151,-15.0,180.0,63.408071,N-summer,0.5,validation
sample_01760.jpg,SRC_009,-25.0,180.0,73.827745,N-spring,0.5,train
sample_01761.jpg,SRC_121,25.0,180.0,67.446292,N-autumn,0.5,train
sample_01762.jpg,SRC_022,20.0,180.0,41.513642,N-spring,0.25,train
sample_01763.jpg,SRC_047,0.0,180.0,48.028677,N-spring,0.5,validation
sample_01764.jpg,SRC_009,-25.0,180.0,73.827745,N-spring,0.5,train
sample_01765.jpg,SRC_145,-5.0,180.0,52.15166,N-spring,0.25,train
sample_01766.jpg,SRC_124,0.0,180.0,51.928413,N-summer,0.25,train
sample_01767.jpg,SRC_170,-20.0,180.0,56.332579,N-autumn,0.25,validation
sample_01768.jpg,SRC_016,10.0,180.0,55.552023,N-winter,0.5,calibration
sample_01769.jpg,SRC_153,-40.0,180.0,43.960452,N-autumn,0.25,train
sample_01770.jpg,SRC_109,50.0,180.0,54.137665,N-summer,0.25,validation
sample_01771.jpg,SRC_056,-40.0,180.0,74.660587,N-summer,0.5,train
sample_01772.jpg,SRC_029,-5.0,180.0,45.485648,N-autumn,0.25,calibration
sample_01773.jpg,SRC_158,-5.0,180.0,35.954137,N-winter,0.25,train
sample_01774.jpg,SRC_144,-35.0,180.0,76.731052,N-spring,0.5,train
sample_01775.jpg,SRC_103,-35.0,180.0,57.090396,N-autumn,0.25,train
sample_01776.jpg,SRC_142,-30.0,180.0,34.276784,N-winter,0.25,train
sample_01777.jpg,SRC_042,10.0,180.0,36.92431,N-spring,0.5,calibration
sample_01778.jpg,SRC_148,-15.0,180.0,49.227137,N-autumn,0.25,train
sample_01779.jpg,SRC_115,25.0,180.0,41.8845,N-spring,0.25,train
sample_01780.jpg,SRC_106,25.0,180.0,40.638999,N-spring,0.5,validation
sample_01781.jpg,SRC_156,10.0,180.0,48.737382,N-summer,0.25,validation
sample_01782.jpg,SRC_126,-20.0,180.0,68.779144,N-summer,0.5,train
sample_01783.jpg,SRC_148,-15.0,180.0,49.227137,N-autumn,0.25,train
sample_01784.jpg,SRC_099,15.0,180.0,42.024472,N-spring,0.5,train
sample_01785.jpg,SRC_091,-40.0,180.0,72.511342,N-summer,0.5,train
sample_01786.jpg,SRC_059,15.0,180.0,48.046698,N-summer,0.25,train
sample_01787.jpg,SRC_144,-35.0,180.0,76.731052,N-spring,0.5,train
sample_01788.jpg,SRC_156,10.0,180.0,48.737382,N-summer,0.25,validation
sample_01789.jpg,SRC_095,-20.0,180.0,56.495654,N-spring,0.5,validation
sample_01790.jpg,SRC_051,20.0,180.0,63.609319,N-autumn,0.5,train
sample_01791.jpg,SRC_088,0.0,180.0,53.004483,N-summer,0.25,train
sample_01792.jpg,SRC_003,0.0,180.0,38.090051,N-spring,0.25,validation
sample_01793.jpg,SRC_132,5.0,180.0,51.83727,N-summer,0.25,train
sample_01794.jpg,SRC_151,-15.0,180.0,63.408071,N-summer,0.5,validation
sample_01795.jpg,SRC_131,10.0,180.0,60.540464,N-autumn,0.5,train
sample_01796.jpg,SRC_096,25.0,180.0,40.422288,N-spring,0.25,train
sample_01797.jpg,SRC_136,-35.0,180.0,76.922409,N-spring,0.5,train
sample_01798.jpg,SRC_062,45.0,180.0,81.508965,N-autumn,0.5,train
sample_01799.jpg,SRC_133,-10.0,180.0,48.887369,N-spring,0.5,train
sample_01800.jpg,SRC_115,25.0,180.0,41.8845,N-spring,0.25,train
sample_01801.jpg,SRC_124,0.0,180.0,51.928413,N-summer,0.25,train
sample_01802.jpg,SRC_119,90.0,0.0,58.642683,N-spring,0.25,calibration
sample_01803.jpg,SRC_069,25.0,180.0,48.120522,N-summer,0.5,train
sample_01804.jpg,SRC_004,30.0,180.0,61.107468,N-autumn,0.5,train
sample_01805.jpg,SRC_067,-15.0,180.0,64.724247,N-spring,0.5,calibration
sample_01806.jpg,SRC_100,20.0,180.0,41.506528,N-spring,0.25,train
sample_01807.jpg,SRC_055,-5.0,180.0,57.335076,N-spring,0.25,train
sample_01808.jpg,SRC_066,-10.0,180.0,61.81065,N-summer,0.5,calibration
sample_01809.jpg,SRC_069,25.0,180.0,48.120522,N-summer,0.5,train
sample_01810.jpg,SRC_009,-25.0,180.0,73.827745,N-spring,0.5,train
sample_01811.jpg,SRC_171,-35.0,180.0,63.65778,N-spring,0.25,train
sample_01812.jpg,SRC_126,-20.0,180.0,68.779144,N-summer,0.5,train
sample_01813.jpg,SRC_004,30.0,180.0,61.107468,N-autumn,0.5,train
sample_01814.jpg,SRC_134,-30.0,180.0,69.607895,N-spring,0.5,train
sample_01815.jpg,SRC_149,90.0,0.0,55.701783,N-summer,0.25,train
sample_01816.jpg,SRC_109,50.0,180.0,54.137665,N-summer,0.25,validation
sample_01817.jpg,SRC_108,-40.0,180.0,68.856247,N-summer,0.5,calibration
sample_01818.jpg,SRC_011,-20.0,180.0,70.371153,N-summer,0.25,train
sample_01819.jpg,SRC_052,5.0,180.0,51.705435,N-summer,0.25,train
sample_01820.jpg,SRC_169,40.0,180.0,48.615664,N-summer,0.25,train
sample_01821.jpg,SRC_112,-30.0,180.0,67.516648,N-spring,0.5,train
sample_01822.jpg,SRC_094,20.0,180.0,66.934532,N-autumn,0.25,train
sample_01823.jpg,SRC_041,15.0,180.0,46.712049,N-summer,0.25,validation
sample_01824.jpg,SRC_148,-15.0,180.0,49.227137,N-autumn,0.25,train
sample_01825.jpg,SRC_009,-25.0,180.0,73.827745,N-spring,0.5,train
sample_01826.jpg,SRC_100,20.0,180.0,41.506528,N-spring,0.25,train
sample_01827.jpg,SRC_083,0.0,180.0,55.378885,N-spring,0.25,calibration
sample_01828.jpg,SRC_013,50.0,180.0,54.051464,N-spring,0.5,train
sample_01829.jpg,SRC_026,90.0,0.0,57.238404,N-spring,0.25,calibration
sample_01830.jpg,SRC_074,0.0,180.0,50.25459,N-spring,0.5,train
sample_01831.jpg,SRC_122,-5.0,180.0,57.310506,N-summer,0.25,train
sample_01832.jpg,SRC_084,-10.0,180.0,58.957849,N-summer,0.25,train
sample_01833.jpg,SRC_004,30.0,180.0,61.107468,N-autumn,0.5,train
sample_01834.jpg,SRC_136,-35.0,180.0,76.922409,N-spring,0.5,train
sample_01835.jpg,SRC_113,-35.0,180.0,36.668707,N-winter,0.25,train
sample_01836.jpg,SRC_142,-30.0,180.0,34.276784,N-winter,0.25,train
sample_01837.jpg,SRC_072,15.0,180.0,46.966801,N-winter,0.25,train
sample_01838.jpg,SRC_133,-10.0,180.0,48.887369,N-spring,0.5,train
sample_01839.jpg,SRC_142,-30.0,180.0,34.276784,N-winter,0.25,train
sample_01840.jpg,SRC_153,-40.0,180.0,43.960452,N-autumn,0.25,train
sample_01841.jpg,SRC_013,50.0,180.0,54.051464,N-spring,0.5,train
sample_01842.jpg,SRC_061,50.0,180.0,43.110277,N-spring,0.5,train
sample_01843.jpg,SRC_003,0.0,180.0,38.090051,N-spring,0.25,validation
sample_01844.jpg,SRC_092,5.0,180.0,57.429528,N-autumn,0.25,train
sample_01845.jpg,SRC_102,-10.0,180.0,52.255853,N-spring,0.25,train
sample_01846.jpg,SRC_030,-25.0,180.0,67.936804,N-spring,0.5,train
sample_01847.jpg,SRC_115,25.0,180.0,41.8845,N-spring,0.25,train
sample_01848.jpg,SRC_040,90.0,0.0,57.651744,N-spring,0.5,train
sample_01849.jpg,SRC_052,5.0,180.0,51.705435,N-summer,0.25,train
sample_01850.jpg,SRC_051,20.0,180.0,63.609319,N-autumn,0.5,train
sample_01851.jpg,SRC_055,-5.0,180.0,57.335076,N-spring,0.25,train
sample_01852.jpg,SRC_107,20.0,180.0,65.68027,N-autumn,0.5,train
sample_01853.jpg,SRC_004,30.0,180.0,61.107468,N-autumn,0.5,train
sample_01854.jpg,SRC_020,35.0,180.0,42.075965,N-summer,0.25,calibration
sample_01855.jpg,SRC_158,-5.0,180.0,35.954137,N-winter,0.25,train
sample_01856.jpg,SRC_123,0.0,180.0,54.598149,N-autumn,0.5,train
sample_01857.jpg,SRC_165,10.0,180.0,42.451267,N-winter,0.25,train
sample_01858.jpg,SRC_050,0.0,180.0,53.680047,N-summer,0.25,calibration
sample_01859.jpg,SRC_008,25.0,180.0,61.005891,N-autumn,0.25,validation
sample_01860.jpg,SRC_013,50.0,180.0,54.051464,N-spring,0.5,train
sample_01861.jpg,SRC_029,-5.0,180.0,45.485648,N-autumn,0.25,calibration
sample_01862.jpg,SRC_144,-35.0,180.0,76.731052,N-spring,0.5,train
sample_01863.jpg,SRC_158,-5.0,180.0,35.954137,N-winter,0.25,train
sample_01864.jpg,SRC_091,-40.0,180.0,72.511342,N-summer,0.5,train
sample_01865.jpg,SRC_011,-20.0,180.0,70.371153,N-summer,0.25,train
sample_01866.jpg,SRC_030,-25.0,180.0,67.936804,N-spring,0.5,train
sample_01867.jpg,SRC_114,-10.0,180.0,58.176498,N-autumn,0.5,train
sample_01868.jpg,SRC_094,20.0,180.0,66.934532,N-autumn,0.25,train
sample_01869.jpg,SRC_047,0.0,180.0,48.028677,N-spring,0.5,validation
sample_01870.jpg,SRC_037,15.0,180.0,44.468297,N-spring,0.25,train
sample_01871.jpg,SRC_115,25.0,180.0,41.8845,N-spring,0.25,train
sample_01872.jpg,SRC_074,0.0,180.0,50.25459,N-spring,0.5,train
sample_01873.jpg,SRC_106,25.0,180.0,40.638999,N-spring,0.5,validation
sample_01874.jpg,SRC_091,-40.0,180.0,72.511342,N-summer,0.5,train
sample_01875.jpg,SRC_056,-40.0,180.0,74.660587,N-summer,0.5,train
sample_01876.jpg,SRC_066,-10.0,180.0,61.81065,N-summer,0.5,calibration
sample_01877.jpg,SRC_065,30.0,180.0,68.700871,N-winter,0.5,train
sample_01878.jpg,SRC_037,15.0,180.0,44.468297,N-spring,0.25,train
sample_01879.jpg,SRC_058,30.0,180.0,69.060883,N-autumn,0.5,train
sample_01880.jpg,SRC_006,-15.0,180.0,65.638079,N-spring,0.5,train
sample_01881.jpg,SRC_004,30.0,180.0,61.107468,N-autumn,0.5,train
sample_01882.jpg,SRC_115,25.0,180.0,41.8845,N-spring,0.25,train
sample_01883.jpg,SRC_068,0.0,180.0,56.216196,N-summer,0.25,train
sample_01884.jpg,SRC_102,-10.0,180.0,52.255853,N-spring,0.25,train
sample_01885.jpg,SRC_084,-10.0,180.0,58.957849,N-summer,0.25,train
sample_01886.jpg,SRC_071,20.0,180.0,40.070501,N-spring,0.25,train
sample_01887.jpg,SRC_004,30.0,180.0,61.107468,N-autumn,0.5,train
sample_01888.jpg,SRC_042,10.0,180.0,36.92431,N-spring,0.5,calibration
sample_01889.jpg,SRC_052,5.0,180.0,51.705435,N-summer,0.25,train
sample_01890.jpg,SRC_041,15.0,180.0,46.712049,N-summer,0.25,validation
sample_01891.jpg,SRC_038,-15.0,180.0,32.097448,N-winter,0.25,train
sample_01892.jpg,SRC_108,-40.0,180.0,68.856247,N-summer,0.5,calibration
sample_01893.jpg,SRC_165,10.0,180.0,42.451267,N-winter,0.25,train
sample_01894.jpg,SRC_121,25.0,180.0,67.446292,N-autumn,0.5,train
sample_01895.jpg,SRC_051,20.0,180.0,63.609319,N-autumn,0.5,train
sample_01896.jpg,SRC_142,-30.0,180.0,34.276784,N-winter,0.25,train
sample_01897.jpg,SRC_058,30.0,180.0,69.060883,N-autumn,0.5,train
sample_01898.jpg,SRC_100,20.0,180.0,41.506528,N-spring,0.25,train
sample_01899.jpg,SRC_069,25.0,180.0,48.120522,N-summer,0.5,train
sample_01900.jpg,SRC_014,-40.0,180.0,38.480327,N-winter,0.25,train
sample_01901.jpg,SRC_170,-20.0,180.0,56.332579,N-autumn,0.25,validation
sample_01902.jpg,SRC_158,-5.0,180.0,35.954137,N-winter,0.25,train
sample_01903.jpg,SRC_091,-40.0,180.0,72.511342,N-summer,0.5,train
sample_01904.jpg,SRC_030,-25.0,180.0,67.936804,N-spring,0.5,train
sample_01905.jpg,SRC_133,-10.0,180.0,48.887369,N-spring,0.5,train
sample_01906.jpg,SRC_004,30.0,180.0,61.107468,N-autumn,0.5,train
sample_01907.jpg,SRC_071,20.0,180.0,40.070501,N-spring,0.25,train
sample_01908.jpg,SRC_127,-35.0,180.0,47.507974,N-autumn,0.5,validation
sample_01909.jpg,SRC_058,30.0,180.0,69.060883,N-autumn,0.5,train
sample_01910.jpg,SRC_051,20.0,180.0,63.609319,N-autumn,0.5,train
sample_01911.jpg,SRC_063,25.0,180.0,41.329237,N-spring,0.25,train
sample_01912.jpg,SRC_040,90.0,0.0,57.651744,N-spring,0.5,train
sample_01913.jpg,SRC_061,50.0,180.0,43.110277,N-spring,0.5,train
sample_01914.jpg,SRC_121,25.0,180.0,67.446292,N-autumn,0.5,train
sample_01915.jpg,SRC_015,20.0,180.0,46.484204,N-summer,0.25,train
sample_01916.jpg,SRC_139,40.0,180.0,53.533251,N-winter,0.25,train
sample_01917.jpg,SRC_040,90.0,0.0,57.651744,N-spring,0.5,train
sample_01918.jpg,SRC_014,-40.0,180.0,38.480327,N-winter,0.25,train
sample_01919.jpg,SRC_062,45.0,180.0,81.508965,N-autumn,0.5,train
sample_01920.jpg,SRC_062,45.0,180.0,81.508965,N-autumn,0.5,train
sample_01921.jpg,SRC_123,0.0,180.0,54.598149,N-autumn,0.5,train
sample_01922.jpg,SRC_126,-20.0,180.0,68.779144,N-summer,0.5,train
sample_01923.jpg,SRC_088,0.0,180.0,53.004483,N-summer,0.25,train
sample_01924.jpg,SRC_027,35.0,180.0,41.369436,N-spring,0.5,train
sample_01925.jpg,SRC_135,5.0,180.0,41.328761,N-winter,0.5,train
sample_01926.jpg,SRC_106,25.0,180.0,40.638999,N-spring,0.5,validation
sample_01927.jpg,SRC_087,0.0,180.0,54.65824,N-summer,0.25,calibration
sample_01928.jpg,SRC_073,45.0,180.0,41.537171,N-spring,0.25,train
sample_01929.jpg,SRC_124,0.0,180.0,51.928413,N-summer,0.25,train
sample_01930.jpg,SRC_158,-5.0,180.0,35.954137,N-winter,0.25,train
sample_01931.jpg,SRC_133,-10.0,180.0,48.887369,N-spring,0.5,train
sample_01932.jpg,SRC_130,25.0,180.0,37.507656,N-spring,0.25,train
sample_01933.jpg,SRC_095,-20.0,180.0,56.495654,N-spring,0.5,validation
sample_01934.jpg,SRC_050,0.0,180.0,53.680047,N-summer,0.25,calibration
sample_01935.jpg,SRC_042,10.0,180.0,36.92431,N-spring,0.5,calibration
sample_01936.jpg,SRC_112,-30.0,180.0,67.516648,N-spring,0.5,train
sample_01937.jpg,SRC_156,10.0,180.0,48.737382,N-summer,0.25,validation
sample_01938.jpg,SRC_009,-25.0,180.0,73.827745,N-spring,0.5,train
sample_01939.jpg,SRC_013,50.0,180.0,54.051464,N-spring,0.5,train
sample_01940.jpg,SRC_026,90.0,0.0,57.238404,N-spring,0.25,calibration
sample_01941.jpg,SRC_109,50.0,180.0,54.137665,N-summer,0.25,validation
sample_01942.jpg,SRC_082,-10.0,180.0,60.444036,N-spring,0.25,calibration
sample_01943.jpg,SRC_037,15.0,180.0,44.468297,N-spring,0.25,train
sample_01944.jpg,SRC_090,50.0,180.0,47.196626,N-summer,0.25,train
sample_01945.jpg,SRC_157,40.0,180.0,44.22455,N-summer,0.25,calibration
sample_01946.jpg,SRC_146,10.0,180.0,58.0428,N-summer,0.5,train
sample_01947.jpg,SRC_099,15.0,180.0,42.024472,N-spring,0.5,train
sample_01948.jpg,SRC_111,-35.0,180.0,79.069883,N-spring,1.0,train
sample_01949.jpg,SRC_107,20.0,180.0,65.68027,N-autumn,0.5,train
sample_01950.jpg,SRC_115,25.0,180.0,41.8845,N-spring,0.25,train
sample_01951.jpg,SRC_115,25.0,180.0,41.8845,N-spring,0.25,train
sample_01952.jpg,SRC_131,10.0,180.0,60.540464,N-autumn,0.5,train
sample_01953.jpg,SRC_038,-15.0,180.0,32.097448,N-winter,0.25,train
sample_01954.jpg,SRC_111,-35.0,180.0,79.069883,N-spring,1.0,train
sample_01955.jpg,SRC_157,40.0,180.0,44.22455,N-summer,0.25,calibration
sample_01956.jpg,SRC_048,-25.0,180.0,61.920556,N-autumn,0.25,calibration
sample_01957.jpg,SRC_021,-90.0,0.0,68.040851,N-autumn,0.5,train
sample_01958.jpg,SRC_095,-20.0,180.0,56.495654,N-spring,0.5,validation
sample_01959.jpg,SRC_037,15.0,180.0,44.468297,N-spring,0.25,train
sample_01960.jpg,SRC_076,25.0,180.0,63.632584,N-autumn,0.25,train
sample_01961.jpg,SRC_069,25.0,180.0,48.120522,N-summer,0.5,train
sample_01962.jpg,SRC_001,-5.0,180.0,51.987197,N-spring,0.5,train
sample_01963.jpg,SRC_073,45.0,180.0,41.537171,N-spring,0.25,train
sample_01964.jpg,SRC_103,-35.0,180.0,57.090396,N-autumn,0.25,train
sample_01965.jpg,SRC_075,-90.0,0.0,65.329336,N-winter,0.25,train
sample_01966.jpg,SRC_096,25.0,180.0,40.422288,N-spring,0.25,train
sample_01967.jpg,SRC_115,25.0,180.0,41.8845,N-spring,0.25,train
sample_01968.jpg,SRC_056,-40.0,180.0,74.660587,N-summer,0.5,train
sample_01969.jpg,SRC_052,5.0,180.0,51.705435,N-summer,0.25,train
sample_01970.jpg,SRC_049,5.0,180.0,42.94902,N-spring,0.25,train
sample_01971.jpg,SRC_165,10.0,180.0,42.451267,N-winter,0.25,train
sample_01972.jpg,SRC_084,-10.0,180.0,58.957849,N-summer,0.25,train
sample_01973.jpg,SRC_115,25.0,180.0,41.8845,N-spring,0.25,train
sample_01974.jpg,SRC_006,-15.0,180.0,65.638079,N-spring,0.5,train
sample_01975.jpg,SRC_015,20.0,180.0,46.484204,N-summer,0.25,train
sample_01976.jpg,SRC_061,50.0,180.0,43.110277,N-spring,0.5,train
sample_01977.jpg,SRC_114,-10.0,180.0,58.176498,N-autumn,0.5,train
sample_01978.jpg,SRC_035,0.0,180.0,56.990187,N-autumn,0.25,train
sample_01979.jpg,SRC_138,25.0,180.0,44.714676,N-summer,0.25,train
sample_01980.jpg,SRC_044,-90.0,0.0,81.862162,N-autumn,0.5,train
sample_01981.jpg,SRC_070,60.0,180.0,58.788969,N-summer,0.5,train
sample_01982.jpg,SRC_024,10.0,180.0,53.725813,N-summer,0.25,calibration
sample_01983.jpg,SRC_051,20.0,180.0,63.609319,N-autumn,0.5,train
sample_01984.jpg,SRC_124,0.0,180.0,51.928413,N-summer,0.25,train
sample_01985.jpg,SRC_127,-35.0,180.0,47.507974,N-autumn,0.5,validation
sample_01986.jpg,SRC_093,-25.0,180.0,43.343655,N-autumn,0.5,calibration
sample_01987.jpg,SRC_133,-10.0,180.0,48.887369,N-spring,0.5,train
sample_01988.jpg,SRC_013,50.0,180.0,54.051464,N-spring,0.5,train
sample_01989.jpg,SRC_169,40.0,180.0,48.615664,N-summer,0.25,train
sample_01990.jpg,SRC_008,25.0,180.0,61.005891,N-autumn,0.25,validation
sample_01991.jpg,SRC_072,15.0,180.0,46.966801,N-winter,0.25,train
sample_01992.jpg,SRC_133,-10.0,180.0,48.887369,N-spring,0.5,train
sample_01993.jpg,SRC_162,-90.0,0.0,77.7898,N-winter,0.25,train
sample_01994.jpg,SRC_019,90.0,0.0,60.00919,N-summer,0.25,train
sample_01995.jpg,SRC_022,20.0,180.0,41.513642,N-spring,0.25,train
sample_01996.jpg,SRC_109,50.0,180.0,54.137665,N-summer,0.25,validation
sample_01997.jpg,SRC_042,10.0,180.0,36.92431,N-spring,0.5,calibration
sample_01998.jpg,SRC_111,-35.0,180.0,79.069883,N-spring,1.0,train
sample_01999.jpg,SRC_013,50.0,180.0,54.051464,N-spring,0.5,train
sample_02000.jpg,SRC_099,15.0,180.0,42.024472,N-spring,0.5,train
sample_02001.jpg,SRC_092,5.0,180.0,57.429528,N-autumn,0.25,train
sample_02002.jpg,SRC_165,10.0,180.0,42.451267,N-winter,0.25,train
sample_02003.jpg,SRC_051,20.0,180.0,63.609319,N-autumn,0.5,train
sample_02004.jpg,SRC_166,90.0,0.0,60.094207,N-spring,0.5,validation
sample_02005.jpg,SRC_158,-5.0,180.0,35.954137,N-winter,0.25,train
sample_02006.jpg,SRC_171,-35.0,180.0,63.65778,N-spring,0.25,train
sample_02007.jpg,SRC_094,20.0,180.0,66.934532,N-autumn,0.25,train
sample_02008.jpg,SRC_087,0.0,180.0,54.65824,N-summer,0.25,calibration
sample_02009.jpg,SRC_090,50.0,180.0,47.196626,N-summer,0.25,train
sample_02010.jpg,SRC_097,0.0,180.0,35.318175,N-winter,0.25,train
sample_02011.jpg,SRC_043,10.0,180.0,50.433279,N-summer,0.5,train
sample_02012.jpg,SRC_009,-25.0,180.0,73.827745,N-spring,0.5,train
sample_02013.jpg,SRC_098,-45.0,180.0,70.730178,N-summer,0.25,train
sample_02014.jpg,SRC_009,-25.0,180.0,73.827745,N-spring,0.5,train
sample_02015.jpg,SRC_078,15.0,180.0,40.437008,N-spring,0.25,train
sample_02016.jpg,SRC_168,90.0,0.0,64.709631,N-summer,0.25,validation
sample_02017.jpg,SRC_100,20.0,180.0,41.506528,N-spring,0.25,train
sample_02018.jpg,SRC_139,40.0,180.0,53.533251,N-winter,0.25,train
sample_02019.jpg,SRC_141,-10.0,180.0,55.206291,N-spring,0.25,train
sample_02020.jpg,SRC_059,15.0,180.0,48.046698,N-summer,0.25,train
sample_02021.jpg,SRC_086,15.0,180.0,43.648742,N-summer,0.5,validation
sample_02022.jpg,SRC_076,25.0,180.0,63.632584,N-autumn,0.25,train
sample_02023.jpg,SRC_037,15.0,180.0,44.468297,N-spring,0.25,train
sample_02024.jpg,SRC_001,-5.0,180.0,51.987197,N-spring,0.5,train
sample_02025.jpg,SRC_145,-5.0,180.0,52.15166,N-spring,0.25,train
sample_02026.jpg,SRC_083,0.0,180.0,55.378885,N-spring,0.25,calibration
sample_02027.jpg,SRC_165,10.0,180.0,42.451267,N-winter,0.25,train
sample_02028.jpg,SRC_004,30.0,180.0,61.107468,N-autumn,0.5,train
sample_02029.jpg,SRC_103,-35.0,180.0,57.090396,N-autumn,0.25,train
sample_02030.jpg,SRC_103,-35.0,180.0,57.090396,N-autumn,0.25,train
sample_02031.jpg,SRC_078,15.0,180.0,40.437008,N-spring,0.25,train
sample_02032.jpg,SRC_038,-15.0,180.0,32.097448,N-winter,0.25,train
sample_02033.jpg,SRC_076,25.0,180.0,63.632584,N-autumn,0.25,train
sample_02034.jpg,SRC_109,50.0,180.0,54.137665,N-summer,0.25,validation
sample_02035.jpg,SRC_115,25.0,180.0,41.8845,N-spring,0.25,train
sample_02036.jpg,SRC_058,30.0,180.0,69.060883,N-autumn,0.5,train
sample_02037.jpg,SRC_131,10.0,180.0,60.540464,N-autumn,0.5,train
sample_02038.jpg,SRC_095,-20.0,180.0,56.495654,N-spring,0.5,validation
sample_02039.jpg,SRC_092,5.0,180.0,57.429528,N-autumn,0.25,train
sample_02040.jpg,SRC_038,-15.0,180.0,32.097448,N-winter,0.25,train
sample_02041.jpg,SRC_021,-90.0,0.0,68.040851,N-autumn,0.5,train
sample_02042.jpg,SRC_018,-90.0,0.0,67.882485,N-winter,0.25,train
sample_02043.jpg,SRC_133,-10.0,180.0,48.887369,N-spring,0.5,train
sample_02044.jpg,SRC_153,-40.0,180.0,43.960452,N-autumn,0.25,train
sample_02045.jpg,SRC_103,-35.0,180.0,57.090396,N-autumn,0.25,train
sample_02046.jpg,SRC_073,45.0,180.0,41.537171,N-spring,0.25,train
sample_02047.jpg,SRC_171,-35.0,180.0,63.65778,N-spring,0.25,train
sample_02048.jpg,SRC_153,-40.0,180.0,43.960452,N-autumn,0.25,train
sample_02049.jpg,SRC_092,5.0,180.0,57.429528,N-autumn,0.25,train
sample_02050.jpg,SRC_022,20.0,180.0,41.513642,N-spring,0.25,train
sample_02051.jpg,SRC_099,15.0,180.0,42.024472,N-spring,0.5,train
sample_02052.jpg,SRC_047,0.0,180.0,48.028677,N-spring,0.5,validation
sample_02053.jpg,SRC_064,90.0,0.0,60.573524,N-spring,0.25,train
sample_02054.jpg,SRC_047,0.0,180.0,48.028677,N-spring,0.5,validation
sample_02055.jpg,SRC_112,-30.0,180.0,67.516648,N-spring,0.5,train
sample_02056.jpg,SRC_100,20.0,180.0,41.506528,N-spring,0.25,train
sample_02057.jpg,SRC_156,10.0,180.0,48.737382,N-summer,0.25,validation
sample_02058.jpg,SRC_057,-5.0,180.0,57.599617,N-summer,0.25,calibration
sample_02059.jpg,SRC_043,10.0,180.0,50.433279,N-summer,0.5,train
sample_02060.jpg,SRC_021,-90.0,0.0,68.040851,N-autumn,0.5,train
sample_02061.jpg,SRC_041,15.0,180.0,46.712049,N-summer,0.25,validation
sample_02062.jpg,SRC_020,35.0,180.0,42.075965,N-summer,0.25,calibration
sample_02063.jpg,SRC_097,0.0,180.0,35.318175,N-winter,0.25,train
sample_02064.jpg,SRC_153,-40.0,180.0,43.960452,N-autumn,0.25,train
sample_02065.jpg,SRC_151,-15.0,180.0,63.408071,N-summer,0.5,validation
sample_02066.jpg,SRC_123,0.0,180.0,54.598149,N-autumn,0.5,train
sample_02067.jpg,SRC_103,-35.0,180.0,57.090396,N-autumn,0.25,train
sample_02068.jpg,SRC_098,-45.0,180.0,70.730178,N-summer,0.25,train
sample_02069.jpg,SRC_169,40.0,180.0,48.615664,N-summer,0.25,train
sample_02070.jpg,SRC_078,15.0,180.0,40.437008,N-spring,0.25,train
sample_02071.jpg,SRC_095,-20.0,180.0,56.495654,N-spring,0.5,validation
sample_02072.jpg,SRC_027,35.0,180.0,41.369436,N-spring,0.5,train
sample_02073.jpg,SRC_038,-15.0,180.0,32.097448,N-winter,0.25,train
sample_02074.jpg,SRC_115,25.0,180.0,41.8845,N-spring,0.25,train
sample_02075.jpg,SRC_144,-35.0,180.0,76.731052,N-spring,0.5,train
sample_02076.jpg,SRC_024,10.0,180.0,53.725813,N-summer,0.25,calibration
sample_02077.jpg,SRC_005,0.0,180.0,55.846781,N-summer,0.5,validation
sample_02078.jpg,SRC_013,50.0,180.0,54.051464,N-spring,0.5,train
sample_02079.jpg,SRC_169,40.0,180.0,48.615664,N-summer,0.25,train
sample_02080.jpg,SRC_141,-10.0,180.0,55.206291,N-spring,0.25,train
sample_02081.jpg,SRC_052,5.0,180.0,51.705435,N-summer,0.25,train
sample_02082.jpg,SRC_091,-40.0,180.0,72.511342,N-summer,0.5,train
sample_02083.jpg,SRC_030,-25.0,180.0,67.936804,N-spring,0.5,train
sample_02084.jpg,SRC_010,90.0,0.0,74.440619,N-summer,0.5,calibration
sample_02085.jpg,SRC_006,-15.0,180.0,65.638079,N-spring,0.5,train
sample_02086.jpg,SRC_030,-25.0,180.0,67.936804,N-spring,0.5,train
sample_02087.jpg,SRC_069,25.0,180.0,48.120522,N-summer,0.5,train
sample_02088.jpg,SRC_149,90.0,0.0,55.701783,N-summer,0.25,train
sample_02089.jpg,SRC_109,50.0,180.0,54.137665,N-summer,0.25,validation
sample_02090.jpg,SRC_072,15.0,180.0,46.966801,N-winter,0.25,train
sample_02091.jpg,SRC_146,10.0,180.0,58.0428,N-summer,0.5,train
sample_02092.jpg,SRC_109,50.0,180.0,54.137665,N-summer,0.25,validation
sample_02093.jpg,SRC_006,-15.0,180.0,65.638079,N-spring,0.5,train
sample_02094.jpg,SRC_109,50.0,180.0,54.137665,N-summer,0.25,validation
sample_02095.jpg,SRC_091,-40.0,180.0,72.511342,N-summer,0.5,train
sample_02096.jpg,SRC_013,50.0,180.0,54.051464,N-spring,0.5,train
sample_02097.jpg,SRC_006,-15.0,180.0,65.638079,N-spring,0.5,train
sample_02098.jpg,SRC_009,-25.0,180.0,73.827745,N-spring,0.5,train
sample_02099.jpg,SRC_111,-35.0,180.0,79.069883,N-spring,1.0,train
sample_02100.jpg,SRC_040,90.0,0.0,57.651744,N-spring,0.5,train
sample_02101.jpg,SRC_027,35.0,180.0,41.369436,N-spring,0.5,train
sample_02102.jpg,SRC_156,10.0,180.0,48.737382,N-summer,0.25,validation
sample_02103.jpg,SRC_047,0.0,180.0,48.028677,N-spring,0.5,validation
sample_02104.jpg,SRC_004,30.0,180.0,61.107468,N-autumn,0.5,train
sample_02105.jpg,SRC_062,45.0,180.0,81.508965,N-autumn,0.5,train
sample_02106.jpg,SRC_111,-35.0,180.0,79.069883,N-spring,1.0,train
sample_02107.jpg,SRC_123,0.0,180.0,54.598149,N-autumn,0.5,train
sample_02108.jpg,SRC_151,-15.0,180.0,63.408071,N-summer,0.5,validation
sample_02109.jpg,SRC_049,5.0,180.0,42.94902,N-spring,0.25,train
sample_02110.jpg,SRC_042,10.0,180.0,36.92431,N-spring,0.5,calibration
sample_02111.jpg,SRC_009,-25.0,180.0,73.827745,N-spring,0.5,train
sample_02112.jpg,SRC_096,25.0,180.0,40.422288,N-spring,0.25,train
sample_02113.jpg,SRC_148,-15.0,180.0,49.227137,N-autumn,0.25,train
sample_02114.jpg,SRC_156,10.0,180.0,48.737382,N-summer,0.25,validation
sample_02115.jpg,SRC_158,-5.0,180.0,35.954137,N-winter,0.25,train
sample_02116.jpg,SRC_103,-35.0,180.0,57.090396,N-autumn,0.25,train
sample_02117.jpg,SRC_047,0.0,180.0,48.028677,N-spring,0.5,validation
sample_02118.jpg,SRC_129,20.0,180.0,41.057252,N-spring,0.25,validation
sample_02119.jpg,SRC_141,-10.0,180.0,55.206291,N-spring,0.25,train
sample_02120.jpg,SRC_121,25.0,180.0,67.446292,N-autumn,0.5,train
sample_02121.jpg,SRC_108,-40.0,180.0,68.856247,N-summer,0.5,calibration
sample_02122.jpg,SRC_111,-35.0,180.0,79.069883,N-spring,1.0,train
sample_02123.jpg,SRC_021,-90.0,0.0,68.040851,N-autumn,0.5,train
sample_02124.jpg,SRC_073,45.0,180.0,41.537171,N-spring,0.25,train
sample_02125.jpg,SRC_011,-20.0,180.0,70.371153,N-summer,0.25,train
sample_02126.jpg,SRC_126,-20.0,180.0,68.779144,N-summer,0.5,train
sample_02127.jpg,SRC_037,15.0,180.0,44.468297,N-spring,0.25,train
sample_02128.jpg,SRC_004,30.0,180.0,61.107468,N-autumn,0.5,train
sample_02129.jpg,SRC_088,0.0,180.0,53.004483,N-summer,0.25,train
sample_02130.jpg,SRC_074,0.0,180.0,50.25459,N-spring,0.5,train
sample_02131.jpg,SRC_013,50.0,180.0,54.051464,N-spring,0.5,train
sample_02132.jpg,SRC_084,-10.0,180.0,58.957849,N-summer,0.25,train
sample_02133.jpg,SRC_142,-30.0,180.0,34.276784,N-winter,0.25,train
sample_02134.jpg,SRC_068,0.0,180.0,56.216196,N-summer,0.25,train
sample_02135.jpg,SRC_069,25.0,180.0,48.120522,N-summer,0.5,train
sample_02136.jpg,SRC_030,-25.0,180.0,67.936804,N-spring,0.5,train
sample_02137.jpg,SRC_013,50.0,180.0,54.051464,N-spring,0.5,train
sample_02138.jpg,SRC_036,5.0,180.0,52.749586,N-summer,0.25,train
sample_02139.jpg,SRC_126,-20.0,180.0,68.779144,N-summer,0.5,train
sample_02140.jpg,SRC_108,-40.0,180.0,68.856247,N-summer,0.5,calibration
sample_02141.jpg,SRC_134,-30.0,180.0,69.607895,N-spring,0.5,train
sample_02142.jpg,SRC_126,-20.0,180.0,68.779144,N-summer,0.5,train
sample_02143.jpg,SRC_061,50.0,180.0,43.110277,N-spring,0.5,train
sample_02144.jpg,SRC_103,-35.0,180.0,57.090396,N-autumn,0.25,train
sample_02145.jpg,SRC_095,-20.0,180.0,56.495654,N-spring,0.5,validation
sample_02146.jpg,SRC_135,5.0,180.0,41.328761,N-winter,0.5,train
sample_02147.jpg,SRC_106,25.0,180.0,40.638999,N-spring,0.5,validation
sample_02148.jpg,SRC_018,-90.0,0.0,67.882485,N-winter,0.25,train
sample_02149.jpg,SRC_063,25.0,180.0,41.329237,N-spring,0.25,train
sample_02150.jpg,SRC_014,-40.0,180.0,38.480327,N-winter,0.25,train
sample_02151.jpg,SRC_168,90.0,0.0,64.709631,N-summer,0.25,validation
sample_02152.jpg,SRC_011,-20.0,180.0,70.371153,N-summer,0.25,train
sample_02153.jpg,SRC_156,10.0,180.0,48.737382,N-summer,0.25,validation
sample_02154.jpg,SRC_047,0.0,180.0,48.028677,N-spring,0.5,validation
sample_02155.jpg,SRC_001,-5.0,180.0,51.987197,N-spring,0.5,train
sample_02156.jpg,SRC_037,15.0,180.0,44.468297,N-spring,0.25,train
sample_02157.jpg,SRC_107,20.0,180.0,65.68027,N-autumn,0.5,train
sample_02158.jpg,SRC_040,90.0,0.0,57.651744,N-spring,0.5,train
sample_02159.jpg,SRC_007,20.0,180.0,49.485932,N-winter,0.25,validation
sample_02160.jpg,SRC_077,-5.0,180.0,34.299081,N-winter,0.25,train
sample_02161.jpg,SRC_124,0.0,180.0,51.928413,N-summer,0.25,train
sample_02162.jpg,SRC_001,-5.0,180.0,51.987197,N-spring,0.5,train
sample_02163.jpg,SRC_081,-90.0,0.0,74.772433,N-autumn,0.25,calibration
sample_02164.jpg,SRC_024,10.0,180.0,53.725813,N-summer,0.25,calibration
sample_02165.jpg,SRC_098,-45.0,180.0,70.730178,N-summer,0.25,train
sample_02166.jpg,SRC_009,-25.0,180.0,73.827745,N-spring,0.5,train
sample_02167.jpg,SRC_110,90.0,0.0,59.038071,N-summer,0.25,train
sample_02168.jpg,SRC_067,-15.0,180.0,64.724247,N-spring,0.5,calibration
sample_02169.jpg,SRC_013,50.0,180.0,54.051464,N-spring,0.5,train
sample_02170.jpg,SRC_091,-40.0,180.0,72.511342,N-summer,0.5,train
sample_02171.jpg,SRC_020,35.0,180.0,42.075965,N-summer,0.25,calibration
sample_02172.jpg,SRC_021,-90.0,0.0,68.040851,N-autumn,0.5,train
sample_02173.jpg,SRC_071,20.0,180.0,40.070501,N-spring,0.25,train
sample_02174.jpg,SRC_058,30.0,180.0,69.060883,N-autumn,0.5,train
sample_02175.jpg,SRC_093,-25.0,180.0,43.343655,N-autumn,0.5,calibration
sample_02176.jpg,SRC_124,0.0,180.0,51.928413,N-summer,0.25,train
sample_02177.jpg,SRC_150,10.0,180.0,50.798821,N-summer,0.5,train
sample_02178.jpg,SRC_096,25.0,180.0,40.422288,N-spring,0.25,train
sample_02179.jpg,SRC_108,-40.0,180.0,68.856247,N-summer,0.5,calibration
sample_02180.jpg,SRC_135,5.0,180.0,41.328761,N-winter,0.5,train
sample_02181.jpg,SRC_050,0.0,180.0,53.680047,N-summer,0.25,calibration
sample_02182.jpg,SRC_099,15.0,180.0,42.024472,N-spring,0.5,train
sample_02183.jpg,SRC_115,25.0,180.0,41.8845,N-spring,0.25,train
sample_02184.jpg,SRC_026,90.0,0.0,57.238404,N-spring,0.25,calibration
sample_02185.jpg,SRC_050,0.0,180.0,53.680047,N-summer,0.25,calibration
sample_02186.jpg,SRC_006,-15.0,180.0,65.638079,N-spring,0.5,train
sample_02187.jpg,SRC_150,10.0,180.0,50.798821,N-summer,0.5,train
sample_02188.jpg,SRC_069,25.0,180.0,48.120522,N-summer,0.5,train
sample_02189.jpg,SRC_159,20.0,180.0,67.076816,N-autumn,0.25,train
sample_02190.jpg,SRC_092,5.0,180.0,57.429528,N-autumn,0.25,train
sample_02191.jpg,SRC_038,-15.0,180.0,32.097448,N-winter,0.25,train
sample_02192.jpg,SRC_104,25.0,180.0,45.102036,N-summer,0.5,validation
sample_02193.jpg,SRC_166,90.0,0.0,60.094207,N-spring,0.5,validation
sample_02194.jpg,SRC_091,-40.0,180.0,72.511342,N-summer,0.5,train
sample_02195.jpg,SRC_159,20.0,180.0,67.076816,N-autumn,0.25,train
sample_02196.jpg,SRC_080,-25.0,180.0,69.726065,N-summer,0.25,train
sample_02197.jpg,SRC_080,-25.0,180.0,69.726065,N-summer,0.25,train
sample_02198.jpg,SRC_103,-35.0,180.0,57.090396,N-autumn,0.25,train
sample_02199.jpg,SRC_037,15.0,180.0,44.468297,N-spring,0.25,train
sample_02200.jpg,SRC_144,-35.0,180.0,76.731052,N-spring,0.5,train
sample_02201.jpg,SRC_116,5.0,180.0,41.203028,N-spring,0.25,calibration
sample_02202.jpg,SRC_108,-40.0,180.0,68.856247,N-summer,0.5,calibration
sample_02203.jpg,SRC_083,0.0,180.0,55.378885,N-spring,0.25,calibration
sample_02204.jpg,SRC_146,10.0,180.0,58.0428,N-summer,0.5,train
sample_02205.jpg,SRC_086,15.0,180.0,43.648742,N-summer,0.5,validation
sample_02206.jpg,SRC_170,-20.0,180.0,56.332579,N-autumn,0.25,validation
sample_02207.jpg,SRC_021,-90.0,0.0,68.040851,N-autumn,0.5,train
sample_02208.jpg,SRC_114,-10.0,180.0,58.176498,N-autumn,0.5,train
sample_02209.jpg,SRC_121,25.0,180.0,67.446292,N-autumn,0.5,train
sample_02210.jpg,SRC_153,-40.0,180.0,43.960452,N-autumn,0.25,train
sample_02211.jpg,SRC_014,-40.0,180.0,38.480327,N-winter,0.25,train
sample_02212.jpg,SRC_140,35.0,180.0,44.85556,N-spring,0.25,train
sample_02213.jpg,SRC_092,5.0,180.0,57.429528,N-autumn,0.25,train
sample_02214.jpg,SRC_013,50.0,180.0,54.051464,N-spring,0.5,train
sample_02215.jpg,SRC_052,5.0,180.0,51.705435,N-summer,0.25,train
sample_02216.jpg,SRC_101,5.0,180.0,48.479381,N-winter,0.25,validation
sample_02217.jpg,SRC_171,-35.0,180.0,63.65778,N-spring,0.25,train
sample_02218.jpg,SRC_024,10.0,180.0,53.725813,N-summer,0.25,calibration
sample_02219.jpg,SRC_047,0.0,180.0,48.028677,N-spring,0.5,validation
sample_02220.jpg,SRC_129,20.0,180.0,41.057252,N-spring,0.25,validation
sample_02221.jpg,SRC_037,15.0,180.0,44.468297,N-spring,0.25,train
sample_02222.jpg,SRC_014,-40.0,180.0,38.480327,N-winter,0.25,train
sample_02223.jpg,SRC_108,-40.0,180.0,68.856247,N-summer,0.5,calibration
sample_02224.jpg,SRC_121,25.0,180.0,67.446292,N-autumn,0.5,train
sample_02225.jpg,SRC_069,25.0,180.0,48.120522,N-summer,0.5,train
sample_02226.jpg,SRC_090,50.0,180.0,47.196626,N-summer,0.25,train
sample_02227.jpg,SRC_129,20.0,180.0,41.057252,N-spring,0.25,validation
sample_02228.jpg,SRC_091,-40.0,180.0,72.511342,N-summer,0.5,train
sample_02229.jpg,SRC_077,-5.0,180.0,34.299081,N-winter,0.25,train
sample_02230.jpg,SRC_106,25.0,180.0,40.638999,N-spring,0.5,validation
sample_02231.jpg,SRC_074,0.0,180.0,50.25459,N-spring,0.5,train
sample_02232.jpg,SRC_098,-45.0,180.0,70.730178,N-summer,0.25,train
sample_02233.jpg,SRC_170,-20.0,180.0,56.332579,N-autumn,0.25,validation
sample_02234.jpg,SRC_086,15.0,180.0,43.648742,N-summer,0.5,validation
sample_02235.jpg,SRC_164,20.0,180.0,59.226879,N-autumn,0.25,train
sample_02236.jpg,SRC_080,-25.0,180.0,69.726065,N-summer,0.25,train
sample_02237.jpg,SRC_142,-30.0,180.0,34.276784,N-winter,0.25,train
sample_02238.jpg,SRC_037,15.0,180.0,44.468297,N-spring,0.25,train
sample_02239.jpg,SRC_009,-25.0,180.0,73.827745,N-spring,0.5,train
sample_02240.jpg,SRC_014,-40.0,180.0,38.480327,N-winter,0.25,train
sample_02241.jpg,SRC_071,20.0,180.0,40.070501,N-spring,0.25,train
sample_02242.jpg,SRC_040,90.0,0.0,57.651744,N-spring,0.5,train
sample_02243.jpg,SRC_169,40.0,180.0,48.615664,N-summer,0.25,train
sample_02244.jpg,SRC_106,25.0,180.0,40.638999,N-spring,0.5,validation
sample_02245.jpg,SRC_092,5.0,180.0,57.429528,N-autumn,0.25,train
sample_02246.jpg,SRC_106,25.0,180.0,40.638999,N-spring,0.5,validation
sample_02247.jpg,SRC_156,10.0,180.0,48.737382,N-summer,0.25,validation
sample_02248.jpg,SRC_038,-15.0,180.0,32.097448,N-winter,0.25,train
sample_02249.jpg,SRC_092,5.0,180.0,57.429528,N-autumn,0.25,train
sample_02250.jpg,SRC_134,-30.0,180.0,69.607895,N-spring,0.5,train
sample_02251.jpg,SRC_172,55.0,180.0,47.744159,N-summer,0.25,validation
sample_02252.jpg,SRC_169,40.0,180.0,48.615664,N-summer,0.25,train
sample_02253.jpg,SRC_106,25.0,180.0,40.638999,N-spring,0.5,validation
sample_02254.jpg,SRC_042,10.0,180.0,36.92431,N-spring,0.5,calibration
sample_02255.jpg,SRC_047,0.0,180.0,48.028677,N-spring,0.5,validation
sample_02256.jpg,SRC_071,20.0,180.0,40.070501,N-spring,0.25,train
sample_02257.jpg,SRC_067,-15.0,180.0,64.724247,N-spring,0.5,calibration
sample_02258.jpg,SRC_003,0.0,180.0,38.090051,N-spring,0.25,validation
sample_02259.jpg,SRC_078,15.0,180.0,40.437008,N-spring,0.25,train
sample_02260.jpg,SRC_108,-40.0,180.0,68.856247,N-summer,0.5,calibration
sample_02261.jpg,SRC_041,15.0,180.0,46.712049,N-summer,0.25,validation
sample_02262.jpg,SRC_038,-15.0,180.0,32.097448,N-winter,0.25,train
sample_02263.jpg,SRC_013,50.0,180.0,54.051464,N-spring,0.5,train
sample_02264.jpg,SRC_091,-40.0,180.0,72.511342,N-summer,0.5,train
sample_02265.jpg,SRC_084,-10.0,180.0,58.957849,N-summer,0.25,train
sample_02266.jpg,SRC_109,50.0,180.0,54.137665,N-summer,0.25,validation
sample_02267.jpg,SRC_006,-15.0,180.0,65.638079,N-spring,0.5,train
sample_02268.jpg,SRC_051,20.0,180.0,63.609319,N-autumn,0.5,train
sample_02269.jpg,SRC_064,90.0,0.0,60.573524,N-spring,0.25,train
sample_02270.jpg,SRC_099,15.0,180.0,42.024472,N-spring,0.5,train
sample_02271.jpg,SRC_140,35.0,180.0,44.85556,N-spring,0.25,train
sample_02272.jpg,SRC_063,25.0,180.0,41.329237,N-spring,0.25,train
sample_02273.jpg,SRC_112,-30.0,180.0,67.516648,N-spring,0.5,train
sample_02274.jpg,SRC_115,25.0,180.0,41.8845,N-spring,0.25,train
sample_02275.jpg,SRC_075,-90.0,0.0,65.329336,N-winter,0.25,train
sample_02276.jpg,SRC_061,50.0,180.0,43.110277,N-spring,0.5,train
sample_02277.jpg,SRC_063,25.0,180.0,41.329237,N-spring,0.25,train
sample_02278.jpg,SRC_015,20.0,180.0,46.484204,N-summer,0.25,train
sample_02279.jpg,SRC_038,-15.0,180.0,32.097448,N-winter,0.25,train
sample_02280.jpg,SRC_003,0.0,180.0,38.090051,N-spring,0.25,validation
sample_02281.jpg,SRC_131,10.0,180.0,60.540464,N-autumn,0.5,train
sample_02282.jpg,SRC_018,-90.0,0.0,67.882485,N-winter,0.25,train
sample_02283.jpg,SRC_170,-20.0,180.0,56.332579,N-autumn,0.25,validation
sample_02284.jpg,SRC_003,0.0,180.0,38.090051,N-spring,0.25,validation
sample_02285.jpg,SRC_158,-5.0,180.0,35.954137,N-winter,0.25,train
sample_02286.jpg,SRC_004,30.0,180.0,61.107468,N-autumn,0.5,train
sample_02287.jpg,SRC_164,20.0,180.0,59.226879,N-autumn,0.25,train
sample_02288.jpg,SRC_074,0.0,180.0,50.25459,N-spring,0.5,train
sample_02289.jpg,SRC_085,0.0,180.0,39.187341,N-spring,0.25,train
sample_02290.jpg,SRC_097,0.0,180.0,35.318175,N-winter,0.25,train
sample_02291.jpg,SRC_014,-40.0,180.0,38.480327,N-winter,0.25,train
sample_02292.jpg,SRC_015,20.0,180.0,46.484204,N-summer,0.25,train
sample_02293.jpg,SRC_006,-15.0,180.0,65.638079,N-spring,0.5,train
sample_02294.jpg,SRC_015,20.0,180.0,46.484204,N-summer,0.25,train
sample_02295.jpg,SRC_151,-15.0,180.0,63.408071,N-summer,0.5,validation
sample_02296.jpg,SRC_114,-10.0,180.0,58.176498,N-autumn,0.5,train
sample_02297.jpg,SRC_028,10.0,180.0,42.894848,N-spring,0.25,calibration
sample_02298.jpg,SRC_159,20.0,180.0,67.076816,N-autumn,0.25,train
sample_02299.jpg,SRC_154,0.0,180.0,54.770875,N-summer,0.5,train
sample_02300.jpg,SRC_009,-25.0,180.0,73.827745,N-spring,0.5,train
sample_02301.jpg,SRC_065,30.0,180.0,68.700871,N-winter,0.5,train
sample_02302.jpg,SRC_056,-40.0,180.0,74.660587,N-summer,0.5,train
sample_02303.jpg,SRC_111,-35.0,180.0,79.069883,N-spring,1.0,train
sample_02304.jpg,SRC_056,-40.0,180.0,74.660587,N-summer,0.5,train
sample_02305.jpg,SRC_076,25.0,180.0,63.632584,N-autumn,0.25,train
sample_02306.jpg,SRC_123,0.0,180.0,54.598149,N-autumn,0.5,train
sample_02307.jpg,SRC_140,35.0,180.0,44.85556,N-spring,0.25,train
sample_02308.jpg,SRC_100,20.0,180.0,41.506528,N-spring,0.25,train
sample_02309.jpg,SRC_071,20.0,180.0,40.070501,N-spring,0.25,train
sample_02310.jpg,SRC_090,50.0,180.0,47.196626,N-summer,0.25,train
sample_02311.jpg,SRC_126,-20.0,180.0,68.779144,N-summer,0.5,train
sample_02312.jpg,SRC_088,0.0,180.0,53.004483,N-summer,0.25,train
sample_02313.jpg,SRC_148,-15.0,180.0,49.227137,N-autumn,0.25,train
sample_02314.jpg,SRC_021,-90.0,0.0,68.040851,N-autumn,0.5,train
sample_02315.jpg,SRC_102,-10.0,180.0,52.255853,N-spring,0.25,train
sample_02316.jpg,SRC_018,-90.0,0.0,67.882485,N-winter,0.25,train
sample_02317.jpg,SRC_121,25.0,180.0,67.446292,N-autumn,0.5,train
sample_02318.jpg,SRC_051,20.0,180.0,63.609319,N-autumn,0.5,train
sample_02319.jpg,SRC_005,0.0,180.0,55.846781,N-summer,0.5,validation
sample_02320.jpg,SRC_004,30.0,180.0,61.107468,N-autumn,0.5,train
sample_02321.jpg,SRC_097,0.0,180.0,35.318175,N-winter,0.25,train
sample_02322.jpg,SRC_061,50.0,180.0,43.110277,N-spring,0.5,train
sample_02323.jpg,SRC_006,-15.0,180.0,65.638079,N-spring,0.5,train
sample_02324.jpg,SRC_056,-40.0,180.0,74.660587,N-summer,0.5,train
sample_02325.jpg,SRC_066,-10.0,180.0,61.81065,N-summer,0.5,calibration
sample_02326.jpg,SRC_124,0.0,180.0,51.928413,N-summer,0.25,train
sample_02327.jpg,SRC_156,10.0,180.0,48.737382,N-summer,0.25,validation
sample_02328.jpg,SRC_074,0.0,180.0,50.25459,N-spring,0.5,train
sample_02329.jpg,SRC_016,10.0,180.0,55.552023,N-winter,0.5,calibration
sample_02330.jpg,SRC_099,15.0,180.0,42.024472,N-spring,0.5,train
sample_02331.jpg,SRC_082,-10.0,180.0,60.444036,N-spring,0.25,calibration
sample_02332.jpg,SRC_123,0.0,180.0,54.598149,N-autumn,0.5,train
sample_02333.jpg,SRC_122,-5.0,180.0,57.310506,N-summer,0.25,train
sample_02334.jpg,SRC_027,35.0,180.0,41.369436,N-spring,0.5,train
sample_02335.jpg,SRC_096,25.0,180.0,40.422288,N-spring,0.25,train
sample_02336.jpg,SRC_009,-25.0,180.0,73.827745,N-spring,0.5,train
sample_02337.jpg,SRC_076,25.0,180.0,63.632584,N-autumn,0.25,train
sample_02338.jpg,SRC_069,25.0,180.0,48.120522,N-summer,0.5,train
sample_02339.jpg,SRC_106,25.0,180.0,40.638999,N-spring,0.5,validation
sample_02340.jpg,SRC_004,30.0,180.0,61.107468,N-autumn,0.5,train
sample_02341.jpg,SRC_108,-40.0,180.0,68.856247,N-summer,0.5,calibration
sample_02342.jpg,SRC_030,-25.0,180.0,67.936804,N-spring,0.5,train
sample_02343.jpg,SRC_069,25.0,180.0,48.120522,N-summer,0.5,train
sample_02344.jpg,SRC_083,0.0,180.0,55.378885,N-spring,0.25,calibration
sample_02345.jpg,SRC_103,-35.0,180.0,57.090396,N-autumn,0.25,train
sample_02346.jpg,SRC_144,-35.0,180.0,76.731052,N-spring,0.5,train
sample_02347.jpg,SRC_165,10.0,180.0,42.451267,N-winter,0.25,train
sample_02348.jpg,SRC_133,-10.0,180.0,48.887369,N-spring,0.5,train
sample_02349.jpg,SRC_091,-40.0,180.0,72.511342,N-summer,0.5,train
sample_02350.jpg,SRC_081,-90.0,0.0,74.772433,N-autumn,0.25,calibration
sample_02351.jpg,SRC_089,10.0,180.0,48.442522,N-winter,0.25,calibration
sample_02352.jpg,SRC_011,-20.0,180.0,70.371153,N-summer,0.25,train
sample_02353.jpg,SRC_112,-30.0,180.0,67.516648,N-spring,0.5,train
sample_02354.jpg,SRC_037,15.0,180.0,44.468297,N-spring,0.25,train
sample_02355.jpg,SRC_042,10.0,180.0,36.92431,N-spring,0.5,calibration
sample_02356.jpg,SRC_114,-10.0,180.0,58.176498,N-autumn,0.5,train
sample_02357.jpg,SRC_112,-30.0,180.0,67.516648,N-spring,0.5,train
sample_02358.jpg,SRC_144,-35.0,180.0,76.731052,N-spring,0.5,train
sample_02359.jpg,SRC_146,10.0,180.0,58.0428,N-summer,0.5,train
sample_02360.jpg,SRC_013,50.0,180.0,54.051464,N-spring,0.5,train
sample_02361.jpg,SRC_071,20.0,180.0,40.070501,N-spring,0.25,train
sample_02362.jpg,SRC_172,55.0,180.0,47.744159,N-summer,0.25,validation
sample_02363.jpg,SRC_075,-90.0,0.0,65.329336,N-winter,0.25,train
sample_02364.jpg,SRC_077,-5.0,180.0,34.299081,N-winter,0.25,train
sample_02365.jpg,SRC_061,50.0,180.0,43.110277,N-spring,0.5,train
sample_02366.jpg,SRC_013,50.0,180.0,54.051464,N-spring,0.5,train
sample_02367.jpg,SRC_070,60.0,180.0,58.788969,N-summer,0.5,train
sample_02368.jpg,SRC_129,20.0,180.0,41.057252,N-spring,0.25,validation
sample_02369.jpg,SRC_159,20.0,180.0,67.076816,N-autumn,0.25,train
sample_02370.jpg,SRC_058,30.0,180.0,69.060883,N-autumn,0.5,train
sample_02371.jpg,SRC_109,50.0,180.0,54.137665,N-summer,0.25,validation
sample_02372.jpg,SRC_136,-35.0,180.0,76.922409,N-spring,0.5,train
sample_02373.jpg,SRC_111,-35.0,180.0,79.069883,N-spring,1.0,train
sample_02374.jpg,SRC_169,40.0,180.0,48.615664,N-summer,0.25,train
sample_02375.jpg,SRC_040,90.0,0.0,57.651744,N-spring,0.5,train
sample_02376.jpg,SRC_154,0.0,180.0,54.770875,N-summer,0.5,train
sample_02377.jpg,SRC_011,-20.0,180.0,70.371153,N-summer,0.25,train
sample_02378.jpg,SRC_009,-25.0,180.0,73.827745,N-spring,0.5,train
sample_02379.jpg,SRC_084,-10.0,180.0,58.957849,N-summer,0.25,train
sample_02380.jpg,SRC_030,-25.0,180.0,67.936804,N-spring,0.5,train
sample_02381.jpg,SRC_108,-40.0,180.0,68.856247,N-summer,0.5,calibration
sample_02382.jpg,SRC_075,-90.0,0.0,65.329336,N-winter,0.25,train
sample_02383.jpg,SRC_063,25.0,180.0,41.329237,N-spring,0.25,train
sample_02384.jpg,SRC_006,-15.0,180.0,65.638079,N-spring,0.5,train
sample_02385.jpg,SRC_103,-35.0,180.0,57.090396,N-autumn,0.25,train
sample_02386.jpg,SRC_157,40.0,180.0,44.22455,N-summer,0.25,calibration
sample_02387.jpg,SRC_037,15.0,180.0,44.468297,N-spring,0.25,train
sample_02388.jpg,SRC_037,15.0,180.0,44.468297,N-spring,0.25,train
sample_02389.jpg,SRC_100,20.0,180.0,41.506528,N-spring,0.25,train
sample_02390.jpg,SRC_103,-35.0,180.0,57.090396,N-autumn,0.25,train
sample_02391.jpg,SRC_009,-25.0,180.0,73.827745,N-spring,0.5,train
sample_02392.jpg,SRC_009,-25.0,180.0,73.827745,N-spring,0.5,train
sample_02393.jpg,SRC_150,10.0,180.0,50.798821,N-summer,0.5,train
sample_02394.jpg,SRC_137,-5.0,180.0,45.053172,N-spring,0.25,train
sample_02395.jpg,SRC_154,0.0,180.0,54.770875,N-summer,0.5,train
sample_02396.jpg,SRC_026,90.0,0.0,57.238404,N-spring,0.25,calibration
sample_02397.jpg,SRC_083,0.0,180.0,55.378885,N-spring,0.25,calibration
sample_02398.jpg,SRC_139,40.0,180.0,53.533251,N-winter,0.25,train
sample_02399.jpg,SRC_044,-90.0,0.0,81.862162,N-autumn,0.5,train
sample_02400.jpg,SRC_112,-30.0,180.0,67.516648,N-spring,0.5,train
sample_02401.jpg,SRC_103,-35.0,180.0,57.090396,N-autumn,0.25,train
sample_02402.jpg,SRC_107,20.0,180.0,65.68027,N-autumn,0.5,train
sample_02403.jpg,SRC_047,0.0,180.0,48.028677,N-spring,0.5,validation
sample_02404.jpg,SRC_111,-35.0,180.0,79.069883,N-spring,1.0,train
sample_02405.jpg,SRC_103,-35.0,180.0,57.090396,N-autumn,0.25,train
sample_02406.jpg,SRC_095,-20.0,180.0,56.495654,N-spring,0.5,validation
sample_02407.jpg,SRC_076,25.0,180.0,63.632584,N-autumn,0.25,train
sample_02408.jpg,SRC_006,-15.0,180.0,65.638079,N-spring,0.5,train
sample_02409.jpg,SRC_009,-25.0,180.0,73.827745,N-spring,0.5,train
sample_02410.jpg,SRC_016,10.0,180.0,55.552023,N-winter,0.5,calibration
sample_02411.jpg,SRC_093,-25.0,180.0,43.343655,N-autumn,0.5,calibration
sample_02412.jpg,SRC_067,-15.0,180.0,64.724247,N-spring,0.5,calibration
sample_02413.jpg,SRC_090,50.0,180.0,47.196626,N-summer,0.25,train
sample_02414.jpg,SRC_032,-5.0,180.0,52.490186,N-spring,0.25,validation
sample_02415.jpg,SRC_074,0.0,180.0,50.25459,N-spring,0.5,train
sample_02416.jpg,SRC_008,25.0,180.0,61.005891,N-autumn,0.25,validation
sample_02417.jpg,SRC_009,-25.0,180.0,73.827745,N-spring,0.5,train
sample_02418.jpg,SRC_009,-25.0,180.0,73.827745,N-spring,0.5,train
sample_02419.jpg,SRC_141,-10.0,180.0,55.206291,N-spring,0.25,train
sample_02420.jpg,SRC_026,90.0,0.0,57.238404,N-spring,0.25,calibration
sample_02421.jpg,SRC_054,5.0,180.0,37.41608,N-winter,0.25,train
sample_02422.jpg,SRC_108,-40.0,180.0,68.856247,N-summer,0.5,calibration
sample_02423.jpg,SRC_056,-40.0,180.0,74.660587,N-summer,0.5,train
sample_02424.jpg,SRC_007,20.0,180.0,49.485932,N-winter,0.25,validation
sample_02425.jpg,SRC_059,15.0,180.0,48.046698,N-summer,0.25,train
sample_02426.jpg,SRC_030,-25.0,180.0,67.936804,N-spring,0.5,train
sample_02427.jpg,SRC_088,0.0,180.0,53.004483,N-summer,0.25,train
sample_02428.jpg,SRC_115,25.0,180.0,41.8845,N-spring,0.25,train
sample_02429.jpg,SRC_162,-90.0,0.0,77.7898,N-winter,0.25,train
sample_02430.jpg,SRC_020,35.0,180.0,42.075965,N-summer,0.25,calibration
sample_02431.jpg,SRC_011,-20.0,180.0,70.371153,N-summer,0.25,train
sample_02432.jpg,SRC_075,-90.0,0.0,65.329336,N-winter,0.25,train
sample_02433.jpg,SRC_006,-15.0,180.0,65.638079,N-spring,0.5,train
sample_02434.jpg,SRC_108,-40.0,180.0,68.856247,N-summer,0.5,calibration
sample_02435.jpg,SRC_158,-5.0,180.0,35.954137,N-winter,0.25,train
sample_02436.jpg,SRC_052,5.0,180.0,51.705435,N-summer,0.25,train
sample_02437.jpg,SRC_042,10.0,180.0,36.92431,N-spring,0.5,calibration
sample_02438.jpg,SRC_041,15.0,180.0,46.712049,N-summer,0.25,validation
sample_02439.jpg,SRC_018,-90.0,0.0,67.882485,N-winter,0.25,train
sample_02440.jpg,SRC_071,20.0,180.0,40.070501,N-spring,0.25,train
sample_02441.jpg,SRC_067,-15.0,180.0,64.724247,N-spring,0.5,calibration
sample_02442.jpg,SRC_004,30.0,180.0,61.107468,N-autumn,0.5,train
sample_02443.jpg,SRC_033,45.0,180.0,66.067561,N-summer,0.25,train
sample_02444.jpg,SRC_084,-10.0,180.0,58.957849,N-summer,0.25,train
sample_02445.jpg,SRC_140,35.0,180.0,44.85556,N-spring,0.25,train
sample_02446.jpg,SRC_055,-5.0,180.0,57.335076,N-spring,0.25,train
sample_02447.jpg,SRC_006,-15.0,180.0,65.638079,N-spring,0.5,train
sample_02448.jpg,SRC_103,-35.0,180.0,57.090396,N-autumn,0.25,train
sample_02449.jpg,SRC_067,-15.0,180.0,64.724247,N-spring,0.5,calibration
sample_02450.jpg,SRC_095,-20.0,180.0,56.495654,N-spring,0.5,validation
sample_02451.jpg,SRC_076,25.0,180.0,63.632584,N-autumn,0.25,train
sample_02452.jpg,SRC_066,-10.0,180.0,61.81065,N-summer,0.5,calibration
sample_02453.jpg,SRC_159,20.0,180.0,67.076816,N-autumn,0.25,train
sample_02454.jpg,SRC_074,0.0,180.0,50.25459,N-spring,0.5,train
sample_02455.jpg,SRC_103,-35.0,180.0,57.090396,N-autumn,0.25,train
sample_02456.jpg,SRC_078,15.0,180.0,40.437008,N-spring,0.25,train
sample_02457.jpg,SRC_058,30.0,180.0,69.060883,N-autumn,0.5,train
sample_02458.jpg,SRC_086,15.0,180.0,43.648742,N-summer,0.5,validation
sample_02459.jpg,SRC_067,-15.0,180.0,64.724247,N-spring,0.5,calibration
sample_02460.jpg,SRC_111,-35.0,180.0,79.069883,N-spring,1.0,train
sample_02461.jpg,SRC_055,-5.0,180.0,57.335076,N-spring,0.25,train
sample_02462.jpg,SRC_011,-20.0,180.0,70.371153,N-summer,0.25,train
sample_02463.jpg,SRC_134,-30.0,180.0,69.607895,N-spring,0.5,train
sample_02464.jpg,SRC_005,0.0,180.0,55.846781,N-summer,0.5,validation
sample_02465.jpg,SRC_042,10.0,180.0,36.92431,N-spring,0.5,calibration
sample_02466.jpg,SRC_151,-15.0,180.0,63.408071,N-summer,0.5,validation
sample_02467.jpg,SRC_114,-10.0,180.0,58.176498,N-autumn,0.5,train
sample_02468.jpg,SRC_131,10.0,180.0,60.540464,N-autumn,0.5,train
sample_02469.jpg,SRC_104,25.0,180.0,45.102036,N-summer,0.5,validation
sample_02470.jpg,SRC_057,-5.0,180.0,57.599617,N-summer,0.25,calibration
sample_02471.jpg,SRC_154,0.0,180.0,54.770875,N-summer,0.5,train
sample_02472.jpg,SRC_010,90.0,0.0,74.440619,N-summer,0.5,calibration
sample_02473.jpg,SRC_030,-25.0,180.0,67.936804,N-spring,0.5,train
sample_02474.jpg,SRC_111,-35.0,180.0,79.069883,N-spring,1.0,train
sample_02475.jpg,SRC_040,90.0,0.0,57.651744,N-spring,0.5,train
sample_02476.jpg,SRC_108,-40.0,180.0,68.856247,N-summer,0.5,calibration
sample_02477.jpg,SRC_104,25.0,180.0,45.102036,N-summer,0.5,validation
sample_02478.jpg,SRC_040,90.0,0.0,57.651744,N-spring,0.5,train
sample_02479.jpg,SRC_011,-20.0,180.0,70.371153,N-summer,0.25,train
sample_02480.jpg,SRC_104,25.0,180.0,45.102036,N-summer,0.5,validation
sample_02481.jpg,SRC_124,0.0,180.0,51.928413,N-summer,0.25,train
sample_02482.jpg,SRC_084,-10.0,180.0,58.957849,N-summer,0.25,train
sample_02483.jpg,SRC_009,-25.0,180.0,73.827745,N-spring,0.5,train
sample_02484.jpg,SRC_109,50.0,180.0,54.137665,N-summer,0.25,validation
sample_02485.jpg,SRC_092,5.0,180.0,57.429528,N-autumn,0.25,train
sample_02486.jpg,SRC_114,-10.0,180.0,58.176498,N-autumn,0.5,train
sample_02487.jpg,SRC_004,30.0,180.0,61.107468,N-autumn,0.5,train
sample_02488.jpg,SRC_114,-10.0,180.0,58.176498,N-autumn,0.5,train
sample_02489.jpg,SRC_050,0.0,180.0,53.680047,N-summer,0.25,calibration
sample_02490.jpg,SRC_002,40.0,180.0,45.868768,N-summer,0.25,train
sample_02491.jpg,SRC_092,5.0,180.0,57.429528,N-autumn,0.25,train
sample_02492.jpg,SRC_153,-40.0,180.0,43.960452,N-autumn,0.25,train
sample_02493.jpg,SRC_071,20.0,180.0,40.070501,N-spring,0.25,train
sample_02494.jpg,SRC_153,-40.0,180.0,43.960452,N-autumn,0.25,train
sample_02495.jpg,SRC_081,-90.0,0.0,74.772433,N-autumn,0.25,calibration
sample_02496.jpg,SRC_126,-20.0,180.0,68.779144,N-summer,0.5,train
sample_02497.jpg,SRC_092,5.0,180.0,57.429528,N-autumn,0.25,train
sample_02498.jpg,SRC_159,20.0,180.0,67.076816,N-autumn,0.25,train
sample_02499.jpg,SRC_112,-30.0,180.0,67.516648,N-spring,0.5,train
sample_02500.jpg,SRC_028,10.0,180.0,42.894848,N-spring,0.25,calibration
sample_02501.jpg,SRC_021,-90.0,0.0,68.040851,N-autumn,0.5,train
sample_02502.jpg,SRC_093,-25.0,180.0,43.343655,N-autumn,0.5,calibration
sample_02503.jpg,SRC_124,0.0,180.0,51.928413,N-summer,0.25,train
sample_02504.jpg,SRC_030,-25.0,180.0,67.936804,N-spring,0.5,train
sample_02505.jpg,SRC_103,-35.0,180.0,57.090396,N-autumn,0.25,train
sample_02506.jpg,SRC_156,10.0,180.0,48.737382,N-summer,0.25,validation
sample_02507.jpg,SRC_059,15.0,180.0,48.046698,N-summer,0.25,train
sample_02508.jpg,SRC_135,5.0,180.0,41.328761,N-winter,0.5,train
sample_02509.jpg,SRC_089,10.0,180.0,48.442522,N-winter,0.25,calibration
sample_02510.jpg,SRC_092,5.0,180.0,57.429528,N-autumn,0.25,train
sample_02511.jpg,SRC_108,-40.0,180.0,68.856247,N-summer,0.5,calibration
sample_02512.jpg,SRC_076,25.0,180.0,63.632584,N-autumn,0.25,train
sample_02513.jpg,SRC_061,50.0,180.0,43.110277,N-spring,0.5,train
sample_02514.jpg,SRC_146,10.0,180.0,58.0428,N-summer,0.5,train
sample_02515.jpg,SRC_133,-10.0,180.0,48.887369,N-spring,0.5,train
sample_02516.jpg,SRC_027,35.0,180.0,41.369436,N-spring,0.5,train
sample_02517.jpg,SRC_071,20.0,180.0,40.070501,N-spring,0.25,train
sample_02518.jpg,SRC_027,35.0,180.0,41.369436,N-spring,0.5,train
sample_02519.jpg,SRC_045,-90.0,0.0,70.559818,N-autumn,0.25,train
sample_02520.jpg,SRC_013,50.0,180.0,54.051464,N-spring,0.5,train
sample_02521.jpg,SRC_074,0.0,180.0,50.25459,N-spring,0.5,train
sample_02522.jpg,SRC_013,50.0,180.0,54.051464,N-spring,0.5,train
sample_02523.jpg,SRC_003,0.0,180.0,38.090051,N-spring,0.25,validation
sample_02524.jpg,SRC_011,-20.0,180.0,70.371153,N-summer,0.25,train
sample_02525.jpg,SRC_108,-40.0,180.0,68.856247,N-summer,0.5,calibration
sample_02526.jpg,SRC_099,15.0,180.0,42.024472,N-spring,0.5,train
sample_02527.jpg,SRC_103,-35.0,180.0,57.090396,N-autumn,0.25,train
sample_02528.jpg,SRC_108,-40.0,180.0,68.856247,N-summer,0.5,calibration
sample_02529.jpg,SRC_108,-40.0,180.0,68.856247,N-summer,0.5,calibration
sample_02530.jpg,SRC_114,-10.0,180.0,58.176498,N-autumn,0.5,train
sample_02531.jpg,SRC_091,-40.0,180.0,72.511342,N-summer,0.5,train
sample_02532.jpg,SRC_131,10.0,180.0,60.540464,N-autumn,0.5,train
sample_02533.jpg,SRC_159,20.0,180.0,67.076816,N-autumn,0.25,train
sample_02534.jpg,SRC_042,10.0,180.0,36.92431,N-spring,0.5,calibration
sample_02535.jpg,SRC_123,0.0,180.0,54.598149,N-autumn,0.5,train
sample_02536.jpg,SRC_158,-5.0,180.0,35.954137,N-winter,0.25,train
sample_02537.jpg,SRC_067,-15.0,180.0,64.724247,N-spring,0.5,calibration
sample_02538.jpg,SRC_021,-90.0,0.0,68.040851,N-autumn,0.5,train
sample_02539.jpg,SRC_069,25.0,180.0,48.120522,N-summer,0.5,train
sample_02540.jpg,SRC_104,25.0,180.0,45.102036,N-summer,0.5,validation
sample_02541.jpg,SRC_099,15.0,180.0,42.024472,N-spring,0.5,train
sample_02542.jpg,SRC_049,5.0,180.0,42.94902,N-spring,0.25,train
sample_02543.jpg,SRC_052,5.0,180.0,51.705435,N-summer,0.25,train
sample_02544.jpg,SRC_047,0.0,180.0,48.028677,N-spring,0.5,validation
sample_02545.jpg,SRC_056,-40.0,180.0,74.660587,N-summer,0.5,train
sample_02546.jpg,SRC_004,30.0,180.0,61.107468,N-autumn,0.5,train
sample_02547.jpg,SRC_046,0.0,180.0,58.061031,N-autumn,0.25,calibration
sample_02548.jpg,SRC_103,-35.0,180.0,57.090396,N-autumn,0.25,train
sample_02549.jpg,SRC_127,-35.0,180.0,47.507974,N-autumn,0.5,validation
sample_02550.jpg,SRC_075,-90.0,0.0,65.329336,N-winter,0.25,train
sample_02551.jpg,SRC_027,35.0,180.0,41.369436,N-spring,0.5,train
sample_02552.jpg,SRC_102,-10.0,180.0,52.255853,N-spring,0.25,train
sample_02553.jpg,SRC_084,-10.0,180.0,58.957849,N-summer,0.25,train
sample_02554.jpg,SRC_168,90.0,0.0,64.709631,N-summer,0.25,validation
sample_02555.jpg,SRC_168,90.0,0.0,64.709631,N-summer,0.25,validation
sample_02556.jpg,SRC_041,15.0,180.0,46.712049,N-summer,0.25,validation
sample_02557.jpg,SRC_108,-40.0,180.0,68.856247,N-summer,0.5,calibration
sample_02558.jpg,SRC_067,-15.0,180.0,64.724247,N-spring,0.5,calibration
sample_02559.jpg,SRC_035,0.0,180.0,56.990187,N-autumn,0.25,train
sample_02560.jpg,SRC_123,0.0,180.0,54.598149,N-autumn,0.5,train
sample_02561.jpg,SRC_108,-40.0,180.0,68.856247,N-summer,0.5,calibration
sample_02562.jpg,SRC_059,15.0,180.0,48.046698,N-summer,0.25,train
sample_02563.jpg,SRC_111,-35.0,180.0,79.069883,N-spring,1.0,train
sample_02564.jpg,SRC_040,90.0,0.0,57.651744,N-spring,0.5,train
sample_02565.jpg,SRC_118,35.0,180.0,49.493581,N-summer,0.25,train
sample_02566.jpg,SRC_159,20.0,180.0,67.076816,N-autumn,0.25,train
sample_02567.jpg,SRC_103,-35.0,180.0,57.090396,N-autumn,0.25,train
sample_02568.jpg,SRC_125,-5.0,180.0,52.428603,N-spring,0.25,train
sample_02569.jpg,SRC_167,90.0,0.0,58.639078,N-summer,0.5,validation
sample_02570.jpg,SRC_058,30.0,180.0,69.060883,N-autumn,0.5,train
sample_02571.jpg,SRC_108,-40.0,180.0,68.856247,N-summer,0.5,calibration
sample_02572.jpg,SRC_097,0.0,180.0,35.318175,N-winter,0.25,train
sample_02573.jpg,SRC_147,50.0,180.0,51.835813,N-summer,0.25,train
sample_02574.jpg,SRC_066,-10.0,180.0,61.81065,N-summer,0.5,calibration
sample_02575.jpg,SRC_087,0.0,180.0,54.65824,N-summer,0.25,calibration
sample_02576.jpg,SRC_051,20.0,180.0,63.609319,N-autumn,0.5,train
sample_02577.jpg,SRC_103,-35.0,180.0,57.090396,N-autumn,0.25,train
sample_02578.jpg,SRC_171,-35.0,180.0,63.65778,N-spring,0.25,train
sample_02579.jpg,SRC_115,25.0,180.0,41.8845,N-spring,0.25,train
sample_02580.jpg,SRC_111,-35.0,180.0,79.069883,N-spring,1.0,train
sample_02581.jpg,SRC_014,-40.0,180.0,38.480327,N-winter,0.25,train
sample_02582.jpg,SRC_043,10.0,180.0,50.433279,N-summer,0.5,train
sample_02583.jpg,SRC_009,-25.0,180.0,73.827745,N-spring,0.5,train
sample_02584.jpg,SRC_099,15.0,180.0,42.024472,N-spring,0.5,train
sample_02585.jpg,SRC_097,0.0,180.0,35.318175,N-winter,0.25,train
sample_02586.jpg,SRC_008,25.0,180.0,61.005891,N-autumn,0.25,validation
sample_02587.jpg,SRC_013,50.0,180.0,54.051464,N-spring,0.5,train
sample_02588.jpg,SRC_134,-30.0,180.0,69.607895,N-spring,0.5,train
sample_02589.jpg,SRC_053,-90.0,0.0,74.406575,N-winter,0.5,train
sample_02590.jpg,SRC_092,5.0,180.0,57.429528,N-autumn,0.25,train
sample_02591.jpg,SRC_071,20.0,180.0,40.070501,N-spring,0.25,train
sample_02592.jpg,SRC_075,-90.0,0.0,65.329336,N-winter,0.25,train
sample_02593.jpg,SRC_073,45.0,180.0,41.537171,N-spring,0.25,train
sample_02594.jpg,SRC_144,-35.0,180.0,76.731052,N-spring,0.5,train
sample_02595.jpg,SRC_130,25.0,180.0,37.507656,N-spring,0.25,train
sample_02596.jpg,SRC_092,5.0,180.0,57.429528,N-autumn,0.25,train
sample_02597.jpg,SRC_014,-40.0,180.0,38.480327,N-winter,0.25,train
sample_02598.jpg,SRC_146,10.0,180.0,58.0428,N-summer,0.5,train
sample_02599.jpg,SRC_115,25.0,180.0,41.8845,N-spring,0.25,train
sample_02600.jpg,SRC_093,-25.0,180.0,43.343655,N-autumn,0.5,calibration
sample_02601.jpg,SRC_153,-40.0,180.0,43.960452,N-autumn,0.25,train
sample_02602.jpg,SRC_076,25.0,180.0,63.632584,N-autumn,0.25,train
sample_02603.jpg,SRC_009,-25.0,180.0,73.827745,N-spring,0.5,train
sample_02604.jpg,SRC_067,-15.0,180.0,64.724247,N-spring,0.5,calibration
sample_02605.jpg,SRC_142,-30.0,180.0,34.276784,N-winter,0.25,train
sample_02606.jpg,SRC_145,-5.0,180.0,52.15166,N-spring,0.25,train
sample_02607.jpg,SRC_011,-20.0,180.0,70.371153,N-summer,0.25,train
sample_02608.jpg,SRC_087,0.0,180.0,54.65824,N-summer,0.25,calibration
sample_02609.jpg,SRC_113,-35.0,180.0,36.668707,N-winter,0.25,train
sample_02610.jpg,SRC_005,0.0,180.0,55.846781,N-summer,0.5,validation
sample_02611.jpg,SRC_067,-15.0,180.0,64.724247,N-spring,0.5,calibration
sample_02612.jpg,SRC_112,-30.0,180.0,67.516648,N-spring,0.5,train
sample_02613.jpg,SRC_108,-40.0,180.0,68.856247,N-summer,0.5,calibration
sample_02614.jpg,SRC_106,25.0,180.0,40.638999,N-spring,0.5,validation
sample_02615.jpg,SRC_124,0.0,180.0,51.928413,N-summer,0.25,train
sample_02616.jpg,SRC_100,20.0,180.0,41.506528,N-spring,0.25,train
sample_02617.jpg,SRC_112,-30.0,180.0,67.516648,N-spring,0.5,train
sample_02618.jpg,SRC_104,25.0,180.0,45.102036,N-summer,0.5,validation
sample_02619.jpg,SRC_116,5.0,180.0,41.203028,N-spring,0.25,calibration
sample_02620.jpg,SRC_085,0.0,180.0,39.187341,N-spring,0.25,train
sample_02621.jpg,SRC_002,40.0,180.0,45.868768,N-summer,0.25,train
sample_02622.jpg,SRC_062,45.0,180.0,81.508965,N-autumn,0.5,train
sample_02623.jpg,SRC_102,-10.0,180.0,52.255853,N-spring,0.25,train
sample_02624.jpg,SRC_156,10.0,180.0,48.737382,N-summer,0.25,validation
sample_02625.jpg,SRC_168,90.0,0.0,64.709631,N-summer,0.25,validation
sample_02626.jpg,SRC_150,10.0,180.0,50.798821,N-summer,0.5,train
sample_02627.jpg,SRC_041,15.0,180.0,46.712049,N-summer,0.25,validation
sample_02628.jpg,SRC_103,-35.0,180.0,57.090396,N-autumn,0.25,train
sample_02629.jpg,SRC_005,0.0,180.0,55.846781,N-summer,0.5,validation
sample_02630.jpg,SRC_009,-25.0,180.0,73.827745,N-spring,0.5,train
sample_02631.jpg,SRC_148,-15.0,180.0,49.227137,N-autumn,0.25,train
sample_02632.jpg,SRC_027,35.0,180.0,41.369436,N-spring,0.5,train
sample_02633.jpg,SRC_050,0.0,180.0,53.680047,N-summer,0.25,calibration
sample_02634.jpg,SRC_168,90.0,0.0,64.709631,N-summer,0.25,validation
sample_02635.jpg,SRC_058,30.0,180.0,69.060883,N-autumn,0.5,train
sample_02636.jpg,SRC_020,35.0,180.0,42.075965,N-summer,0.25,calibration
sample_02637.jpg,SRC_114,-10.0,180.0,58.176498,N-autumn,0.5,train
sample_02638.jpg,SRC_069,25.0,180.0,48.120522,N-summer,0.5,train
sample_02639.jpg,SRC_084,-10.0,180.0,58.957849,N-summer,0.25,train
sample_02640.jpg,SRC_030,-25.0,180.0,67.936804,N-spring,0.5,train
sample_02641.jpg,SRC_116,5.0,180.0,41.203028,N-spring,0.25,calibration
sample_02642.jpg,SRC_113,-35.0,180.0,36.668707,N-winter,0.25,train
sample_02643.jpg,SRC_088,0.0,180.0,53.004483,N-summer,0.25,train
sample_02644.jpg,SRC_020,35.0,180.0,42.075965,N-summer,0.25,calibration
sample_02645.jpg,SRC_071,20.0,180.0,40.070501,N-spring,0.25,train
sample_02646.jpg,SRC_115,25.0,180.0,41.8845,N-spring,0.25,train
sample_02647.jpg,SRC_148,-15.0,180.0,49.227137,N-autumn,0.25,train
sample_02648.jpg,SRC_015,20.0,180.0,46.484204,N-summer,0.25,train
sample_02649.jpg,SRC_122,-5.0,180.0,57.310506,N-summer,0.25,train
sample_02650.jpg,SRC_027,35.0,180.0,41.369436,N-spring,0.5,train
sample_02651.jpg,SRC_142,-30.0,180.0,34.276784,N-winter,0.25,train
sample_02652.jpg,SRC_062,45.0,180.0,81.508965,N-autumn,0.5,train
sample_02653.jpg,SRC_067,-15.0,180.0,64.724247,N-spring,0.5,calibration
sample_02654.jpg,SRC_026,90.0,0.0,57.238404,N-spring,0.25,calibration
sample_02655.jpg,SRC_004,30.0,180.0,61.107468,N-autumn,0.5,train
sample_02656.jpg,SRC_074,0.0,180.0,50.25459,N-spring,0.5,train
sample_02657.jpg,SRC_072,15.0,180.0,46.966801,N-winter,0.25,train
sample_02658.jpg,SRC_042,10.0,180.0,36.92431,N-spring,0.5,calibration
sample_02659.jpg,SRC_014,-40.0,180.0,38.480327,N-winter,0.25,train
sample_02660.jpg,SRC_152,30.0,180.0,40.69576,N-spring,0.25,validation
sample_02661.jpg,SRC_067,-15.0,180.0,64.724247,N-spring,0.5,calibration
sample_02662.jpg,SRC_071,20.0,180.0,40.070501,N-spring,0.25,train
sample_02663.jpg,SRC_034,40.0,180.0,46.055099,N-summer,0.25,validation
sample_02664.jpg,SRC_126,-20.0,180.0,68.779144,N-summer,0.5,train
sample_02665.jpg,SRC_057,-5.0,180.0,57.599617,N-summer,0.25,calibration
sample_02666.jpg,SRC_115,25.0,180.0,41.8845,N-spring,0.25,train
sample_02667.jpg,SRC_022,20.0,180.0,41.513642,N-spring,0.25,train
sample_02668.jpg,SRC_081,-90.0,0.0,74.772433,N-autumn,0.25,calibration
sample_02669.jpg,SRC_125,-5.0,180.0,52.428603,N-spring,0.25,train
sample_02670.jpg,SRC_009,-25.0,180.0,73.827745,N-spring,0.5,train
sample_02671.jpg,SRC_103,-35.0,180.0,57.090396,N-autumn,0.25,train
sample_02672.jpg,SRC_046,0.0,180.0,58.061031,N-autumn,0.25,calibration
sample_02673.jpg,SRC_170,-20.0,180.0,56.332579,N-autumn,0.25,validation
sample_02674.jpg,SRC_061,50.0,180.0,43.110277,N-spring,0.5,train
sample_02675.jpg,SRC_011,-20.0,180.0,70.371153,N-summer,0.25,train
sample_02676.jpg,SRC_078,15.0,180.0,40.437008,N-spring,0.25,train
sample_02677.jpg,SRC_078,15.0,180.0,40.437008,N-spring,0.25,train
sample_02678.jpg,SRC_126,-20.0,180.0,68.779144,N-summer,0.5,train
sample_02679.jpg,SRC_011,-20.0,180.0,70.371153,N-summer,0.25,train
sample_02680.jpg,SRC_080,-25.0,180.0,69.726065,N-summer,0.25,train
sample_02681.jpg,SRC_020,35.0,180.0,42.075965,N-summer,0.25,calibration
sample_02682.jpg,SRC_062,45.0,180.0,81.508965,N-autumn,0.5,train
sample_02683.jpg,SRC_084,-10.0,180.0,58.957849,N-summer,0.25,train
sample_02684.jpg,SRC_111,-35.0,180.0,79.069883,N-spring,1.0,train
sample_02685.jpg,SRC_111,-35.0,180.0,79.069883,N-spring,1.0,train
sample_02686.jpg,SRC_052,5.0,180.0,51.705435,N-summer,0.25,train
sample_02687.jpg,SRC_051,20.0,180.0,63.609319,N-autumn,0.5,train
sample_02688.jpg,SRC_061,50.0,180.0,43.110277,N-spring,0.5,train
sample_02689.jpg,SRC_059,15.0,180.0,48.046698,N-summer,0.25,train
sample_02690.jpg,SRC_151,-15.0,180.0,63.408071,N-summer,0.5,validation
sample_02691.jpg,SRC_168,90.0,0.0,64.709631,N-summer,0.25,validation
sample_02692.jpg,SRC_094,20.0,180.0,66.934532,N-autumn,0.25,train
sample_02693.jpg,SRC_058,30.0,180.0,69.060883,N-autumn,0.5,train
sample_02694.jpg,SRC_013,50.0,180.0,54.051464,N-spring,0.5,train
sample_02695.jpg,SRC_005,0.0,180.0,55.846781,N-summer,0.5,validation
sample_02696.jpg,SRC_136,-35.0,180.0,76.922409,N-spring,0.5,train
sample_02697.jpg,SRC_086,15.0,180.0,43.648742,N-summer,0.5,validation
sample_02698.jpg,SRC_010,90.0,0.0,74.440619,N-summer,0.5,calibration
sample_02699.jpg,SRC_126,-20.0,180.0,68.779144,N-summer,0.5,train
sample_02700.jpg,SRC_080,-25.0,180.0,69.726065,N-summer,0.25,train
sample_02701.jpg,SRC_165,10.0,180.0,42.451267,N-winter,0.25,train
sample_02702.jpg,SRC_043,10.0,180.0,50.433279,N-summer,0.5,train
sample_02703.jpg,SRC_005,0.0,180.0,55.846781,N-summer,0.5,validation
sample_02704.jpg,SRC_094,20.0,180.0,66.934532,N-autumn,0.25,train
sample_02705.jpg,SRC_006,-15.0,180.0,65.638079,N-spring,0.5,train
sample_02706.jpg,SRC_040,90.0,0.0,57.651744,N-spring,0.5,train
sample_02707.jpg,SRC_114,-10.0,180.0,58.176498,N-autumn,0.5,train
sample_02708.jpg,SRC_088,0.0,180.0,53.004483,N-summer,0.25,train
sample_02709.jpg,SRC_103,-35.0,180.0,57.090396,N-autumn,0.25,train
sample_02710.jpg,SRC_051,20.0,180.0,63.609319,N-autumn,0.5,train
sample_02711.jpg,SRC_165,10.0,180.0,42.451267,N-winter,0.25,train
sample_02712.jpg,SRC_133,-10.0,180.0,48.887369,N-spring,0.5,train
sample_02713.jpg,SRC_115,25.0,180.0,41.8845,N-spring,0.25,train
sample_02714.jpg,SRC_040,90.0,0.0,57.651744,N-spring,0.5,train
sample_02715.jpg,SRC_171,-35.0,180.0,63.65778,N-spring,0.25,train
sample_02716.jpg,SRC_109,50.0,180.0,54.137665,N-summer,0.25,validation
sample_02717.jpg,SRC_037,15.0,180.0,44.468297,N-spring,0.25,train
sample_02718.jpg,SRC_123,0.0,180.0,54.598149,N-autumn,0.5,train
sample_02719.jpg,SRC_099,15.0,180.0,42.024472,N-spring,0.5,train
sample_02720.jpg,SRC_026,90.0,0.0,57.238404,N-spring,0.25,calibration
sample_02721.jpg,SRC_091,-40.0,180.0,72.511342,N-summer,0.5,train
sample_02722.jpg,SRC_121,25.0,180.0,67.446292,N-autumn,0.5,train
sample_02723.jpg,SRC_015,20.0,180.0,46.484204,N-summer,0.25,train
sample_02724.jpg,SRC_103,-35.0,180.0,57.090396,N-autumn,0.25,train
sample_02725.jpg,SRC_006,-15.0,180.0,65.638079,N-spring,0.5,train
sample_02726.jpg,SRC_148,-15.0,180.0,49.227137,N-autumn,0.25,train
sample_02727.jpg,SRC_150,10.0,180.0,50.798821,N-summer,0.5,train
sample_02728.jpg,SRC_148,-15.0,180.0,49.227137,N-autumn,0.25,train
sample_02729.jpg,SRC_094,20.0,180.0,66.934532,N-autumn,0.25,train
sample_02730.jpg,SRC_076,25.0,180.0,63.632584,N-autumn,0.25,train
sample_02731.jpg,SRC_004,30.0,180.0,61.107468,N-autumn,0.5,train
sample_02732.jpg,SRC_063,25.0,180.0,41.329237,N-spring,0.25,train
sample_02733.jpg,SRC_051,20.0,180.0,63.609319,N-autumn,0.5,train
sample_02734.jpg,SRC_092,5.0,180.0,57.429528,N-autumn,0.25,train
sample_02735.jpg,SRC_131,10.0,180.0,60.540464,N-autumn,0.5,train
sample_02736.jpg,SRC_154,0.0,180.0,54.770875,N-summer,0.5,train
sample_02737.jpg,SRC_111,-35.0,180.0,79.069883,N-spring,1.0,train
sample_02738.jpg,SRC_055,-5.0,180.0,57.335076,N-spring,0.25,train
sample_02739.jpg,SRC_067,-15.0,180.0,64.724247,N-spring,0.5,calibration
sample_02740.jpg,SRC_022,20.0,180.0,41.513642,N-spring,0.25,train
sample_02741.jpg,SRC_065,30.0,180.0,68.700871,N-winter,0.5,train
sample_02742.jpg,SRC_030,-25.0,180.0,67.936804,N-spring,0.5,train
sample_02743.jpg,SRC_165,10.0,180.0,42.451267,N-winter,0.25,train
sample_02744.jpg,SRC_115,25.0,180.0,41.8845,N-spring,0.25,train
sample_02745.jpg,SRC_062,45.0,180.0,81.508965,N-autumn,0.5,train
sample_02746.jpg,SRC_145,-5.0,180.0,52.15166,N-spring,0.25,train
sample_02747.jpg,SRC_081,-90.0,0.0,74.772433,N-autumn,0.25,calibration
sample_02748.jpg,SRC_043,10.0,180.0,50.433279,N-summer,0.5,train
sample_02749.jpg,SRC_040,90.0,0.0,57.651744,N-spring,0.5,train
sample_02750.jpg,SRC_111,-35.0,180.0,79.069883,N-spring,1.0,train
sample_02751.jpg,SRC_103,-35.0,180.0,57.090396,N-autumn,0.25,train
sample_02752.jpg,SRC_123,0.0,180.0,54.598149,N-autumn,0.5,train
sample_02753.jpg,SRC_030,-25.0,180.0,67.936804,N-spring,0.5,train
sample_02754.jpg,SRC_124,0.0,180.0,51.928413,N-summer,0.25,train
sample_02755.jpg,SRC_030,-25.0,180.0,67.936804,N-spring,0.5,train
sample_02756.jpg,SRC_124,0.0,180.0,51.928413,N-summer,0.25,train
sample_02757.jpg,SRC_111,-35.0,180.0,79.069883,N-spring,1.0,train
sample_02758.jpg,SRC_006,-15.0,180.0,65.638079,N-spring,0.5,train
sample_02759.jpg,SRC_114,-10.0,180.0,58.176498,N-autumn,0.5,train
sample_02760.jpg,SRC_052,5.0,180.0,51.705435,N-summer,0.25,train
sample_02761.jpg,SRC_082,-10.0,180.0,60.444036,N-spring,0.25,calibration
sample_02762.jpg,SRC_036,5.0,180.0,52.749586,N-summer,0.25,train
sample_02763.jpg,SRC_165,10.0,180.0,42.451267,N-winter,0.25,train
sample_02764.jpg,SRC_040,90.0,0.0,57.651744,N-spring,0.5,train
sample_02765.jpg,SRC_111,-35.0,180.0,79.069883,N-spring,1.0,train
sample_02766.jpg,SRC_092,5.0,180.0,57.429528,N-autumn,0.25,train
sample_02767.jpg,SRC_171,-35.0,180.0,63.65778,N-spring,0.25,train
sample_02768.jpg,SRC_067,-15.0,180.0,64.724247,N-spring,0.5,calibration
sample_02769.jpg,SRC_153,-40.0,180.0,43.960452,N-autumn,0.25,train
sample_02770.jpg,SRC_078,15.0,180.0,40.437008,N-spring,0.25,train
sample_02771.jpg,SRC_069,25.0,180.0,48.120522,N-summer,0.5,train
sample_02772.jpg,SRC_069,25.0,180.0,48.120522,N-summer,0.5,train
sample_02773.jpg,SRC_047,0.0,180.0,48.028677,N-spring,0.5,validation
sample_02774.jpg,SRC_009,-25.0,180.0,73.827745,N-spring,0.5,train
sample_02775.jpg,SRC_034,40.0,180.0,46.055099,N-summer,0.25,validation
sample_02776.jpg,SRC_106,25.0,180.0,40.638999,N-spring,0.5,validation
sample_02777.jpg,SRC_009,-25.0,180.0,73.827745,N-spring,0.5,train
sample_02778.jpg,SRC_013,50.0,180.0,54.051464,N-spring,0.5,train
sample_02779.jpg,SRC_004,30.0,180.0,61.107468,N-autumn,0.5,train
sample_02780.jpg,SRC_148,-15.0,180.0,49.227137,N-autumn,0.25,train
sample_02781.jpg,SRC_076,25.0,180.0,63.632584,N-autumn,0.25,train
sample_02782.jpg,SRC_076,25.0,180.0,63.632584,N-autumn,0.25,train
sample_02783.jpg,SRC_140,35.0,180.0,44.85556,N-spring,0.25,train
sample_02784.jpg,SRC_169,40.0,180.0,48.615664,N-summer,0.25,train
sample_02785.jpg,SRC_156,10.0,180.0,48.737382,N-summer,0.25,validation
sample_02786.jpg,SRC_124,0.0,180.0,51.928413,N-summer,0.25,train
sample_02787.jpg,SRC_069,25.0,180.0,48.120522,N-summer,0.5,train
sample_02788.jpg,SRC_162,-90.0,0.0,77.7898,N-winter,0.25,train
sample_02789.jpg,SRC_004,30.0,180.0,61.107468,N-autumn,0.5,train
sample_02790.jpg,SRC_101,5.0,180.0,48.479381,N-winter,0.25,validation
sample_02791.jpg,SRC_088,0.0,180.0,53.004483,N-summer,0.25,train
sample_02792.jpg,SRC_027,35.0,180.0,41.369436,N-spring,0.5,train
sample_02793.jpg,SRC_090,50.0,180.0,47.196626,N-summer,0.25,train
sample_02794.jpg,SRC_161,5.0,180.0,52.294471,N-summer,0.25,train
sample_02795.jpg,SRC_126,-20.0,180.0,68.779144,N-summer,0.5,train
sample_02796.jpg,SRC_009,-25.0,180.0,73.827745,N-spring,0.5,train
sample_02797.jpg,SRC_058,30.0,180.0,69.060883,N-autumn,0.5,train
sample_02798.jpg,SRC_131,10.0,180.0,60.540464,N-autumn,0.5,train
sample_02799.jpg,SRC_165,10.0,180.0,42.451267,N-winter,0.25,train
sample_02800.jpg,SRC_052,5.0,180.0,51.705435,N-summer,0.25,train
sample_02801.jpg,SRC_066,-10.0,180.0,61.81065,N-summer,0.5,calibration
sample_02802.jpg,SRC_013,50.0,180.0,54.051464,N-spring,0.5,train
sample_02803.jpg,SRC_042,10.0,180.0,36.92431,N-spring,0.5,calibration
sample_02804.jpg,SRC_166,90.0,0.0,60.094207,N-spring,0.5,validation
sample_02805.jpg,SRC_144,-35.0,180.0,76.731052,N-spring,0.5,train
sample_02806.jpg,SRC_157,40.0,180.0,44.22455,N-summer,0.25,calibration
sample_02807.jpg,SRC_108,-40.0,180.0,68.856247,N-summer,0.5,calibration
sample_02808.jpg,SRC_009,-25.0,180.0,73.827745,N-spring,0.5,train
sample_02809.jpg,SRC_042,10.0,180.0,36.92431,N-spring,0.5,calibration
sample_02810.jpg,SRC_158,-5.0,180.0,35.954137,N-winter,0.25,train
sample_02811.jpg,SRC_021,-90.0,0.0,68.040851,N-autumn,0.5,train
sample_02812.jpg,SRC_169,40.0,180.0,48.615664,N-summer,0.25,train
sample_02813.jpg,SRC_030,-25.0,180.0,67.936804,N-spring,0.5,train
sample_02814.jpg,SRC_104,25.0,180.0,45.102036,N-summer,0.5,validation
sample_02815.jpg,SRC_011,-20.0,180.0,70.371153,N-summer,0.25,train
sample_02816.jpg,SRC_006,-15.0,180.0,65.638079,N-spring,0.5,train
sample_02817.jpg,SRC_114,-10.0,180.0,58.176498,N-autumn,0.5,train
sample_02818.jpg,SRC_085,0.0,180.0,39.187341,N-spring,0.25,train
sample_02819.jpg,SRC_067,-15.0,180.0,64.724247,N-spring,0.5,calibration
sample_02820.jpg,SRC_151,-15.0,180.0,63.408071,N-summer,0.5,validation
sample_02821.jpg,SRC_109,50.0,180.0,54.137665,N-summer,0.25,validation
sample_02822.jpg,SRC_121,25.0,180.0,67.446292,N-autumn,0.5,train
sample_02823.jpg,SRC_094,20.0,180.0,66.934532,N-autumn,0.25,train
sample_02824.jpg,SRC_134,-30.0,180.0,69.607895,N-spring,0.5,train
sample_02825.jpg,SRC_030,-25.0,180.0,67.936804,N-spring,0.5,train
sample_02826.jpg,SRC_004,30.0,180.0,61.107468,N-autumn,0.5,train
sample_02827.jpg,SRC_107,20.0,180.0,65.68027,N-autumn,0.5,train
sample_02828.jpg,SRC_014,-40.0,180.0,38.480327,N-winter,0.25,train
sample_02829.jpg,SRC_099,15.0,180.0,42.024472,N-spring,0.5,train
sample_02830.jpg,SRC_143,90.0,0.0,68.916652,N-spring,0.5,train
sample_02831.jpg,SRC_097,0.0,180.0,35.318175,N-winter,0.25,train
sample_02832.jpg,SRC_067,-15.0,180.0,64.724247,N-spring,0.5,calibration
sample_02833.jpg,SRC_116,5.0,180.0,41.203028,N-spring,0.25,calibration
sample_02834.jpg,SRC_095,-20.0,180.0,56.495654,N-spring,0.5,validation
sample_02835.jpg,SRC_037,15.0,180.0,44.468297,N-spring,0.25,train
sample_02836.jpg,SRC_021,-90.0,0.0,68.040851,N-autumn,0.5,train
sample_02837.jpg,SRC_108,-40.0,180.0,68.856247,N-summer,0.5,calibration
sample_02838.jpg,SRC_100,20.0,180.0,41.506528,N-spring,0.25,train
sample_02839.jpg,SRC_006,-15.0,180.0,65.638079,N-spring,0.5,train
sample_02840.jpg,SRC_151,-15.0,180.0,63.408071,N-summer,0.5,validation
sample_02841.jpg,SRC_115,25.0,180.0,41.8845,N-spring,0.25,train
sample_02842.jpg,SRC_139,40.0,180.0,53.533251,N-winter,0.25,train
sample_02843.jpg,SRC_131,10.0,180.0,60.540464,N-autumn,0.5,train
sample_02844.jpg,SRC_051,20.0,180.0,63.609319,N-autumn,0.5,train
sample_02845.jpg,SRC_111,-35.0,180.0,79.069883,N-spring,1.0,train
sample_02846.jpg,SRC_123,0.0,180.0,54.598149,N-autumn,0.5,train
sample_02847.jpg,SRC_063,25.0,180.0,41.329237,N-spring,0.25,train
sample_02848.jpg,SRC_153,-40.0,180.0,43.960452,N-autumn,0.25,train
sample_02849.jpg,SRC_121,25.0,180.0,67.446292,N-autumn,0.5,train
sample_02850.jpg,SRC_157,40.0,180.0,44.22455,N-summer,0.25,calibration
sample_02851.jpg,SRC_086,15.0,180.0,43.648742,N-summer,0.5,validation
sample_02852.jpg,SRC_036,5.0,180.0,52.749586,N-summer,0.25,train
sample_02853.jpg,SRC_115,25.0,180.0,41.8845,N-spring,0.25,train
sample_02854.jpg,SRC_088,0.0,180.0,53.004483,N-summer,0.25,train
sample_02855.jpg,SRC_121,25.0,180.0,67.446292,N-autumn,0.5,train
sample_02856.jpg,SRC_158,-5.0,180.0,35.954137,N-winter,0.25,train
sample_02857.jpg,SRC_159,20.0,180.0,67.076816,N-autumn,0.25,train
sample_02858.jpg,SRC_075,-90.0,0.0,65.329336,N-winter,0.25,train
sample_02859.jpg,SRC_150,10.0,180.0,50.798821,N-summer,0.5,train
sample_02860.jpg,SRC_051,20.0,180.0,63.609319,N-autumn,0.5,train
sample_02861.jpg,SRC_097,0.0,180.0,35.318175,N-winter,0.25,train
sample_02862.jpg,SRC_074,0.0,180.0,50.25459,N-spring,0.5,train
sample_02863.jpg,SRC_020,35.0,180.0,42.075965,N-summer,0.25,calibration
sample_02864.jpg,SRC_082,-10.0,180.0,60.444036,N-spring,0.25,calibration
sample_02865.jpg,SRC_059,15.0,180.0,48.046698,N-summer,0.25,train
sample_02866.jpg,SRC_120,90.0,0.0,69.983669,N-summer,0.25,train
sample_02867.jpg,SRC_158,-5.0,180.0,35.954137,N-winter,0.25,train
sample_02868.jpg,SRC_037,15.0,180.0,44.468297,N-spring,0.25,train
sample_02869.jpg,SRC_076,25.0,180.0,63.632584,N-autumn,0.25,train
sample_02870.jpg,SRC_071,20.0,180.0,40.070501,N-spring,0.25,train
sample_02871.jpg,SRC_158,-5.0,180.0,35.954137,N-winter,0.25,train
sample_02872.jpg,SRC_011,-20.0,180.0,70.371153,N-summer,0.25,train
sample_02873.jpg,SRC_015,20.0,180.0,46.484204,N-summer,0.25,train
sample_02874.jpg,SRC_169,40.0,180.0,48.615664,N-summer,0.25,train
sample_02875.jpg,SRC_037,15.0,180.0,44.468297,N-spring,0.25,train
sample_02876.jpg,SRC_016,10.0,180.0,55.552023,N-winter,0.5,calibration
sample_02877.jpg,SRC_153,-40.0,180.0,43.960452,N-autumn,0.25,train
sample_02878.jpg,SRC_095,-20.0,180.0,56.495654,N-spring,0.5,validation
sample_02879.jpg,SRC_159,20.0,180.0,67.076816,N-autumn,0.25,train
sample_02880.jpg,SRC_103,-35.0,180.0,57.090396,N-autumn,0.25,train
sample_02881.jpg,SRC_092,5.0,180.0,57.429528,N-autumn,0.25,train
sample_02882.jpg,SRC_091,-40.0,180.0,72.511342,N-summer,0.5,train
sample_02883.jpg,SRC_099,15.0,180.0,42.024472,N-spring,0.5,train
sample_02884.jpg,SRC_048,-25.0,180.0,61.920556,N-autumn,0.25,calibration
sample_02885.jpg,SRC_027,35.0,180.0,41.369436,N-spring,0.5,train
sample_02886.jpg,SRC_027,35.0,180.0,41.369436,N-spring,0.5,train
sample_02887.jpg,SRC_112,-30.0,180.0,67.516648,N-spring,0.5,train
sample_02888.jpg,SRC_037,15.0,180.0,44.468297,N-spring,0.25,train
sample_02889.jpg,SRC_012,-90.0,0.0,85.677016,N-autumn,0.5,train
sample_02890.jpg,SRC_139,40.0,180.0,53.533251,N-winter,0.25,train
sample_02891.jpg,SRC_099,15.0,180.0,42.024472,N-spring,0.5,train
sample_02892.jpg,SRC_131,10.0,180.0,60.540464,N-autumn,0.5,train
sample_02893.jpg,SRC_030,-25.0,180.0,67.936804,N-spring,0.5,train
sample_02894.jpg,SRC_121,25.0,180.0,67.446292,N-autumn,0.5,train
sample_02895.jpg,SRC_158,-5.0,180.0,35.954137,N-winter,0.25,train
sample_02896.jpg,SRC_004,30.0,180.0,61.107468,N-autumn,0.5,train
sample_02897.jpg,SRC_115,25.0,180.0,41.8845,N-spring,0.25,train
sample_02898.jpg,SRC_040,90.0,0.0,57.651744,N-spring,0.5,train
sample_02899.jpg,SRC_014,-40.0,180.0,38.480327,N-winter,0.25,train
sample_02900.jpg,SRC_047,0.0,180.0,48.028677,N-spring,0.5,validation
sample_02901.jpg,SRC_146,10.0,180.0,58.0428,N-summer,0.5,train
sample_02902.jpg,SRC_091,-40.0,180.0,72.511342,N-summer,0.5,train
sample_02903.jpg,SRC_037,15.0,180.0,44.468297,N-spring,0.25,train
sample_02904.jpg,SRC_142,-30.0,180.0,34.276784,N-winter,0.25,train
sample_02905.jpg,SRC_115,25.0,180.0,41.8845,N-spring,0.25,train
sample_02906.jpg,SRC_081,-90.0,0.0,74.772433,N-autumn,0.25,calibration
sample_02907.jpg,SRC_115,25.0,180.0,41.8845,N-spring,0.25,train
sample_02908.jpg,SRC_121,25.0,180.0,67.446292,N-autumn,0.5,train
sample_02909.jpg,SRC_063,25.0,180.0,41.329237,N-spring,0.25,train
sample_02910.jpg,SRC_086,15.0,180.0,43.648742,N-summer,0.5,validation
sample_02911.jpg,SRC_169,40.0,180.0,48.615664,N-summer,0.25,train
sample_02912.jpg,SRC_092,5.0,180.0,57.429528,N-autumn,0.25,train
sample_02913.jpg,SRC_126,-20.0,180.0,68.779144,N-summer,0.5,train
sample_02914.jpg,SRC_112,-30.0,180.0,67.516648,N-spring,0.5,train
sample_02915.jpg,SRC_095,-20.0,180.0,56.495654,N-spring,0.5,validation
sample_02916.jpg,SRC_142,-30.0,180.0,34.276784,N-winter,0.25,train
sample_02917.jpg,SRC_015,20.0,180.0,46.484204,N-summer,0.25,train
sample_02918.jpg,SRC_037,15.0,180.0,44.468297,N-spring,0.25,train
sample_02919.jpg,SRC_084,-10.0,180.0,58.957849,N-summer,0.25,train
sample_02920.jpg,SRC_108,-40.0,180.0,68.856247,N-summer,0.5,calibration
sample_02921.jpg,SRC_139,40.0,180.0,53.533251,N-winter,0.25,train
sample_02922.jpg,SRC_109,50.0,180.0,54.137665,N-summer,0.25,validation
sample_02923.jpg,SRC_145,-5.0,180.0,52.15166,N-spring,0.25,train
sample_02924.jpg,SRC_103,-35.0,180.0,57.090396,N-autumn,0.25,train
sample_02925.jpg,SRC_088,0.0,180.0,53.004483,N-summer,0.25,train
sample_02926.jpg,SRC_074,0.0,180.0,50.25459,N-spring,0.5,train
sample_02927.jpg,SRC_030,-25.0,180.0,67.936804,N-spring,0.5,train
sample_02928.jpg,SRC_102,-10.0,180.0,52.255853,N-spring,0.25,train
sample_02929.jpg,SRC_030,-25.0,180.0,67.936804,N-spring,0.5,train
sample_02930.jpg,SRC_091,-40.0,180.0,72.511342,N-summer,0.5,train
sample_02931.jpg,SRC_021,-90.0,0.0,68.040851,N-autumn,0.5,train
sample_02932.jpg,SRC_095,-20.0,180.0,56.495654,N-spring,0.5,validation
sample_02933.jpg,SRC_013,50.0,180.0,54.051464,N-spring,0.5,train
sample_02934.jpg,SRC_046,0.0,180.0,58.061031,N-autumn,0.25,calibration
sample_02935.jpg,SRC_111,-35.0,180.0,79.069883,N-spring,1.0,train
sample_02936.jpg,SRC_126,-20.0,180.0,68.779144,N-summer,0.5,train
sample_02937.jpg,SRC_009,-25.0,180.0,73.827745,N-spring,0.5,train
sample_02938.jpg,SRC_055,-5.0,180.0,57.335076,N-spring,0.25,train
sample_02939.jpg,SRC_108,-40.0,180.0,68.856247,N-summer,0.5,calibration
sample_02940.jpg,SRC_046,0.0,180.0,58.061031,N-autumn,0.25,calibration
sample_02941.jpg,SRC_043,10.0,180.0,50.433279,N-summer,0.5,train
sample_02942.jpg,SRC_070,60.0,180.0,58.788969,N-summer,0.5,train
sample_02943.jpg,SRC_063,25.0,180.0,41.329237,N-spring,0.25,train
sample_02944.jpg,SRC_124,0.0,180.0,51.928413,N-summer,0.25,train
sample_02945.jpg,SRC_153,-40.0,180.0,43.960452,N-autumn,0.25,train
sample_02946.jpg,SRC_161,5.0,180.0,52.294471,N-summer,0.25,train
sample_02947.jpg,SRC_003,0.0,180.0,38.090051,N-spring,0.25,validation
sample_02948.jpg,SRC_013,50.0,180.0,54.051464,N-spring,0.5,train
sample_02949.jpg,SRC_140,35.0,180.0,44.85556,N-spring,0.25,train
sample_02950.jpg,SRC_145,-5.0,180.0,52.15166,N-spring,0.25,train
sample_02951.jpg,SRC_165,10.0,180.0,42.451267,N-winter,0.25,train
sample_02952.jpg,SRC_047,0.0,180.0,48.028677,N-spring,0.5,validation
sample_02953.jpg,SRC_059,15.0,180.0,48.046698,N-summer,0.25,train
sample_02954.jpg,SRC_171,-35.0,180.0,63.65778,N-spring,0.25,train
sample_02955.jpg,SRC_030,-25.0,180.0,67.936804,N-spring,0.5,train
sample_02956.jpg,SRC_106,25.0,180.0,40.638999,N-spring,0.5,validation
sample_02957.jpg,SRC_165,10.0,180.0,42.451267,N-winter,0.25,train
sample_02958.jpg,SRC_130,25.0,180.0,37.507656,N-spring,0.25,train
sample_02959.jpg,SRC_108,-40.0,180.0,68.856247,N-summer,0.5,calibration
sample_02960.jpg,SRC_112,-30.0,180.0,67.516648,N-spring,0.5,train
sample_02961.jpg,SRC_026,90.0,0.0,57.238404,N-spring,0.25,calibration
sample_02962.jpg,SRC_107,20.0,180.0,65.68027,N-autumn,0.5,train
sample_02963.jpg,SRC_051,20.0,180.0,63.609319,N-autumn,0.5,train
sample_02964.jpg,SRC_119,90.0,0.0,58.642683,N-spring,0.25,calibration
sample_02965.jpg,SRC_047,0.0,180.0,48.028677,N-spring,0.5,validation
sample_02966.jpg,SRC_062,45.0,180.0,81.508965,N-autumn,0.5,train
sample_02967.jpg,SRC_027,35.0,180.0,41.369436,N-spring,0.5,train
sample_02968.jpg,SRC_058,30.0,180.0,69.060883,N-autumn,0.5,train
sample_02969.jpg,SRC_027,35.0,180.0,41.369436,N-spring,0.5,train
sample_02970.jpg,SRC_026,90.0,0.0,57.238404,N-spring,0.25,calibration
sample_02971.jpg,SRC_171,-35.0,180.0,63.65778,N-spring,0.25,train
sample_02972.jpg,SRC_040,90.0,0.0,57.651744,N-spring,0.5,train
sample_02973.jpg,SRC_078,15.0,180.0,40.437008,N-spring,0.25,train
sample_02974.jpg,SRC_043,10.0,180.0,50.433279,N-summer,0.5,train
sample_02975.jpg,SRC_016,10.0,180.0,55.552023,N-winter,0.5,calibration
sample_02976.jpg,SRC_114,-10.0,180.0,58.176498,N-autumn,0.5,train
sample_02977.jpg,SRC_038,-15.0,180.0,32.097448,N-winter,0.25,train
sample_02978.jpg,SRC_139,40.0,180.0,53.533251,N-winter,0.25,train
sample_02979.jpg,SRC_146,10.0,180.0,58.0428,N-summer,0.5,train
sample_02980.jpg,SRC_164,20.0,180.0,59.226879,N-autumn,0.25,train
sample_02981.jpg,SRC_140,35.0,180.0,44.85556,N-spring,0.25,train
sample_02982.jpg,SRC_004,30.0,180.0,61.107468,N-autumn,0.5,train
sample_02983.jpg,SRC_104,25.0,180.0,45.102036,N-summer,0.5,validation
sample_02984.jpg,SRC_091,-40.0,180.0,72.511342,N-summer,0.5,train
sample_02985.jpg,SRC_103,-35.0,180.0,57.090396,N-autumn,0.25,train
sample_02986.jpg,SRC_069,25.0,180.0,48.120522,N-summer,0.5,train
sample_02987.jpg,SRC_022,20.0,180.0,41.513642,N-spring,0.25,train
sample_02988.jpg,SRC_030,-25.0,180.0,67.936804,N-spring,0.5,train
sample_02989.jpg,SRC_150,10.0,180.0,50.798821,N-summer,0.5,train
sample_02990.jpg,SRC_123,0.0,180.0,54.598149,N-autumn,0.5,train
sample_02991.jpg,SRC_043,10.0,180.0,50.433279,N-summer,0.5,train
sample_02992.jpg,SRC_158,-5.0,180.0,35.954137,N-winter,0.25,train
sample_02993.jpg,SRC_075,-90.0,0.0,65.329336,N-winter,0.25,train
sample_02994.jpg,SRC_108,-40.0,180.0,68.856247,N-summer,0.5,calibration
sample_02995.jpg,SRC_056,-40.0,180.0,74.660587,N-summer,0.5,train
sample_02996.jpg,SRC_037,15.0,180.0,44.468297,N-spring,0.25,train
sample_02997.jpg,SRC_019,90.0,0.0,60.00919,N-summer,0.25,train
sample_02998.jpg,SRC_058,30.0,180.0,69.060883,N-autumn,0.5,train
sample_02999.jpg,SRC_011,-20.0,180.0,70.371153,N-summer,0.25,train
sample_03000.jpg,SRC_092,5.0,180.0,57.429528,N-autumn,0.25,train
sample_03001.jpg,SRC_085,0.0,180.0,39.187341,N-spring,0.25,train
sample_03002.jpg,SRC_063,25.0,180.0,41.329237,N-spring,0.25,train
sample_03003.jpg,SRC_108,-40.0,180.0,68.856247,N-summer,0.5,calibration
sample_03004.jpg,SRC_142,-30.0,180.0,34.276784,N-winter,0.25,train
sample_03005.jpg,SRC_109,50.0,180.0,54.137665,N-summer,0.25,validation
sample_03006.jpg,SRC_043,10.0,180.0,50.433279,N-summer,0.5,train
sample_03007.jpg,SRC_159,20.0,180.0,67.076816,N-autumn,0.25,train
sample_03008.jpg,SRC_049,5.0,180.0,42.94902,N-spring,0.25,train
sample_03009.jpg,SRC_136,-35.0,180.0,76.922409,N-spring,0.5,train
sample_03010.jpg,SRC_104,25.0,180.0,45.102036,N-summer,0.5,validation
sample_03011.jpg,SRC_168,90.0,0.0,64.709631,N-summer,0.25,validation
sample_03012.jpg,SRC_148,-15.0,180.0,49.227137,N-autumn,0.25,train
sample_03013.jpg,SRC_131,10.0,180.0,60.540464,N-autumn,0.5,train
sample_03014.jpg,SRC_098,-45.0,180.0,70.730178,N-summer,0.25,train
sample_03015.jpg,SRC_095,-20.0,180.0,56.495654,N-spring,0.5,validation
sample_03016.jpg,SRC_118,35.0,180.0,49.493581,N-summer,0.25,train
sample_03017.jpg,SRC_091,-40.0,180.0,72.511342,N-summer,0.5,train
sample_03018.jpg,SRC_121,25.0,180.0,67.446292,N-autumn,0.5,train
sample_03019.jpg,SRC_114,-10.0,180.0,58.176498,N-autumn,0.5,train
sample_03020.jpg,SRC_132,5.0,180.0,51.83727,N-summer,0.25,train
sample_03021.jpg,SRC_063,25.0,180.0,41.329237,N-spring,0.25,train
sample_03022.jpg,SRC_056,-40.0,180.0,74.660587,N-summer,0.5,train
sample_03023.jpg,SRC_107,20.0,180.0,65.68027,N-autumn,0.5,train
sample_03024.jpg,SRC_091,-40.0,180.0,72.511342,N-summer,0.5,train
sample_03025.jpg,SRC_030,-25.0,180.0,67.936804,N-spring,0.5,train
sample_03026.jpg,SRC_158,-5.0,180.0,35.954137,N-winter,0.25,train
sample_03027.jpg,SRC_099,15.0,180.0,42.024472,N-spring,0.5,train
sample_03028.jpg,SRC_009,-25.0,180.0,73.827745,N-spring,0.5,train
sample_03029.jpg,SRC_124,0.0,180.0,51.928413,N-summer,0.25,train
sample_03030.jpg,SRC_091,-40.0,180.0,72.511342,N-summer,0.5,train
sample_03031.jpg,SRC_121,25.0,180.0,67.446292,N-autumn,0.5,train
sample_03032.jpg,SRC_092,5.0,180.0,57.429528,N-autumn,0.25,train
sample_03033.jpg,SRC_144,-35.0,180.0,76.731052,N-spring,0.5,train
sample_03034.jpg,SRC_041,15.0,180.0,46.712049,N-summer,0.25,validation
sample_03035.jpg,SRC_111,-35.0,180.0,79.069883,N-spring,1.0,train
sample_03036.jpg,SRC_023,-10.0,180.0,50.837437,N-spring,0.25,train
sample_03037.jpg,SRC_009,-25.0,180.0,73.827745,N-spring,0.5,train
sample_03038.jpg,SRC_118,35.0,180.0,49.493581,N-summer,0.25,train
sample_03039.jpg,SRC_126,-20.0,180.0,68.779144,N-summer,0.5,train
sample_03040.jpg,SRC_089,10.0,180.0,48.442522,N-winter,0.25,calibration
sample_03041.jpg,SRC_086,15.0,180.0,43.648742,N-summer,0.5,validation
sample_03042.jpg,SRC_158,-5.0,180.0,35.954137,N-winter,0.25,train
sample_03043.jpg,SRC_103,-35.0,180.0,57.090396,N-autumn,0.25,train
sample_03044.jpg,SRC_130,25.0,180.0,37.507656,N-spring,0.25,train
sample_03045.jpg,SRC_067,-15.0,180.0,64.724247,N-spring,0.5,calibration
sample_03046.jpg,SRC_009,-25.0,180.0,73.827745,N-spring,0.5,train
sample_03047.jpg,SRC_059,15.0,180.0,48.046698,N-summer,0.25,train
sample_03048.jpg,SRC_126,-20.0,180.0,68.779144,N-summer,0.5,train
sample_03049.jpg,SRC_022,20.0,180.0,41.513642,N-spring,0.25,train
sample_03050.jpg,SRC_066,-10.0,180.0,61.81065,N-summer,0.5,calibration
sample_03051.jpg,SRC_005,0.0,180.0,55.846781,N-summer,0.5,validation
sample_03052.jpg,SRC_158,-5.0,180.0,35.954137,N-winter,0.25,train
sample_03053.jpg,SRC_009,-25.0,180.0,73.827745,N-spring,0.5,train
sample_03054.jpg,SRC_131,10.0,180.0,60.540464,N-autumn,0.5,train
sample_03055.jpg,SRC_093,-25.0,180.0,43.343655,N-autumn,0.5,calibration
sample_03056.jpg,SRC_087,0.0,180.0,54.65824,N-summer,0.25,calibration
sample_03057.jpg,SRC_154,0.0,180.0,54.770875,N-summer,0.5,train
sample_03058.jpg,SRC_047,0.0,180.0,48.028677,N-spring,0.5,validation
sample_03059.jpg,SRC_081,-90.0,0.0,74.772433,N-autumn,0.25,calibration
sample_03060.jpg,SRC_168,90.0,0.0,64.709631,N-summer,0.25,validation
sample_03061.jpg,SRC_141,-10.0,180.0,55.206291,N-spring,0.25,train
sample_03062.jpg,SRC_111,-35.0,180.0,79.069883,N-spring,1.0,train
sample_03063.jpg,SRC_144,-35.0,180.0,76.731052,N-spring,0.5,train
sample_03064.jpg,SRC_009,-25.0,180.0,73.827745,N-spring,0.5,train
sample_03065.jpg,SRC_146,10.0,180.0,58.0428,N-summer,0.5,train
sample_03066.jpg,SRC_100,20.0,180.0,41.506528,N-spring,0.25,train
sample_03067.jpg,SRC_133,-10.0,180.0,48.887369,N-spring,0.5,train
sample_03068.jpg,SRC_092,5.0,180.0,57.429528,N-autumn,0.25,train
sample_03069.jpg,SRC_021,-90.0,0.0,68.040851,N-autumn,0.5,train
sample_03070.jpg,SRC_115,25.0,180.0,41.8845,N-spring,0.25,train
sample_03071.jpg,SRC_123,0.0,180.0,54.598149,N-autumn,0.5,train
sample_03072.jpg,SRC_157,40.0,180.0,44.22455,N-summer,0.25,calibration
sample_03073.jpg,SRC_012,-90.0,0.0,85.677016,N-autumn,0.5,train
sample_03074.jpg,SRC_040,90.0,0.0,57.651744,N-spring,0.5,train
sample_03075.jpg,SRC_103,-35.0,180.0,57.090396,N-autumn,0.25,train
sample_03076.jpg,SRC_110,90.0,0.0,59.038071,N-summer,0.25,train
sample_03077.jpg,SRC_085,0.0,180.0,39.187341,N-spring,0.25,train
sample_03078.jpg,SRC_027,35.0,180.0,41.369436,N-spring,0.5,train
sample_03079.jpg,SRC_071,20.0,180.0,40.070501,N-spring,0.25,train
sample_03080.jpg,SRC_094,20.0,180.0,66.934532,N-autumn,0.25,train
sample_03081.jpg,SRC_005,0.0,180.0,55.846781,N-summer,0.5,validation
sample_03082.jpg,SRC_096,25.0,180.0,40.422288,N-spring,0.25,train
sample_03083.jpg,SRC_016,10.0,180.0,55.552023,N-winter,0.5,calibration
sample_03084.jpg,SRC_030,-25.0,180.0,67.936804,N-spring,0.5,train
sample_03085.jpg,SRC_134,-30.0,180.0,69.607895,N-spring,0.5,train
sample_03086.jpg,SRC_148,-15.0,180.0,49.227137,N-autumn,0.25,train
sample_03087.jpg,SRC_067,-15.0,180.0,64.724247,N-spring,0.5,calibration
sample_03088.jpg,SRC_041,15.0,180.0,46.712049,N-summer,0.25,validation
sample_03089.jpg,SRC_103,-35.0,180.0,57.090396,N-autumn,0.25,train
sample_03090.jpg,SRC_094,20.0,180.0,66.934532,N-autumn,0.25,train
sample_03091.jpg,SRC_055,-5.0,180.0,57.335076,N-spring,0.25,train
sample_03092.jpg,SRC_065,30.0,180.0,68.700871,N-winter,0.5,train
sample_03093.jpg,SRC_159,20.0,180.0,67.076816,N-autumn,0.25,train
sample_03094.jpg,SRC_101,5.0,180.0,48.479381,N-winter,0.25,validation
sample_03095.jpg,SRC_026,90.0,0.0,57.238404,N-spring,0.25,calibration
sample_03096.jpg,SRC_006,-15.0,180.0,65.638079,N-spring,0.5,train
sample_03097.jpg,SRC_061,50.0,180.0,43.110277,N-spring,0.5,train
sample_03098.jpg,SRC_013,50.0,180.0,54.051464,N-spring,0.5,train
sample_03099.jpg,SRC_042,10.0,180.0,36.92431,N-spring,0.5,calibration
sample_03100.jpg,SRC_051,20.0,180.0,63.609319,N-autumn,0.5,train
sample_03101.jpg,SRC_011,-20.0,180.0,70.371153,N-summer,0.25,train
sample_03102.jpg,SRC_009,-25.0,180.0,73.827745,N-spring,0.5,train
sample_03103.jpg,SRC_042,10.0,180.0,36.92431,N-spring,0.5,calibration
sample_03104.jpg,SRC_061,50.0,180.0,43.110277,N-spring,0.5,train
sample_03105.jpg,SRC_123,0.0,180.0,54.598149,N-autumn,0.5,train
sample_03106.jpg,SRC_135,5.0,180.0,41.328761,N-winter,0.5,train
sample_03107.jpg,SRC_168,90.0,0.0,64.709631,N-summer,0.25,validation
sample_03108.jpg,SRC_088,0.0,180.0,53.004483,N-summer,0.25,train
sample_03109.jpg,SRC_063,25.0,180.0,41.329237,N-spring,0.25,train
sample_03110.jpg,SRC_014,-40.0,180.0,38.480327,N-winter,0.25,train
sample_03111.jpg,SRC_004,30.0,180.0,61.107468,N-autumn,0.5,train
sample_03112.jpg,SRC_108,-40.0,180.0,68.856247,N-summer,0.5,calibration
sample_03113.jpg,SRC_047,0.0,180.0,48.028677,N-spring,0.5,validation
sample_03114.jpg,SRC_063,25.0,180.0,41.329237,N-spring,0.25,train
sample_03115.jpg,SRC_052,5.0,180.0,51.705435,N-summer,0.25,train
sample_03116.jpg,SRC_023,-10.0,180.0,50.837437,N-spring,0.25,train
sample_03117.jpg,SRC_076,25.0,180.0,63.632584,N-autumn,0.25,train
sample_03118.jpg,SRC_155,-5.0,180.0,59.117539,N-summer,0.25,train
sample_03119.jpg,SRC_091,-40.0,180.0,72.511342,N-summer,0.5,train
sample_03120.jpg,SRC_051,20.0,180.0,63.609319,N-autumn,0.5,train
sample_03121.jpg,SRC_116,5.0,180.0,41.203028,N-spring,0.25,calibration
sample_03122.jpg,SRC_115,25.0,180.0,41.8845,N-spring,0.25,train
sample_03123.jpg,SRC_108,-40.0,180.0,68.856247,N-summer,0.5,calibration
sample_03124.jpg,SRC_108,-40.0,180.0,68.856247,N-summer,0.5,calibration
sample_03125.jpg,SRC_112,-30.0,180.0,67.516648,N-spring,0.5,train
sample_03126.jpg,SRC_065,30.0,180.0,68.700871,N-winter,0.5,train
sample_03127.jpg,SRC_066,-10.0,180.0,61.81065,N-summer,0.5,calibration
sample_03128.jpg,SRC_103,-35.0,180.0,57.090396,N-autumn,0.25,train
sample_03129.jpg,SRC_093,-25.0,180.0,43.343655,N-autumn,0.5,calibration
sample_03130.jpg,SRC_029,-5.0,180.0,45.485648,N-autumn,0.25,calibration
sample_03131.jpg,SRC_133,-10.0,180.0,48.887369,N-spring,0.5,train
sample_03132.jpg,SRC_144,-35.0,180.0,76.731052,N-spring,0.5,train
sample_03133.jpg,SRC_151,-15.0,180.0,63.408071,N-summer,0.5,validation
sample_03134.jpg,SRC_063,25.0,180.0,41.329237,N-spring,0.25,train
sample_03135.jpg,SRC_027,35.0,180.0,41.369436,N-spring,0.5,train
sample_03136.jpg,SRC_028,10.0,180.0,42.894848,N-spring,0.25,calibration
sample_03137.jpg,SRC_168,90.0,0.0,64.709631,N-summer,0.25,validation
sample_03138.jpg,SRC_168,90.0,0.0,64.709631,N-summer,0.25,validation
sample_03139.jpg,SRC_111,-35.0,180.0,79.069883,N-spring,1.0,train
sample_03140.jpg,SRC_108,-40.0,180.0,68.856247,N-summer,0.5,calibration
sample_03141.jpg,SRC_096,25.0,180.0,40.422288,N-spring,0.25,train
sample_03142.jpg,SRC_037,15.0,180.0,44.468297,N-spring,0.25,train
sample_03143.jpg,SRC_063,25.0,180.0,41.329237,N-spring,0.25,train
sample_03144.jpg,SRC_103,-35.0,180.0,57.090396,N-autumn,0.25,train
sample_03145.jpg,SRC_057,-5.0,180.0,57.599617,N-summer,0.25,calibration
sample_03146.jpg,SRC_035,0.0,180.0,56.990187,N-autumn,0.25,train
sample_03147.jpg,SRC_058,30.0,180.0,69.060883,N-autumn,0.5,train
sample_03148.jpg,SRC_009,-25.0,180.0,73.827745,N-spring,0.5,train
sample_03149.jpg,SRC_056,-40.0,180.0,74.660587,N-summer,0.5,train
sample_03150.jpg,SRC_102,-10.0,180.0,52.255853,N-spring,0.25,train
sample_03151.jpg,SRC_149,90.0,0.0,55.701783,N-summer,0.25,train
sample_03152.jpg,SRC_021,-90.0,0.0,68.040851,N-autumn,0.5,train
sample_03153.jpg,SRC_148,-15.0,180.0,49.227137,N-autumn,0.25,train
sample_03154.jpg,SRC_063,25.0,180.0,41.329237,N-spring,0.25,train
sample_03155.jpg,SRC_034,40.0,180.0,46.055099,N-summer,0.25,validation
sample_03156.jpg,SRC_020,35.0,180.0,42.075965,N-summer,0.25,calibration
sample_03157.jpg,SRC_013,50.0,180.0,54.051464,N-spring,0.5,train
sample_03158.jpg,SRC_168,90.0,0.0,64.709631,N-summer,0.25,validation
sample_03159.jpg,SRC_108,-40.0,180.0,68.856247,N-summer,0.5,calibration
sample_03160.jpg,SRC_084,-10.0,180.0,58.957849,N-summer,0.25,train
sample_03161.jpg,SRC_095,-20.0,180.0,56.495654,N-spring,0.5,validation
sample_03162.jpg,SRC_070,60.0,180.0,58.788969,N-summer,0.5,train
sample_03163.jpg,SRC_018,-90.0,0.0,67.882485,N-winter,0.25,train
sample_03164.jpg,SRC_108,-40.0,180.0,68.856247,N-summer,0.5,calibration
sample_03165.jpg,SRC_091,-40.0,180.0,72.511342,N-summer,0.5,train
sample_03166.jpg,SRC_078,15.0,180.0,40.437008,N-spring,0.25,train
sample_03167.jpg,SRC_011,-20.0,180.0,70.371153,N-summer,0.25,train
sample_03168.jpg,SRC_040,90.0,0.0,57.651744,N-spring,0.5,train
sample_03169.jpg,SRC_042,10.0,180.0,36.92431,N-spring,0.5,calibration
sample_03170.jpg,SRC_085,0.0,180.0,39.187341,N-spring,0.25,train
sample_03171.jpg,SRC_010,90.0,0.0,74.440619,N-summer,0.5,calibration
sample_03172.jpg,SRC_108,-40.0,180.0,68.856247,N-summer,0.5,calibration
sample_03173.jpg,SRC_131,10.0,180.0,60.540464,N-autumn,0.5,train
sample_03174.jpg,SRC_014,-40.0,180.0,38.480327,N-winter,0.25,train
sample_03175.jpg,SRC_112,-30.0,180.0,67.516648,N-spring,0.5,train
sample_03176.jpg,SRC_121,25.0,180.0,67.446292,N-autumn,0.5,train
sample_03177.jpg,SRC_134,-30.0,180.0,69.607895,N-spring,0.5,train
sample_03178.jpg,SRC_165,10.0,180.0,42.451267,N-winter,0.25,train
sample_03179.jpg,SRC_084,-10.0,180.0,58.957849,N-summer,0.25,train
sample_03180.jpg,SRC_096,25.0,180.0,40.422288,N-spring,0.25,train
sample_03181.jpg,SRC_037,15.0,180.0,44.468297,N-spring,0.25,train
sample_03182.jpg,SRC_158,-5.0,180.0,35.954137,N-winter,0.25,train
sample_03183.jpg,SRC_101,5.0,180.0,48.479381,N-winter,0.25,validation
sample_03184.jpg,SRC_013,50.0,180.0,54.051464,N-spring,0.5,train
sample_03185.jpg,SRC_148,-15.0,180.0,49.227137,N-autumn,0.25,train
sample_03186.jpg,SRC_011,-20.0,180.0,70.371153,N-summer,0.25,train
sample_03187.jpg,SRC_115,25.0,180.0,41.8845,N-spring,0.25,train
sample_03188.jpg,SRC_112,-30.0,180.0,67.516648,N-spring,0.5,train
sample_03189.jpg,SRC_146,10.0,180.0,58.0428,N-summer,0.5,train
sample_03190.jpg,SRC_139,40.0,180.0,53.533251,N-winter,0.25,train
sample_03191.jpg,SRC_140,35.0,180.0,44.85556,N-spring,0.25,train
sample_03192.jpg,SRC_108,-40.0,180.0,68.856247,N-summer,0.5,calibration
sample_03193.jpg,SRC_094,20.0,180.0,66.934532,N-autumn,0.25,train
sample_03194.jpg,SRC_077,-5.0,180.0,34.299081,N-winter,0.25,train
sample_03195.jpg,SRC_126,-20.0,180.0,68.779144,N-summer,0.5,train
sample_03196.jpg,SRC_164,20.0,180.0,59.226879,N-autumn,0.25,train
sample_03197.jpg,SRC_063,25.0,180.0,41.329237,N-spring,0.25,train
sample_03198.jpg,SRC_153,-40.0,180.0,43.960452,N-autumn,0.25,train
sample_03199.jpg,SRC_082,-10.0,180.0,60.444036,N-spring,0.25,calibration
sample_03200.jpg,SRC_083,0.0,180.0,55.378885,N-spring,0.25,calibration
sample_03201.jpg,SRC_094,20.0,180.0,66.934532,N-autumn,0.25,train
sample_03202.jpg,SRC_121,25.0,180.0,67.446292,N-autumn,0.5,train
sample_03203.jpg,SRC_030,-25.0,180.0,67.936804,N-spring,0.5,train
sample_03204.jpg,SRC_063,25.0,180.0,41.329237,N-spring,0.25,train
sample_03205.jpg,SRC_140,35.0,180.0,44.85556,N-spring,0.25,train
sample_03206.jpg,SRC_096,25.0,180.0,40.422288,N-spring,0.25,train
sample_03207.jpg,SRC_121,25.0,180.0,67.446292,N-autumn,0.5,train
sample_03208.jpg,SRC_126,-20.0,180.0,68.779144,N-summer,0.5,train
sample_03209.jpg,SRC_030,-25.0,180.0,67.936804,N-spring,0.5,train
sample_03210.jpg,SRC_169,40.0,180.0,48.615664,N-summer,0.25,train
sample_03211.jpg,SRC_013,50.0,180.0,54.051464,N-spring,0.5,train
sample_03212.jpg,SRC_104,25.0,180.0,45.102036,N-summer,0.5,validation
sample_03213.jpg,SRC_114,-10.0,180.0,58.176498,N-autumn,0.5,train
sample_03214.jpg,SRC_121,25.0,180.0,67.446292,N-autumn,0.5,train
sample_03215.jpg,SRC_026,90.0,0.0,57.238404,N-spring,0.25,calibration
sample_03216.jpg,SRC_027,35.0,180.0,41.369436,N-spring,0.5,train
sample_03217.jpg,SRC_007,20.0,180.0,49.485932,N-winter,0.25,validation
sample_03218.jpg,SRC_061,50.0,180.0,43.110277,N-spring,0.5,train
sample_03219.jpg,SRC_006,-15.0,180.0,65.638079,N-spring,0.5,train
sample_03220.jpg,SRC_109,50.0,180.0,54.137665,N-summer,0.25,validation
sample_03221.jpg,SRC_063,25.0,180.0,41.329237,N-spring,0.25,train
sample_03222.jpg,SRC_058,30.0,180.0,69.060883,N-autumn,0.5,train
sample_03223.jpg,SRC_157,40.0,180.0,44.22455,N-summer,0.25,calibration
sample_03224.jpg,SRC_097,0.0,180.0,35.318175,N-winter,0.25,train
sample_03225.jpg,SRC_039,90.0,0.0,70.63275,N-summer,0.5,calibration
sample_03226.jpg,SRC_074,0.0,180.0,50.25459,N-spring,0.5,train
sample_03227.jpg,SRC_124,0.0,180.0,51.928413,N-summer,0.25,train
sample_03228.jpg,SRC_010,90.0,0.0,74.440619,N-summer,0.5,calibration
sample_03229.jpg,SRC_058,30.0,180.0,69.060883,N-autumn,0.5,train
sample_03230.jpg,SRC_071,20.0,180.0,40.070501,N-spring,0.25,train
sample_03231.jpg,SRC_059,15.0,180.0,48.046698,N-summer,0.25,train
sample_03232.jpg,SRC_153,-40.0,180.0,43.960452,N-autumn,0.25,train
sample_03233.jpg,SRC_075,-90.0,0.0,65.329336,N-winter,0.25,train
sample_03234.jpg,SRC_052,5.0,180.0,51.705435,N-summer,0.25,train
sample_03235.jpg,SRC_004,30.0,180.0,61.107468,N-autumn,0.5,train
sample_03236.jpg,SRC_169,40.0,180.0,48.615664,N-summer,0.25,train
sample_03237.jpg,SRC_026,90.0,0.0,57.238404,N-spring,0.25,calibration
sample_03238.jpg,SRC_115,25.0,180.0,41.8845,N-spring,0.25,train
sample_03239.jpg,SRC_146,10.0,180.0,58.0428,N-summer,0.5,train
sample_03240.jpg,SRC_144,-35.0,180.0,76.731052,N-spring,0.5,train
sample_03241.jpg,SRC_091,-40.0,180.0,72.511342,N-summer,0.5,train
sample_03242.jpg,SRC_087,0.0,180.0,54.65824,N-summer,0.25,calibration
sample_03243.jpg,SRC_024,10.0,180.0,53.725813,N-summer,0.25,calibration
sample_03244.jpg,SRC_121,25.0,180.0,67.446292,N-autumn,0.5,train
sample_03245.jpg,SRC_089,10.0,180.0,48.442522,N-winter,0.25,calibration
sample_03246.jpg,SRC_171,-35.0,180.0,63.65778,N-spring,0.25,train
sample_03247.jpg,SRC_046,0.0,180.0,58.061031,N-autumn,0.25,calibration
sample_03248.jpg,SRC_011,-20.0,180.0,70.371153,N-summer,0.25,train
sample_03249.jpg,SRC_052,5.0,180.0,51.705435,N-summer,0.25,train
sample_03250.jpg,SRC_114,-10.0,180.0,58.176498,N-autumn,0.5,train
sample_03251.jpg,SRC_014,-40.0,180.0,38.480327,N-winter,0.25,train
sample_03252.jpg,SRC_115,25.0,180.0,41.8845,N-spring,0.25,train
sample_03253.jpg,SRC_093,-25.0,180.0,43.343655,N-autumn,0.5,calibration
sample_03254.jpg,SRC_135,5.0,180.0,41.328761,N-winter,0.5,train
sample_03255.jpg,SRC_098,-45.0,180.0,70.730178,N-summer,0.25,train
sample_03256.jpg,SRC_126,-20.0,180.0,68.779144,N-summer,0.5,train
sample_03257.jpg,SRC_042,10.0,180.0,36.92431,N-spring,0.5,calibration
sample_03258.jpg,SRC_041,15.0,180.0,46.712049,N-summer,0.25,validation
sample_03259.jpg,SRC_171,-35.0,180.0,63.65778,N-spring,0.25,train
sample_03260.jpg,SRC_113,-35.0,180.0,36.668707,N-winter,0.25,train
sample_03261.jpg,SRC_076,25.0,180.0,63.632584,N-autumn,0.25,train
sample_03262.jpg,SRC_047,0.0,180.0,48.028677,N-spring,0.5,validation
sample_03263.jpg,SRC_104,25.0,180.0,45.102036,N-summer,0.5,validation
sample_03264.jpg,SRC_051,20.0,180.0,63.609319,N-autumn,0.5,train
sample_03265.jpg,SRC_104,25.0,180.0,45.102036,N-summer,0.5,validation
sample_03266.jpg,SRC_076,25.0,180.0,63.632584,N-autumn,0.25,train
sample_03267.jpg,SRC_133,-10.0,180.0,48.887369,N-spring,0.5,train
sample_03268.jpg,SRC_098,-45.0,180.0,70.730178,N-summer,0.25,train
sample_03269.jpg,SRC_004,30.0,180.0,61.107468,N-autumn,0.5,train
sample_03270.jpg,SRC_145,-5.0,180.0,52.15166,N-spring,0.25,train
sample_03271.jpg,SRC_102,-10.0,180.0,52.255853,N-spring,0.25,train
sample_03272.jpg,SRC_152,30.0,180.0,40.69576,N-spring,0.25,validation
sample_03273.jpg,SRC_171,-35.0,180.0,63.65778,N-spring,0.25,train
sample_03274.jpg,SRC_083,0.0,180.0,55.378885,N-spring,0.25,calibration
sample_03275.jpg,SRC_126,-20.0,180.0,68.779144,N-summer,0.5,train
sample_03276.jpg,SRC_142,-30.0,180.0,34.276784,N-winter,0.25,train
sample_03277.jpg,SRC_072,15.0,180.0,46.966801,N-winter,0.25,train
sample_03278.jpg,SRC_111,-35.0,180.0,79.069883,N-spring,1.0,train
sample_03279.jpg,SRC_124,0.0,180.0,51.928413,N-summer,0.25,train
sample_03280.jpg,SRC_099,15.0,180.0,42.024472,N-spring,0.5,train
sample_03281.jpg,SRC_066,-10.0,180.0,61.81065,N-summer,0.5,calibration
sample_03282.jpg,SRC_037,15.0,180.0,44.468297,N-spring,0.25,train
sample_03283.jpg,SRC_066,-10.0,180.0,61.81065,N-summer,0.5,calibration
sample_03284.jpg,SRC_076,25.0,180.0,63.632584,N-autumn,0.25,train
sample_03285.jpg,SRC_038,-15.0,180.0,32.097448,N-winter,0.25,train
sample_03286.jpg,SRC_115,25.0,180.0,41.8845,N-spring,0.25,train
sample_03287.jpg,SRC_013,50.0,180.0,54.051464,N-spring,0.5,train
sample_03288.jpg,SRC_106,25.0,180.0,40.638999,N-spring,0.5,validation
sample_03289.jpg,SRC_091,-40.0,180.0,72.511342,N-summer,0.5,train
sample_03290.jpg,SRC_159,20.0,180.0,67.076816,N-autumn,0.25,train
sample_03291.jpg,SRC_097,0.0,180.0,35.318175,N-winter,0.25,train
sample_03292.jpg,SRC_040,90.0,0.0,57.651744,N-spring,0.5,train
sample_03293.jpg,SRC_070,60.0,180.0,58.788969,N-summer,0.5,train
sample_03294.jpg,SRC_140,35.0,180.0,44.85556,N-spring,0.25,train
sample_03295.jpg,SRC_158,-5.0,180.0,35.954137,N-winter,0.25,train
sample_03296.jpg,SRC_081,-90.0,0.0,74.772433,N-autumn,0.25,calibration
sample_03297.jpg,SRC_121,25.0,180.0,67.446292,N-autumn,0.5,train
sample_03298.jpg,SRC_027,35.0,180.0,41.369436,N-spring,0.5,train
sample_03299.jpg,SRC_040,90.0,0.0,57.651744,N-spring,0.5,train
sample_03300.jpg,SRC_123,0.0,180.0,54.598149,N-autumn,0.5,train
sample_03301.jpg,SRC_142,-30.0,180.0,34.276784,N-winter,0.25,train
sample_03302.jpg,SRC_017,-90.0,0.0,64.6979,N-winter,0.25,train
sample_03303.jpg,SRC_131,10.0,180.0,60.540464,N-autumn,0.5,train
sample_03304.jpg,SRC_116,5.0,180.0,41.203028,N-spring,0.25,calibration
sample_03305.jpg,SRC_041,15.0,180.0,46.712049,N-summer,0.25,validation
sample_03306.jpg,SRC_139,40.0,180.0,53.533251,N-winter,0.25,train
sample_03307.jpg,SRC_101,5.0,180.0,48.479381,N-winter,0.25,validation
sample_03308.jpg,SRC_102,-10.0,180.0,52.255853,N-spring,0.25,train
sample_03309.jpg,SRC_009,-25.0,180.0,73.827745,N-spring,0.5,train
sample_03310.jpg,SRC_094,20.0,180.0,66.934532,N-autumn,0.25,train
sample_03311.jpg,SRC_032,-5.0,180.0,52.490186,N-spring,0.25,validation
sample_03312.jpg,SRC_124,0.0,180.0,51.928413,N-summer,0.25,train
sample_03313.jpg,SRC_040,90.0,0.0,57.651744,N-spring,0.5,train
sample_03314.jpg,SRC_059,15.0,180.0,48.046698,N-summer,0.25,train
sample_03315.jpg,SRC_131,10.0,180.0,60.540464,N-autumn,0.5,train
sample_03316.jpg,SRC_170,-20.0,180.0,56.332579,N-autumn,0.25,validation
sample_03317.jpg,SRC_009,-25.0,180.0,73.827745,N-spring,0.5,train
sample_03318.jpg,SRC_115,25.0,180.0,41.8845,N-spring,0.25,train
sample_03319.jpg,SRC_092,5.0,180.0,57.429528,N-autumn,0.25,train
sample_03320.jpg,SRC_129,20.0,180.0,41.057252,N-spring,0.25,validation
sample_03321.jpg,SRC_133,-10.0,180.0,48.887369,N-spring,0.5,train
sample_03322.jpg,SRC_023,-10.0,180.0,50.837437,N-spring,0.25,train
sample_03323.jpg,SRC_055,-5.0,180.0,57.335076,N-spring,0.25,train
sample_03324.jpg,SRC_088,0.0,180.0,53.004483,N-summer,0.25,train
sample_03325.jpg,SRC_139,40.0,180.0,53.533251,N-winter,0.25,train
sample_03326.jpg,SRC_140,35.0,180.0,44.85556,N-spring,0.25,train
sample_03327.jpg,SRC_146,10.0,180.0,58.0428,N-summer,0.5,train
sample_03328.jpg,SRC_061,50.0,180.0,43.110277,N-spring,0.5,train
sample_03329.jpg,SRC_146,10.0,180.0,58.0428,N-summer,0.5,train
sample_03330.jpg,SRC_096,25.0,180.0,40.422288,N-spring,0.25,train
sample_03331.jpg,SRC_072,15.0,180.0,46.966801,N-winter,0.25,train
sample_03332.jpg,SRC_073,45.0,180.0,41.537171,N-spring,0.25,train
sample_03333.jpg,SRC_135,5.0,180.0,41.328761,N-winter,0.5,train
sample_03334.jpg,SRC_116,5.0,180.0,41.203028,N-spring,0.25,calibration
sample_03335.jpg,SRC_030,-25.0,180.0,67.936804,N-spring,0.5,train
sample_03336.jpg,SRC_076,25.0,180.0,63.632584,N-autumn,0.25,train
sample_03337.jpg,SRC_072,15.0,180.0,46.966801,N-winter,0.25,train
sample_03338.jpg,SRC_124,0.0,180.0,51.928413,N-summer,0.25,train
sample_03339.jpg,SRC_124,0.0,180.0,51.928413,N-summer,0.25,train
sample_03340.jpg,SRC_103,-35.0,180.0,57.090396,N-autumn,0.25,train
sample_03341.jpg,SRC_121,25.0,180.0,67.446292,N-autumn,0.5,train
sample_03342.jpg,SRC_063,25.0,180.0,41.329237,N-spring,0.25,train
sample_03343.jpg,SRC_013,50.0,180.0,54.051464,N-spring,0.5,train
sample_03344.jpg,SRC_048,-25.0,180.0,61.920556,N-autumn,0.25,calibration
sample_03345.jpg,SRC_071,20.0,180.0,40.070501,N-spring,0.25,train
sample_03346.jpg,SRC_076,25.0,180.0,63.632584,N-autumn,0.25,train
sample_03347.jpg,SRC_111,-35.0,180.0,79.069883,N-spring,1.0,train
sample_03348.jpg,SRC_011,-20.0,180.0,70.371153,N-summer,0.25,train
sample_03349.jpg,SRC_037,15.0,180.0,44.468297,N-spring,0.25,train
sample_03350.jpg,SRC_153,-40.0,180.0,43.960452,N-autumn,0.25,train
sample_03351.jpg,SRC_041,15.0,180.0,46.712049,N-summer,0.25,validation
sample_03352.jpg,SRC_169,40.0,180.0,48.615664,N-summer,0.25,train
sample_03353.jpg,SRC_135,5.0,180.0,41.328761,N-winter,0.5,train
sample_03354.jpg,SRC_065,30.0,180.0,68.700871,N-winter,0.5,train
sample_03355.jpg,SRC_151,-15.0,180.0,63.408071,N-summer,0.5,validation
sample_03356.jpg,SRC_051,20.0,180.0,63.609319,N-autumn,0.5,train
sample_03357.jpg,SRC_066,-10.0,180.0,61.81065,N-summer,0.5,calibration
sample_03358.jpg,SRC_022,20.0,180.0,41.513642,N-spring,0.25,train
sample_03359.jpg,SRC_146,10.0,180.0,58.0428,N-summer,0.5,train
sample_03360.jpg,SRC_144,-35.0,180.0,76.731052,N-spring,0.5,train
sample_03361.jpg,SRC_084,-10.0,180.0,58.957849,N-summer,0.25,train
sample_03362.jpg,SRC_097,0.0,180.0,35.318175,N-winter,0.25,train
sample_03363.jpg,SRC_042,10.0,180.0,36.92431,N-spring,0.5,calibration
sample_03364.jpg,SRC_137,-5.0,180.0,45.053172,N-spring,0.25,train
sample_03365.jpg,SRC_052,5.0,180.0,51.705435,N-summer,0.25,train
sample_03366.jpg,SRC_085,0.0,180.0,39.187341,N-spring,0.25,train
sample_03367.jpg,SRC_037,15.0,180.0,44.468297,N-spring,0.25,train
sample_03368.jpg,SRC_006,-15.0,180.0,65.638079,N-spring,0.5,train
sample_03369.jpg,SRC_041,15.0,180.0,46.712049,N-summer,0.25,validation
sample_03370.jpg,SRC_082,-10.0,180.0,60.444036,N-spring,0.25,calibration
sample_03371.jpg,SRC_148,-15.0,180.0,49.227137,N-autumn,0.25,train
sample_03372.jpg,SRC_143,90.0,0.0,68.916652,N-spring,0.5,train
sample_03373.jpg,SRC_142,-30.0,180.0,34.276784,N-winter,0.25,train
sample_03374.jpg,SRC_165,10.0,180.0,42.451267,N-winter,0.25,train
sample_03375.jpg,SRC_084,-10.0,180.0,58.957849,N-summer,0.25,train
sample_03376.jpg,SRC_086,15.0,180.0,43.648742,N-summer,0.5,validation
sample_03377.jpg,SRC_047,0.0,180.0,48.028677,N-spring,0.5,validation
sample_03378.jpg,SRC_009,-25.0,180.0,73.827745,N-spring,0.5,train
sample_03379.jpg,SRC_148,-15.0,180.0,49.227137,N-autumn,0.25,train
sample_03380.jpg,SRC_108,-40.0,180.0,68.856247,N-summer,0.5,calibration
sample_03381.jpg,SRC_142,-30.0,180.0,34.276784,N-winter,0.25,train
sample_03382.jpg,SRC_109,50.0,180.0,54.137665,N-summer,0.25,validation
sample_03383.jpg,SRC_067,-15.0,180.0,64.724247,N-spring,0.5,calibration
sample_03384.jpg,SRC_042,10.0,180.0,36.92431,N-spring,0.5,calibration
sample_03385.jpg,SRC_037,15.0,180.0,44.468297,N-spring,0.25,train
sample_03386.jpg,SRC_148,-15.0,180.0,49.227137,N-autumn,0.25,train
sample_03387.jpg,SRC_050,0.0,180.0,53.680047,N-summer,0.25,calibration
sample_03388.jpg,SRC_076,25.0,180.0,63.632584,N-autumn,0.25,train
sample_03389.jpg,SRC_004,30.0,180.0,61.107468,N-autumn,0.5,train
sample_03390.jpg,SRC_152,30.0,180.0,40.69576,N-spring,0.25,validation
sample_03391.jpg,SRC_038,-15.0,180.0,32.097448,N-winter,0.25,train
sample_03392.jpg,SRC_074,0.0,180.0,50.25459,N-spring,0.5,train
sample_03393.jpg,SRC_042,10.0,180.0,36.92431,N-spring,0.5,calibration
sample_03394.jpg,SRC_047,0.0,180.0,48.028677,N-spring,0.5,validation
sample_03395.jpg,SRC_153,-40.0,180.0,43.960452,N-autumn,0.25,train
sample_03396.jpg,SRC_151,-15.0,180.0,63.408071,N-summer,0.5,validation
sample_03397.jpg,SRC_027,35.0,180.0,41.369436,N-spring,0.5,train
sample_03398.jpg,SRC_156,10.0,180.0,48.737382,N-summer,0.25,validation
sample_03399.jpg,SRC_115,25.0,180.0,41.8845,N-spring,0.25,train
sample_03400.jpg,SRC_102,-10.0,180.0,52.255853,N-spring,0.25,train
sample_03401.jpg,SRC_121,25.0,180.0,67.446292,N-autumn,0.5,train
sample_03402.jpg,SRC_069,25.0,180.0,48.120522,N-summer,0.5,train
sample_03403.jpg,SRC_036,5.0,180.0,52.749586,N-summer,0.25,train
sample_03404.jpg,SRC_168,90.0,0.0,64.709631,N-summer,0.25,validation
sample_03405.jpg,SRC_063,25.0,180.0,41.329237,N-spring,0.25,train
sample_03406.jpg,SRC_124,0.0,180.0,51.928413,N-summer,0.25,train
sample_03407.jpg,SRC_148,-15.0,180.0,49.227137,N-autumn,0.25,train
sample_03408.jpg,SRC_099,15.0,180.0,42.024472,N-spring,0.5,train
sample_03409.jpg,SRC_028,10.0,180.0,42.894848,N-spring,0.25,calibration
sample_03410.jpg,SRC_107,20.0,180.0,65.68027,N-autumn,0.5,train
sample_03411.jpg,SRC_089,10.0,180.0,48.442522,N-winter,0.25,calibration
sample_03412.jpg,SRC_129,20.0,180.0,41.057252,N-spring,0.25,validation
sample_03413.jpg,SRC_126,-20.0,180.0,68.779144,N-summer,0.5,train
sample_03414.jpg,SRC_093,-25.0,180.0,43.343655,N-autumn,0.5,calibration
sample_03415.jpg,SRC_068,0.0,180.0,56.216196,N-summer,0.25,train
sample_03416.jpg,SRC_144,-35.0,180.0,76.731052,N-spring,0.5,train
sample_03417.jpg,SRC_026,90.0,0.0,57.238404,N-spring,0.25,calibration
sample_03418.jpg,SRC_119,90.0,0.0,58.642683,N-spring,0.25,calibration
sample_03419.jpg,SRC_013,50.0,180.0,54.051464,N-spring,0.5,train
sample_03420.jpg,SRC_069,25.0,180.0,48.120522,N-summer,0.5,train
sample_03421.jpg,SRC_043,10.0,180.0,50.433279,N-summer,0.5,train
sample_03422.jpg,SRC_163,0.0,180.0,39.987447,N-winter,0.25,train
sample_03423.jpg,SRC_128,90.0,0.0,56.634817,N-spring,0.5,train
sample_03424.jpg,SRC_171,-35.0,180.0,63.65778,N-spring,0.25,train
sample_03425.jpg,SRC_108,-40.0,180.0,68.856247,N-summer,0.5,calibration
sample_03426.jpg,SRC_076,25.0,180.0,63.632584,N-autumn,0.25,train
sample_03427.jpg,SRC_029,-5.0,180.0,45.485648,N-autumn,0.25,calibration
sample_03428.jpg,SRC_013,50.0,180.0,54.051464,N-spring,0.5,train
sample_03429.jpg,SRC_040,90.0,0.0,57.651744,N-spring,0.5,train
sample_03430.jpg,SRC_158,-5.0,180.0,35.954137,N-winter,0.25,train
sample_03431.jpg,SRC_108,-40.0,180.0,68.856247,N-summer,0.5,calibration
sample_03432.jpg,SRC_057,-5.0,180.0,57.599617,N-summer,0.25,calibration
sample_03433.jpg,SRC_146,10.0,180.0,58.0428,N-summer,0.5,train
sample_03434.jpg,SRC_047,0.0,180.0,48.028677,N-spring,0.5,validation
sample_03435.jpg,SRC_107,20.0,180.0,65.68027,N-autumn,0.5,train
sample_03436.jpg,SRC_170,-20.0,180.0,56.332579,N-autumn,0.25,validation
sample_03437.jpg,SRC_028,10.0,180.0,42.894848,N-spring,0.25,calibration
sample_03438.jpg,SRC_040,90.0,0.0,57.651744,N-spring,0.5,train
sample_03439.jpg,SRC_084,-10.0,180.0,58.957849,N-summer,0.25,train
sample_03440.jpg,SRC_111,-35.0,180.0,79.069883,N-spring,1.0,train
sample_03441.jpg,SRC_127,-35.0,180.0,47.507974,N-autumn,0.5,validation
sample_03442.jpg,SRC_103,-35.0,180.0,57.090396,N-autumn,0.25,train
sample_03443.jpg,SRC_016,10.0,180.0,55.552023,N-winter,0.5,calibration
sample_03444.jpg,SRC_099,15.0,180.0,42.024472,N-spring,0.5,train
sample_03445.jpg,SRC_139,40.0,180.0,53.533251,N-winter,0.25,train
sample_03446.jpg,SRC_009,-25.0,180.0,73.827745,N-spring,0.5,train
sample_03447.jpg,SRC_106,25.0,180.0,40.638999,N-spring,0.5,validation
sample_03448.jpg,SRC_029,-5.0,180.0,45.485648,N-autumn,0.25,calibration
sample_03449.jpg,SRC_126,-20.0,180.0,68.779144,N-summer,0.5,train
sample_03450.jpg,SRC_108,-40.0,180.0,68.856247,N-summer,0.5,calibration
sample_03451.jpg,SRC_041,15.0,180.0,46.712049,N-summer,0.25,validation
sample_03452.jpg,SRC_036,5.0,180.0,52.749586,N-summer,0.25,train
sample_03453.jpg,SRC_042,10.0,180.0,36.92431,N-spring,0.5,calibration
sample_03454.jpg,SRC_004,30.0,180.0,61.107468,N-autumn,0.5,train
sample_03455.jpg,SRC_087,0.0,180.0,54.65824,N-summer,0.25,calibration
sample_03456.jpg,SRC_146,10.0,180.0,58.0428,N-summer,0.5,train
sample_03457.jpg,SRC_092,5.0,180.0,57.429528,N-autumn,0.25,train
sample_03458.jpg,SRC_032,-5.0,180.0,52.490186,N-spring,0.25,validation
sample_03459.jpg,SRC_151,-15.0,180.0,63.408071,N-summer,0.5,validation
sample_03460.jpg,SRC_074,0.0,180.0,50.25459,N-spring,0.5,train
sample_03461.jpg,SRC_009,-25.0,180.0,73.827745,N-spring,0.5,train
sample_03462.jpg,SRC_013,50.0,180.0,54.051464,N-spring,0.5,train
sample_03463.jpg,SRC_148,-15.0,180.0,49.227137,N-autumn,0.25,train
sample_03464.jpg,SRC_129,20.0,180.0,41.057252,N-spring,0.25,validation
sample_03465.jpg,SRC_062,45.0,180.0,81.508965,N-autumn,0.5,train
sample_03466.jpg,SRC_134,-30.0,180.0,69.607895,N-spring,0.5,train
sample_03467.jpg,SRC_021,-90.0,0.0,68.040851,N-autumn,0.5,train
sample_03468.jpg,SRC_073,45.0,180.0,41.537171,N-spring,0.25,train
sample_03469.jpg,SRC_148,-15.0,180.0,49.227137,N-autumn,0.25,train
sample_03470.jpg,SRC_009,-25.0,180.0,73.827745,N-spring,0.5,train
sample_03471.jpg,SRC_026,90.0,0.0,57.238404,N-spring,0.25,calibration
sample_03472.jpg,SRC_066,-10.0,180.0,61.81065,N-summer,0.5,calibration
sample_03473.jpg,SRC_133,-10.0,180.0,48.887369,N-spring,0.5,train
sample_03474.jpg,SRC_120,90.0,0.0,69.983669,N-summer,0.25,train
sample_03475.jpg,SRC_106,25.0,180.0,40.638999,N-spring,0.5,validation
sample_03476.jpg,SRC_108,-40.0,180.0,68.856247,N-summer,0.5,calibration
sample_03477.jpg,SRC_112,-30.0,180.0,67.516648,N-spring,0.5,train
sample_03478.jpg,SRC_004,30.0,180.0,61.107468,N-autumn,0.5,train
sample_03479.jpg,SRC_102,-10.0,180.0,52.255853,N-spring,0.25,train
sample_03480.jpg,SRC_045,-90.0,0.0,70.559818,N-autumn,0.25,train
sample_03481.jpg,SRC_092,5.0,180.0,57.429528,N-autumn,0.25,train
sample_03482.jpg,SRC_085,0.0,180.0,39.187341,N-spring,0.25,train
sample_03483.jpg,SRC_042,10.0,180.0,36.92431,N-spring,0.5,calibration
sample_03484.jpg,SRC_133,-10.0,180.0,48.887369,N-spring,0.5,train
sample_03485.jpg,SRC_030,-25.0,180.0,67.936804,N-spring,0.5,train
sample_03486.jpg,SRC_027,35.0,180.0,41.369436,N-spring,0.5,train
sample_03487.jpg,SRC_153,-40.0,180.0,43.960452,N-autumn,0.25,train
sample_03488.jpg,SRC_172,55.0,180.0,47.744159,N-summer,0.25,validation
sample_03489.jpg,SRC_086,15.0,180.0,43.648742,N-summer,0.5,validation
sample_03490.jpg,SRC_121,25.0,180.0,67.446292,N-autumn,0.5,train
sample_03491.jpg,SRC_140,35.0,180.0,44.85556,N-spring,0.25,train
sample_03492.jpg,SRC_006,-15.0,180.0,65.638079,N-spring,0.5,train
sample_03493.jpg,SRC_006,-15.0,180.0,65.638079,N-spring,0.5,train
sample_03494.jpg,SRC_119,90.0,0.0,58.642683,N-spring,0.25,calibration
sample_03495.jpg,SRC_006,-15.0,180.0,65.638079,N-spring,0.5,train
sample_03496.jpg,SRC_155,-5.0,180.0,59.117539,N-summer,0.25,train
sample_03497.jpg,SRC_004,30.0,180.0,61.107468,N-autumn,0.5,train
sample_03498.jpg,SRC_002,40.0,180.0,45.868768,N-summer,0.25,train
sample_03499.jpg,SRC_027,35.0,180.0,41.369436,N-spring,0.5,train
sample_03500.jpg,SRC_043,10.0,180.0,50.433279,N-summer,0.5,train
sample_03501.jpg,SRC_048,-25.0,180.0,61.920556,N-autumn,0.25,calibration
sample_03502.jpg,SRC_144,-35.0,180.0,76.731052,N-spring,0.5,train
sample_03503.jpg,SRC_091,-40.0,180.0,72.511342,N-summer,0.5,train
sample_03504.jpg,SRC_157,40.0,180.0,44.22455,N-summer,0.25,calibration
sample_03505.jpg,SRC_094,20.0,180.0,66.934532,N-autumn,0.25,train
sample_03506.jpg,SRC_144,-35.0,180.0,76.731052,N-spring,0.5,train
sample_03507.jpg,SRC_095,-20.0,180.0,56.495654,N-spring,0.5,validation
sample_03508.jpg,SRC_030,-25.0,180.0,67.936804,N-spring,0.5,train
sample_03509.jpg,SRC_106,25.0,180.0,40.638999,N-spring,0.5,validation
sample_03510.jpg,SRC_139,40.0,180.0,53.533251,N-winter,0.25,train
sample_03511.jpg,SRC_006,-15.0,180.0,65.638079,N-spring,0.5,train
sample_03512.jpg,SRC_078,15.0,180.0,40.437008,N-spring,0.25,train
sample_03513.jpg,SRC_030,-25.0,180.0,67.936804,N-spring,0.5,train
sample_03514.jpg,SRC_093,-25.0,180.0,43.343655,N-autumn,0.5,calibration
sample_03515.jpg,SRC_131,10.0,180.0,60.540464,N-autumn,0.5,train
sample_03516.jpg,SRC_027,35.0,180.0,41.369436,N-spring,0.5,train
sample_03517.jpg,SRC_081,-90.0,0.0,74.772433,N-autumn,0.25,calibration
sample_03518.jpg,SRC_109,50.0,180.0,54.137665,N-summer,0.25,validation
sample_03519.jpg,SRC_084,-10.0,180.0,58.957849,N-summer,0.25,train
sample_03520.jpg,SRC_065,30.0,180.0,68.700871,N-winter,0.5,train
sample_03521.jpg,SRC_056,-40.0,180.0,74.660587,N-summer,0.5,train
sample_03522.jpg,SRC_119,90.0,0.0,58.642683,N-spring,0.25,calibration
sample_03523.jpg,SRC_008,25.0,180.0,61.005891,N-autumn,0.25,validation
sample_03524.jpg,SRC_121,25.0,180.0,67.446292,N-autumn,0.5,train
sample_03525.jpg,SRC_101,5.0,180.0,48.479381,N-winter,0.25,validation
sample_03526.jpg,SRC_114,-10.0,180.0,58.176498,N-autumn,0.5,train
sample_03527.jpg,SRC_013,50.0,180.0,54.051464,N-spring,0.5,train
sample_03528.jpg,SRC_107,20.0,180.0,65.68027,N-autumn,0.5,train
sample_03529.jpg,SRC_006,-15.0,180.0,65.638079,N-spring,0.5,train
sample_03530.jpg,SRC_103,-35.0,180.0,57.090396,N-autumn,0.25,train
sample_03531.jpg,SRC_109,50.0,180.0,54.137665,N-summer,0.25,validation
sample_03532.jpg,SRC_124,0.0,180.0,51.928413,N-summer,0.25,train
sample_03533.jpg,SRC_134,-30.0,180.0,69.607895,N-spring,0.5,train
sample_03534.jpg,SRC_093,-25.0,180.0,43.343655,N-autumn,0.5,calibration
sample_03535.jpg,SRC_170,-20.0,180.0,56.332579,N-autumn,0.25,validation
sample_03536.jpg,SRC_051,20.0,180.0,63.609319,N-autumn,0.5,train
sample_03537.jpg,SRC_099,15.0,180.0,42.024472,N-spring,0.5,train
sample_03538.jpg,SRC_095,-20.0,180.0,56.495654,N-spring,0.5,validation
sample_03539.jpg,SRC_134,-30.0,180.0,69.607895,N-spring,0.5,train
sample_03540.jpg,SRC_146,10.0,180.0,58.0428,N-summer,0.5,train
sample_03541.jpg,SRC_005,0.0,180.0,55.846781,N-summer,0.5,validation
sample_03542.jpg,SRC_046,0.0,180.0,58.061031,N-autumn,0.25,calibration
sample_03543.jpg,SRC_111,-35.0,180.0,79.069883,N-spring,1.0,train
sample_03544.jpg,SRC_124,0.0,180.0,51.928413,N-summer,0.25,train
sample_03545.jpg,SRC_169,40.0,180.0,48.615664,N-summer,0.25,train
sample_03546.jpg,SRC_109,50.0,180.0,54.137665,N-summer,0.25,validation
sample_03547.jpg,SRC_092,5.0,180.0,57.429528,N-autumn,0.25,train
sample_03548.jpg,SRC_087,0.0,180.0,54.65824,N-summer,0.25,calibration
sample_03549.jpg,SRC_082,-10.0,180.0,60.444036,N-spring,0.25,calibration
sample_03550.jpg,SRC_035,0.0,180.0,56.990187,N-autumn,0.25,train
sample_03551.jpg,SRC_158,-5.0,180.0,35.954137,N-winter,0.25,train
sample_03552.jpg,SRC_043,10.0,180.0,50.433279,N-summer,0.5,train
sample_03553.jpg,SRC_088,0.0,180.0,53.004483,N-summer,0.25,train
sample_03554.jpg,SRC_107,20.0,180.0,65.68027,N-autumn,0.5,train
sample_03555.jpg,SRC_030,-25.0,180.0,67.936804,N-spring,0.5,train
sample_03556.jpg,SRC_096,25.0,180.0,40.422288,N-spring,0.25,train
sample_03557.jpg,SRC_081,-90.0,0.0,74.772433,N-autumn,0.25,calibration
sample_03558.jpg,SRC_066,-10.0,180.0,61.81065,N-summer,0.5,calibration
sample_03559.jpg,SRC_065,30.0,180.0,68.700871,N-winter,0.5,train
sample_03560.jpg,SRC_001,-5.0,180.0,51.987197,N-spring,0.5,train
sample_03561.jpg,SRC_098,-45.0,180.0,70.730178,N-summer,0.25,train
sample_03562.jpg,SRC_170,-20.0,180.0,56.332579,N-autumn,0.25,validation
sample_03563.jpg,SRC_113,-35.0,180.0,36.668707,N-winter,0.25,train
sample_03564.jpg,SRC_092,5.0,180.0,57.429528,N-autumn,0.25,train
sample_03565.jpg,SRC_013,50.0,180.0,54.051464,N-spring,0.5,train
sample_03566.jpg,SRC_054,5.0,180.0,37.41608,N-winter,0.25,train
sample_03567.jpg,SRC_134,-30.0,180.0,69.607895,N-spring,0.5,train
sample_03568.jpg,SRC_157,40.0,180.0,44.22455,N-summer,0.25,calibration
sample_03569.jpg,SRC_111,-35.0,180.0,79.069883,N-spring,1.0,train
sample_03570.jpg,SRC_107,20.0,180.0,65.68027,N-autumn,0.5,train
sample_03571.jpg,SRC_071,20.0,180.0,40.070501,N-spring,0.25,train
sample_03572.jpg,SRC_041,15.0,180.0,46.712049,N-summer,0.25,validation
sample_03573.jpg,SRC_120,90.0,0.0,69.983669,N-summer,0.25,train
sample_03574.jpg,SRC_131,10.0,180.0,60.540464,N-autumn,0.5,train
sample_03575.jpg,SRC_158,-5.0,180.0,35.954137,N-winter,0.25,train
sample_03576.jpg,SRC_112,-30.0,180.0,67.516648,N-spring,0.5,train
sample_03577.jpg,SRC_097,0.0,180.0,35.318175,N-winter,0.25,train
sample_03578.jpg,SRC_066,-10.0,180.0,61.81065,N-summer,0.5,calibration
sample_03579.jpg,SRC_130,25.0,180.0,37.507656,N-spring,0.25,train
sample_03580.jpg,SRC_041,15.0,180.0,46.712049,N-summer,0.25,validation
sample_03581.jpg,SRC_125,-5.0,180.0,52.428603,N-spring,0.25,train
sample_03582.jpg,SRC_026,90.0,0.0,57.238404,N-spring,0.25,calibration
sample_03583.jpg,SRC_155,-5.0,180.0,59.117539,N-summer,0.25,train
sample_03584.jpg,SRC_051,20.0,180.0,63.609319,N-autumn,0.5,train
sample_03585.jpg,SRC_151,-15.0,180.0,63.408071,N-summer,0.5,validation
sample_03586.jpg,SRC_151,-15.0,180.0,63.408071,N-summer,0.5,validation
sample_03587.jpg,SRC_006,-15.0,180.0,65.638079,N-spring,0.5,train
sample_03588.jpg,SRC_011,-20.0,180.0,70.371153,N-summer,0.25,train
sample_03589.jpg,SRC_037,15.0,180.0,44.468297,N-spring,0.25,train
sample_03590.jpg,SRC_115,25.0,180.0,41.8845,N-spring,0.25,train
sample_03591.jpg,SRC_067,-15.0,180.0,64.724247,N-spring,0.5,calibration
sample_03592.jpg,SRC_139,40.0,180.0,53.533251,N-winter,0.25,train
sample_03593.jpg,SRC_020,35.0,180.0,42.075965,N-summer,0.25,calibration
sample_03594.jpg,SRC_099,15.0,180.0,42.024472,N-spring,0.5,train
sample_03595.jpg,SRC_027,35.0,180.0,41.369436,N-spring,0.5,train
sample_03596.jpg,SRC_134,-30.0,180.0,69.607895,N-spring,0.5,train
sample_03597.jpg,SRC_172,55.0,180.0,47.744159,N-summer,0.25,validation
sample_03598.jpg,SRC_040,90.0,0.0,57.651744,N-spring,0.5,train
sample_03599.jpg,SRC_004,30.0,180.0,61.107468,N-autumn,0.5,train
sample_03600.jpg,SRC_070,60.0,180.0,58.788969,N-summer,0.5,train
sample_03601.jpg,SRC_042,10.0,180.0,36.92431,N-spring,0.5,calibration
sample_03602.jpg,SRC_145,-5.0,180.0,52.15166,N-spring,0.25,train
sample_03603.jpg,SRC_085,0.0,180.0,39.187341,N-spring,0.25,train
sample_03604.jpg,SRC_048,-25.0,180.0,61.920556,N-autumn,0.25,calibration
sample_03605.jpg,SRC_157,40.0,180.0,44.22455,N-summer,0.25,calibration
sample_03606.jpg,SRC_091,-40.0,180.0,72.511342,N-summer,0.5,train
sample_03607.jpg,SRC_134,-30.0,180.0,69.607895,N-spring,0.5,train
sample_03608.jpg,SRC_111,-35.0,180.0,79.069883,N-spring,1.0,train
sample_03609.jpg,SRC_091,-40.0,180.0,72.511342,N-summer,0.5,train
sample_03610.jpg,SRC_158,-5.0,180.0,35.954137,N-winter,0.25,train
sample_03611.jpg,SRC_087,0.0,180.0,54.65824,N-summer,0.25,calibration
sample_03612.jpg,SRC_092,5.0,180.0,57.429528,N-autumn,0.25,train
sample_03613.jpg,SRC_040,90.0,0.0,57.651744,N-spring,0.5,train
sample_03614.jpg,SRC_042,10.0,180.0,36.92431,N-spring,0.5,calibration
sample_03615.jpg,SRC_009,-25.0,180.0,73.827745,N-spring,0.5,train
sample_03616.jpg,SRC_133,-10.0,180.0,48.887369,N-spring,0.5,train
sample_03617.jpg,SRC_099,15.0,180.0,42.024472,N-spring,0.5,train
sample_03618.jpg,SRC_015,20.0,180.0,46.484204,N-summer,0.25,train
sample_03619.jpg,SRC_009,-25.0,180.0,73.827745,N-spring,0.5,train
sample_03620.jpg,SRC_121,25.0,180.0,67.446292,N-autumn,0.5,train
sample_03621.jpg,SRC_058,30.0,180.0,69.060883,N-autumn,0.5,train
sample_03622.jpg,SRC_114,-10.0,180.0,58.176498,N-autumn,0.5,train
sample_03623.jpg,SRC_014,-40.0,180.0,38.480327,N-winter,0.25,train
sample_03624.jpg,SRC_121,25.0,180.0,67.446292,N-autumn,0.5,train
sample_03625.jpg,SRC_042,10.0,180.0,36.92431,N-spring,0.5,calibration
sample_03626.jpg,SRC_065,30.0,180.0,68.700871,N-winter,0.5,train
sample_03627.jpg,SRC_004,30.0,180.0,61.107468,N-autumn,0.5,train
sample_03628.jpg,SRC_004,30.0,180.0,61.107468,N-autumn,0.5,train
sample_03629.jpg,SRC_108,-40.0,180.0,68.856247,N-summer,0.5,calibration
sample_03630.jpg,SRC_123,0.0,180.0,54.598149,N-autumn,0.5,train
sample_03631.jpg,SRC_106,25.0,180.0,40.638999,N-spring,0.5,validation
sample_03632.jpg,SRC_151,-15.0,180.0,63.408071,N-summer,0.5,validation
sample_03633.jpg,SRC_103,-35.0,180.0,57.090396,N-autumn,0.25,train
sample_03634.jpg,SRC_088,0.0,180.0,53.004483,N-summer,0.25,train
sample_03635.jpg,SRC_092,5.0,180.0,57.429528,N-autumn,0.25,train
sample_03636.jpg,SRC_066,-10.0,180.0,61.81065,N-summer,0.5,calibration
sample_03637.jpg,SRC_076,25.0,180.0,63.632584,N-autumn,0.25,train
sample_03638.jpg,SRC_133,-10.0,180.0,48.887369,N-spring,0.5,train
sample_03639.jpg,SRC_067,-15.0,180.0,64.724247,N-spring,0.5,calibration
sample_03640.jpg,SRC_051,20.0,180.0,63.609319,N-autumn,0.5,train
sample_03641.jpg,SRC_111,-35.0,180.0,79.069883,N-spring,1.0,train
sample_03642.jpg,SRC_006,-15.0,180.0,65.638079,N-spring,0.5,train
sample_03643.jpg,SRC_170,-20.0,180.0,56.332579,N-autumn,0.25,validation
sample_03644.jpg,SRC_115,25.0,180.0,41.8845,N-spring,0.25,train
sample_03645.jpg,SRC_096,25.0,180.0,40.422288,N-spring,0.25,train
sample_03646.jpg,SRC_015,20.0,180.0,46.484204,N-summer,0.25,train
sample_03647.jpg,SRC_115,25.0,180.0,41.8845,N-spring,0.25,train
sample_03648.jpg,SRC_144,-35.0,180.0,76.731052,N-spring,0.5,train
sample_03649.jpg,SRC_004,30.0,180.0,61.107468,N-autumn,0.5,train
sample_03650.jpg,SRC_142,-30.0,180.0,34.276784,N-winter,0.25,train
sample_03651.jpg,SRC_069,25.0,180.0,48.120522,N-summer,0.5,train
sample_03652.jpg,SRC_058,30.0,180.0,69.060883,N-autumn,0.5,train
sample_03653.jpg,SRC_156,10.0,180.0,48.737382,N-summer,0.25,validation
sample_03654.jpg,SRC_005,0.0,180.0,55.846781,N-summer,0.5,validation
sample_03655.jpg,SRC_095,-20.0,180.0,56.495654,N-spring,0.5,validation
sample_03656.jpg,SRC_091,-40.0,180.0,72.511342,N-summer,0.5,train
sample_03657.jpg,SRC_169,40.0,180.0,48.615664,N-summer,0.25,train
sample_03658.jpg,SRC_099,15.0,180.0,42.024472,N-spring,0.5,train
sample_03659.jpg,SRC_063,25.0,180.0,41.329237,N-spring,0.25,train
sample_03660.jpg,SRC_024,10.0,180.0,53.725813,N-summer,0.25,calibration
sample_03661.jpg,SRC_041,15.0,180.0,46.712049,N-summer,0.25,validation
sample_03662.jpg,SRC_009,-25.0,180.0,73.827745,N-spring,0.5,train
sample_03663.jpg,SRC_122,-5.0,180.0,57.310506,N-summer,0.25,train
sample_03664.jpg,SRC_024,10.0,180.0,53.725813,N-summer,0.25,calibration
sample_03665.jpg,SRC_108,-40.0,180.0,68.856247,N-summer,0.5,calibration
sample_03666.jpg,SRC_094,20.0,180.0,66.934532,N-autumn,0.25,train
sample_03667.jpg,SRC_095,-20.0,180.0,56.495654,N-spring,0.5,validation
sample_03668.jpg,SRC_115,25.0,180.0,41.8845,N-spring,0.25,train
sample_03669.jpg,SRC_171,-35.0,180.0,63.65778,N-spring,0.25,train
sample_03670.jpg,SRC_169,40.0,180.0,48.615664,N-summer,0.25,train
sample_03671.jpg,SRC_156,10.0,180.0,48.737382,N-summer,0.25,validation
sample_03672.jpg,SRC_030,-25.0,180.0,67.936804,N-spring,0.5,train
sample_03673.jpg,SRC_148,-15.0,180.0,49.227137,N-autumn,0.25,train
sample_03674.jpg,SRC_076,25.0,180.0,63.632584,N-autumn,0.25,train
sample_03675.jpg,SRC_085,0.0,180.0,39.187341,N-spring,0.25,train
sample_03676.jpg,SRC_107,20.0,180.0,65.68027,N-autumn,0.5,train
sample_03677.jpg,SRC_165,10.0,180.0,42.451267,N-winter,0.25,train
sample_03678.jpg,SRC_005,0.0,180.0,55.846781,N-summer,0.5,validation
sample_03679.jpg,SRC_168,90.0,0.0,64.709631,N-summer,0.25,validation
sample_03680.jpg,SRC_066,-10.0,180.0,61.81065,N-summer,0.5,calibration
sample_03681.jpg,SRC_063,25.0,180.0,41.329237,N-spring,0.25,train
sample_03682.jpg,SRC_042,10.0,180.0,36.92431,N-spring,0.5,calibration
sample_03683.jpg,SRC_013,50.0,180.0,54.051464,N-spring,0.5,train
sample_03684.jpg,SRC_061,50.0,180.0,43.110277,N-spring,0.5,train
sample_03685.jpg,SRC_157,40.0,180.0,44.22455,N-summer,0.25,calibration
sample_03686.jpg,SRC_030,-25.0,180.0,67.936804,N-spring,0.5,train
sample_03687.jpg,SRC_144,-35.0,180.0,76.731052,N-spring,0.5,train
sample_03688.jpg,SRC_038,-15.0,180.0,32.097448,N-winter,0.25,train
sample_03689.jpg,SRC_097,0.0,180.0,35.318175,N-winter,0.25,train
sample_03690.jpg,SRC_160,-10.0,180.0,50.604377,N-autumn,0.25,train
sample_03691.jpg,SRC_159,20.0,180.0,67.076816,N-autumn,0.25,train
sample_03692.jpg,SRC_137,-5.0,180.0,45.053172,N-spring,0.25,train
sample_03693.jpg,SRC_124,0.0,180.0,51.928413,N-summer,0.25,train
sample_03694.jpg,SRC_061,50.0,180.0,43.110277,N-spring,0.5,train
sample_03695.jpg,SRC_013,50.0,180.0,54.051464,N-spring,0.5,train
sample_03696.jpg,SRC_142,-30.0,180.0,34.276784,N-winter,0.25,train
sample_03697.jpg,SRC_009,-25.0,180.0,73.827745,N-spring,0.5,train
sample_03698.jpg,SRC_088,0.0,180.0,53.004483,N-summer,0.25,train
sample_03699.jpg,SRC_037,15.0,180.0,44.468297,N-spring,0.25,train
sample_03700.jpg,SRC_115,25.0,180.0,41.8845,N-spring,0.25,train
sample_03701.jpg,SRC_126,-20.0,180.0,68.779144,N-summer,0.5,train
sample_03702.jpg,SRC_013,50.0,180.0,54.051464,N-spring,0.5,train
sample_03703.jpg,SRC_140,35.0,180.0,44.85556,N-spring,0.25,train
sample_03704.jpg,SRC_127,-35.0,180.0,47.507974,N-autumn,0.5,validation
sample_03705.jpg,SRC_047,0.0,180.0,48.028677,N-spring,0.5,validation
sample_03706.jpg,SRC_103,-35.0,180.0,57.090396,N-autumn,0.25,train
sample_03707.jpg,SRC_108,-40.0,180.0,68.856247,N-summer,0.5,calibration
sample_03708.jpg,SRC_039,90.0,0.0,70.63275,N-summer,0.5,calibration
sample_03709.jpg,SRC_084,-10.0,180.0,58.957849,N-summer,0.25,train
sample_03710.jpg,SRC_062,45.0,180.0,81.508965,N-autumn,0.5,train
sample_03711.jpg,SRC_097,0.0,180.0,35.318175,N-winter,0.25,train
sample_03712.jpg,SRC_027,35.0,180.0,41.369436,N-spring,0.5,train
sample_03713.jpg,SRC_005,0.0,180.0,55.846781,N-summer,0.5,validation
sample_03714.jpg,SRC_004,30.0,180.0,61.107468,N-autumn,0.5,train
sample_03715.jpg,SRC_067,-15.0,180.0,64.724247,N-spring,0.5,calibration
sample_03716.jpg,SRC_013,50.0,180.0,54.051464,N-spring,0.5,train
sample_03717.jpg,SRC_087,0.0,180.0,54.65824,N-summer,0.25,calibration
sample_03718.jpg,SRC_022,20.0,180.0,41.513642,N-spring,0.25,train
sample_03719.jpg,SRC_115,25.0,180.0,41.8845,N-spring,0.25,train
sample_03720.jpg,SRC_115,25.0,180.0,41.8845,N-spring,0.25,train
sample_03721.jpg,SRC_171,-35.0,180.0,63.65778,N-spring,0.25,train
sample_03722.jpg,SRC_038,-15.0,180.0,32.097448,N-winter,0.25,train
sample_03723.jpg,SRC_154,0.0,180.0,54.770875,N-summer,0.5,train
sample_03724.jpg,SRC_089,10.0,180.0,48.442522,N-winter,0.25,calibration
sample_03725.jpg,SRC_071,20.0,180.0,40.070501,N-spring,0.25,train
sample_03726.jpg,SRC_061,50.0,180.0,43.110277,N-spring,0.5,train
sample_03727.jpg,SRC_108,-40.0,180.0,68.856247,N-summer,0.5,calibration
sample_03728.jpg,SRC_069,25.0,180.0,48.120522,N-summer,0.5,train
sample_03729.jpg,SRC_063,25.0,180.0,41.329237,N-spring,0.25,train
sample_03730.jpg,SRC_134,-30.0,180.0,69.607895,N-spring,0.5,train
sample_03731.jpg,SRC_142,-30.0,180.0,34.276784,N-winter,0.25,train
sample_03732.jpg,SRC_055,-5.0,180.0,57.335076,N-spring,0.25,train
sample_03733.jpg,SRC_099,15.0,180.0,42.024472,N-spring,0.5,train
sample_03734.jpg,SRC_163,0.0,180.0,39.987447,N-winter,0.25,train
sample_03735.jpg,SRC_013,50.0,180.0,54.051464,N-spring,0.5,train
sample_03736.jpg,SRC_106,25.0,180.0,40.638999,N-spring,0.5,validation
sample_03737.jpg,SRC_100,20.0,180.0,41.506528,N-spring,0.25,train
sample_03738.jpg,SRC_022,20.0,180.0,41.513642,N-spring,0.25,train
sample_03739.jpg,SRC_022,20.0,180.0,41.513642,N-spring,0.25,train
sample_03740.jpg,SRC_082,-10.0,180.0,60.444036,N-spring,0.25,calibration
sample_03741.jpg,SRC_139,40.0,180.0,53.533251,N-winter,0.25,train
sample_03742.jpg,SRC_065,30.0,180.0,68.700871,N-winter,0.5,train
sample_03743.jpg,SRC_091,-40.0,180.0,72.511342,N-summer,0.5,train
sample_03744.jpg,SRC_091,-40.0,180.0,72.511342,N-summer,0.5,train
sample_03745.jpg,SRC_108,-40.0,180.0,68.856247,N-summer,0.5,calibration
sample_03746.jpg,SRC_171,-35.0,180.0,63.65778,N-spring,0.25,train
sample_03747.jpg,SRC_091,-40.0,180.0,72.511342,N-summer,0.5,train
sample_03748.jpg,SRC_068,0.0,180.0,56.216196,N-summer,0.25,train
sample_03749.jpg,SRC_111,-35.0,180.0,79.069883,N-spring,1.0,train
sample_03750.jpg,SRC_099,15.0,180.0,42.024472,N-spring,0.5,train
sample_03751.jpg,SRC_013,50.0,180.0,54.051464,N-spring,0.5,train
sample_03752.jpg,SRC_076,25.0,180.0,63.632584,N-autumn,0.25,train
sample_03753.jpg,SRC_115,25.0,180.0,41.8845,N-spring,0.25,train
sample_03754.jpg,SRC_109,50.0,180.0,54.137665,N-summer,0.25,validation
sample_03755.jpg,SRC_171,-35.0,180.0,63.65778,N-spring,0.25,train
sample_03756.jpg,SRC_126,-20.0,180.0,68.779144,N-summer,0.5,train
sample_03757.jpg,SRC_095,-20.0,180.0,56.495654,N-spring,0.5,validation
sample_03758.jpg,SRC_107,20.0,180.0,65.68027,N-autumn,0.5,train
sample_03759.jpg,SRC_022,20.0,180.0,41.513642,N-spring,0.25,train
sample_03760.jpg,SRC_098,-45.0,180.0,70.730178,N-summer,0.25,train
sample_03761.jpg,SRC_004,30.0,180.0,61.107468,N-autumn,0.5,train
sample_03762.jpg,SRC_108,-40.0,180.0,68.856247,N-summer,0.5,calibration
sample_03763.jpg,SRC_148,-15.0,180.0,49.227137,N-autumn,0.25,train
sample_03764.jpg,SRC_101,5.0,180.0,48.479381,N-winter,0.25,validation
sample_03765.jpg,SRC_006,-15.0,180.0,65.638079,N-spring,0.5,train
sample_03766.jpg,SRC_134,-30.0,180.0,69.607895,N-spring,0.5,train
sample_03767.jpg,SRC_091,-40.0,180.0,72.511342,N-summer,0.5,train
sample_03768.jpg,SRC_109,50.0,180.0,54.137665,N-summer,0.25,validation
sample_03769.jpg,SRC_014,-40.0,180.0,38.480327,N-winter,0.25,train
sample_03770.jpg,SRC_013,50.0,180.0,54.051464,N-spring,0.5,train
sample_03771.jpg,SRC_050,0.0,180.0,53.680047,N-summer,0.25,calibration
sample_03772.jpg,SRC_117,-90.0,0.0,60.317034,N-winter,0.25,calibration
sample_03773.jpg,SRC_124,0.0,180.0,51.928413,N-summer,0.25,train
sample_03774.jpg,SRC_112,-30.0,180.0,67.516648,N-spring,0.5,train
sample_03775.jpg,SRC_052,5.0,180.0,51.705435,N-summer,0.25,train
sample_03776.jpg,SRC_009,-25.0,180.0,73.827745,N-spring,0.5,train
sample_03777.jpg,SRC_131,10.0,180.0,60.540464,N-autumn,0.5,train
sample_03778.jpg,SRC_050,0.0,180.0,53.680047,N-summer,0.25,calibration
sample_03779.jpg,SRC_133,-10.0,180.0,48.887369,N-spring,0.5,train
sample_03780.jpg,SRC_107,20.0,180.0,65.68027,N-autumn,0.5,train
sample_03781.jpg,SRC_080,-25.0,180.0,69.726065,N-summer,0.25,train
sample_03782.jpg,SRC_090,50.0,180.0,47.196626,N-summer,0.25,train
sample_03783.jpg,SRC_097,0.0,180.0,35.318175,N-winter,0.25,train
sample_03784.jpg,SRC_139,40.0,180.0,53.533251,N-winter,0.25,train
sample_03785.jpg,SRC_037,15.0,180.0,44.468297,N-spring,0.25,train
sample_03786.jpg,SRC_121,25.0,180.0,67.446292,N-autumn,0.5,train
sample_03787.jpg,SRC_158,-5.0,180.0,35.954137,N-winter,0.25,train
sample_03788.jpg,SRC_078,15.0,180.0,40.437008,N-spring,0.25,train
sample_03789.jpg,SRC_148,-15.0,180.0,49.227137,N-autumn,0.25,train
sample_03790.jpg,SRC_156,10.0,180.0,48.737382,N-summer,0.25,validation
sample_03791.jpg,SRC_040,90.0,0.0,57.651744,N-spring,0.5,train
sample_03792.jpg,SRC_072,15.0,180.0,46.966801,N-winter,0.25,train
sample_03793.jpg,SRC_139,40.0,180.0,53.533251,N-winter,0.25,train
sample_03794.jpg,SRC_071,20.0,180.0,40.070501,N-spring,0.25,train
sample_03795.jpg,SRC_106,25.0,180.0,40.638999,N-spring,0.5,validation
sample_03796.jpg,SRC_109,50.0,180.0,54.137665,N-summer,0.25,validation
sample_03797.jpg,SRC_008,25.0,180.0,61.005891,N-autumn,0.25,validation
sample_03798.jpg,SRC_151,-15.0,180.0,63.408071,N-summer,0.5,validation
sample_03799.jpg,SRC_124,0.0,180.0,51.928413,N-summer,0.25,train
sample_03800.jpg,SRC_030,-25.0,180.0,67.936804,N-spring,0.5,train
sample_03801.jpg,SRC_038,-15.0,180.0,32.097448,N-winter,0.25,train
sample_03802.jpg,SRC_133,-10.0,180.0,48.887369,N-spring,0.5,train
sample_03803.jpg,SRC_041,15.0,180.0,46.712049,N-summer,0.25,validation
sample_03804.jpg,SRC_040,90.0,0.0,57.651744,N-spring,0.5,train
sample_03805.jpg,SRC_071,20.0,180.0,40.070501,N-spring,0.25,train
sample_03806.jpg,SRC_134,-30.0,180.0,69.607895,N-spring,0.5,train
sample_03807.jpg,SRC_170,-20.0,180.0,56.332579,N-autumn,0.25,validation
sample_03808.jpg,SRC_146,10.0,180.0,58.0428,N-summer,0.5,train
sample_03809.jpg,SRC_171,-35.0,180.0,63.65778,N-spring,0.25,train
sample_03810.jpg,SRC_091,-40.0,180.0,72.511342,N-summer,0.5,train
sample_03811.jpg,SRC_141,-10.0,180.0,55.206291,N-spring,0.25,train
sample_03812.jpg,SRC_126,-20.0,180.0,68.779144,N-summer,0.5,train
sample_03813.jpg,SRC_051,20.0,180.0,63.609319,N-autumn,0.5,train
sample_03814.jpg,SRC_027,35.0,180.0,41.369436,N-spring,0.5,train
sample_03815.jpg,SRC_121,25.0,180.0,67.446292,N-autumn,0.5,train
sample_03816.jpg,SRC_009,-25.0,180.0,73.827745,N-spring,0.5,train
sample_03817.jpg,SRC_156,10.0,180.0,48.737382,N-summer,0.25,validation
sample_03818.jpg,SRC_011,-20.0,180.0,70.371153,N-summer,0.25,train
sample_03819.jpg,SRC_078,15.0,180.0,40.437008,N-spring,0.25,train
sample_03820.jpg,SRC_103,-35.0,180.0,57.090396,N-autumn,0.25,train
sample_03821.jpg,SRC_107,20.0,180.0,65.68027,N-autumn,0.5,train
sample_03822.jpg,SRC_091,-40.0,180.0,72.511342,N-summer,0.5,train
sample_03823.jpg,SRC_049,5.0,180.0,42.94902,N-spring,0.25,train
sample_03824.jpg,SRC_071,20.0,180.0,40.070501,N-spring,0.25,train
sample_03825.jpg,SRC_131,10.0,180.0,60.540464,N-autumn,0.5,train
sample_03826.jpg,SRC_103,-35.0,180.0,57.090396,N-autumn,0.25,train
sample_03827.jpg,SRC_096,25.0,180.0,40.422288,N-spring,0.25,train
sample_03828.jpg,SRC_021,-90.0,0.0,68.040851,N-autumn,0.5,train
sample_03829.jpg,SRC_006,-15.0,180.0,65.638079,N-spring,0.5,train
sample_03830.jpg,SRC_037,15.0,180.0,44.468297,N-spring,0.25,train
sample_03831.jpg,SRC_067,-15.0,180.0,64.724247,N-spring,0.5,calibration
sample_03832.jpg,SRC_038,-15.0,180.0,32.097448,N-winter,0.25,train
sample_03833.jpg,SRC_170,-20.0,180.0,56.332579,N-autumn,0.25,validation
sample_03834.jpg,SRC_058,30.0,180.0,69.060883,N-autumn,0.5,train
sample_03835.jpg,SRC_015,20.0,180.0,46.484204,N-summer,0.25,train
sample_03836.jpg,SRC_097,0.0,180.0,35.318175,N-winter,0.25,train
sample_03837.jpg,SRC_030,-25.0,180.0,67.936804,N-spring,0.5,train
sample_03838.jpg,SRC_006,-15.0,180.0,65.638079,N-spring,0.5,train
sample_03839.jpg,SRC_160,-10.0,180.0,50.604377,N-autumn,0.25,train
sample_03840.jpg,SRC_076,25.0,180.0,63.632584,N-autumn,0.25,train
sample_03841.jpg,SRC_009,-25.0,180.0,73.827745,N-spring,0.5,train
sample_03842.jpg,SRC_127,-35.0,180.0,47.507974,N-autumn,0.5,validation
sample_03843.jpg,SRC_103,-35.0,180.0,57.090396,N-autumn,0.25,train
sample_03844.jpg,SRC_052,5.0,180.0,51.705435,N-summer,0.25,train
sample_03845.jpg,SRC_063,25.0,180.0,41.329237,N-spring,0.25,train
sample_03846.jpg,SRC_164,20.0,180.0,59.226879,N-autumn,0.25,train
sample_03847.jpg,SRC_142,-30.0,180.0,34.276784,N-winter,0.25,train
sample_03848.jpg,SRC_106,25.0,180.0,40.638999,N-spring,0.5,validation
sample_03849.jpg,SRC_092,5.0,180.0,57.429528,N-autumn,0.25,train
sample_03850.jpg,SRC_092,5.0,180.0,57.429528,N-autumn,0.25,train
sample_03851.jpg,SRC_108,-40.0,180.0,68.856247,N-summer,0.5,calibration
sample_03852.jpg,SRC_102,-10.0,180.0,52.255853,N-spring,0.25,train
sample_03853.jpg,SRC_004,30.0,180.0,61.107468,N-autumn,0.5,train
sample_03854.jpg,SRC_134,-30.0,180.0,69.607895,N-spring,0.5,train
sample_03855.jpg,SRC_054,5.0,180.0,37.41608,N-winter,0.25,train
sample_03856.jpg,SRC_127,-35.0,180.0,47.507974,N-autumn,0.5,validation
sample_03857.jpg,SRC_042,10.0,180.0,36.92431,N-spring,0.5,calibration
sample_03858.jpg,SRC_049,5.0,180.0,42.94902,N-spring,0.25,train
sample_03859.jpg,SRC_091,-40.0,180.0,72.511342,N-summer,0.5,train
sample_03860.jpg,SRC_124,0.0,180.0,51.928413,N-summer,0.25,train
sample_03861.jpg,SRC_053,-90.0,0.0,74.406575,N-winter,0.5,train
sample_03862.jpg,SRC_008,25.0,180.0,61.005891,N-autumn,0.25,validation
sample_03863.jpg,SRC_084,-10.0,180.0,58.957849,N-summer,0.25,train
sample_03864.jpg,SRC_091,-40.0,180.0,72.511342,N-summer,0.5,train
sample_03865.jpg,SRC_004,30.0,180.0,61.107468,N-autumn,0.5,train
sample_03866.jpg,SRC_169,40.0,180.0,48.615664,N-summer,0.25,train
sample_03867.jpg,SRC_009,-25.0,180.0,73.827745,N-spring,0.5,train
sample_03868.jpg,SRC_030,-25.0,180.0,67.936804,N-spring,0.5,train
sample_03869.jpg,SRC_148,-15.0,180.0,49.227137,N-autumn,0.25,train
sample_03870.jpg,SRC_041,15.0,180.0,46.712049,N-summer,0.25,validation
sample_03871.jpg,SRC_125,-5.0,180.0,52.428603,N-spring,0.25,train
sample_03872.jpg,SRC_084,-10.0,180.0,58.957849,N-summer,0.25,train
sample_03873.jpg,SRC_111,-35.0,180.0,79.069883,N-spring,1.0,train
sample_03874.jpg,SRC_167,90.0,0.0,58.639078,N-summer,0.5,validation
sample_03875.jpg,SRC_037,15.0,180.0,44.468297,N-spring,0.25,train
sample_03876.jpg,SRC_069,25.0,180.0,48.120522,N-summer,0.5,train
sample_03877.jpg,SRC_165,10.0,180.0,42.451267,N-winter,0.25,train
sample_03878.jpg,SRC_080,-25.0,180.0,69.726065,N-summer,0.25,train
sample_03879.jpg,SRC_121,25.0,180.0,67.446292,N-autumn,0.5,train
sample_03880.jpg,SRC_009,-25.0,180.0,73.827745,N-spring,0.5,train
sample_03881.jpg,SRC_067,-15.0,180.0,64.724247,N-spring,0.5,calibration
sample_03882.jpg,SRC_119,90.0,0.0,58.642683,N-spring,0.25,calibration
sample_03883.jpg,SRC_035,0.0,180.0,56.990187,N-autumn,0.25,train
sample_03884.jpg,SRC_070,60.0,180.0,58.788969,N-summer,0.5,train
sample_03885.jpg,SRC_106,25.0,180.0,40.638999,N-spring,0.5,validation
sample_03886.jpg,SRC_088,0.0,180.0,53.004483,N-summer,0.25,train
sample_03887.jpg,SRC_074,0.0,180.0,50.25459,N-spring,0.5,train
sample_03888.jpg,SRC_085,0.0,180.0,39.187341,N-spring,0.25,train
sample_03889.jpg,SRC_099,15.0,180.0,42.024472,N-spring,0.5,train
sample_03890.jpg,SRC_030,-25.0,180.0,67.936804,N-spring,0.5,train
sample_03891.jpg,SRC_094,20.0,180.0,66.934532,N-autumn,0.25,train
sample_03892.jpg,SRC_062,45.0,180.0,81.508965,N-autumn,0.5,train
sample_03893.jpg,SRC_108,-40.0,180.0,68.856247,N-summer,0.5,calibration
sample_03894.jpg,SRC_063,25.0,180.0,41.329237,N-spring,0.25,train
sample_03895.jpg,SRC_111,-35.0,180.0,79.069883,N-spring,1.0,train
sample_03896.jpg,SRC_074,0.0,180.0,50.25459,N-spring,0.5,train
sample_03897.jpg,SRC_159,20.0,180.0,67.076816,N-autumn,0.25,train
sample_03898.jpg,SRC_142,-30.0,180.0,34.276784,N-winter,0.25,train
sample_03899.jpg,SRC_099,15.0,180.0,42.024472,N-spring,0.5,train
sample_03900.jpg,SRC_098,-45.0,180.0,70.730178,N-summer,0.25,train
sample_03901.jpg,SRC_154,0.0,180.0,54.770875,N-summer,0.5,train
sample_03902.jpg,SRC_073,45.0,180.0,41.537171,N-spring,0.25,train
sample_03903.jpg,SRC_022,20.0,180.0,41.513642,N-spring,0.25,train
sample_03904.jpg,SRC_076,25.0,180.0,63.632584,N-autumn,0.25,train
sample_03905.jpg,SRC_042,10.0,180.0,36.92431,N-spring,0.5,calibration
sample_03906.jpg,SRC_009,-25.0,180.0,73.827745,N-spring,0.5,train
sample_03907.jpg,SRC_108,-40.0,180.0,68.856247,N-summer,0.5,calibration
sample_03908.jpg,SRC_127,-35.0,180.0,47.507974,N-autumn,0.5,validation
sample_03909.jpg,SRC_131,10.0,180.0,60.540464,N-autumn,0.5,train
sample_03910.jpg,SRC_010,90.0,0.0,74.440619,N-summer,0.5,calibration
sample_03911.jpg,SRC_101,5.0,180.0,48.479381,N-winter,0.25,validation
sample_03912.jpg,SRC_076,25.0,180.0,63.632584,N-autumn,0.25,train
sample_03913.jpg,SRC_014,-40.0,180.0,38.480327,N-winter,0.25,train
sample_03914.jpg,SRC_009,-25.0,180.0,73.827745,N-spring,0.5,train
sample_03915.jpg,SRC_004,30.0,180.0,61.107468,N-autumn,0.5,train
sample_03916.jpg,SRC_114,-10.0,180.0,58.176498,N-autumn,0.5,train
sample_03917.jpg,SRC_169,40.0,180.0,48.615664,N-summer,0.25,train
sample_03918.jpg,SRC_108,-40.0,180.0,68.856247,N-summer,0.5,calibration
sample_03919.jpg,SRC_126,-20.0,180.0,68.779144,N-summer,0.5,train
sample_03920.jpg,SRC_146,10.0,180.0,58.0428,N-summer,0.5,train
sample_03921.jpg,SRC_052,5.0,180.0,51.705435,N-summer,0.25,train
sample_03922.jpg,SRC_099,15.0,180.0,42.024472,N-spring,0.5,train
sample_03923.jpg,SRC_115,25.0,180.0,41.8845,N-spring,0.25,train
sample_03924.jpg,SRC_141,-10.0,180.0,55.206291,N-spring,0.25,train
sample_03925.jpg,SRC_042,10.0,180.0,36.92431,N-spring,0.5,calibration
sample_03926.jpg,SRC_145,-5.0,180.0,52.15166,N-spring,0.25,train
sample_03927.jpg,SRC_091,-40.0,180.0,72.511342,N-summer,0.5,train
sample_03928.jpg,SRC_108,-40.0,180.0,68.856247,N-summer,0.5,calibration
sample_03929.jpg,SRC_030,-25.0,180.0,67.936804,N-spring,0.5,train
sample_03930.jpg,SRC_099,15.0,180.0,42.024472,N-spring,0.5,train
sample_03931.jpg,SRC_126,-20.0,180.0,68.779144,N-summer,0.5,train
sample_03932.jpg,SRC_088,0.0,180.0,53.004483,N-summer,0.25,train
sample_03933.jpg,SRC_074,0.0,180.0,50.25459,N-spring,0.5,train
sample_03934.jpg,SRC_027,35.0,180.0,41.369436,N-spring,0.5,train
sample_03935.jpg,SRC_103,-35.0,180.0,57.090396,N-autumn,0.25,train
sample_03936.jpg,SRC_097,0.0,180.0,35.318175,N-winter,0.25,train
sample_03937.jpg,SRC_100,20.0,180.0,41.506528,N-spring,0.25,train
sample_03938.jpg,SRC_030,-25.0,180.0,67.936804,N-spring,0.5,train
sample_03939.jpg,SRC_063,25.0,180.0,41.329237,N-spring,0.25,train
sample_03940.jpg,SRC_115,25.0,180.0,41.8845,N-spring,0.25,train
sample_03941.jpg,SRC_134,-30.0,180.0,69.607895,N-spring,0.5,train
sample_03942.jpg,SRC_157,40.0,180.0,44.22455,N-summer,0.25,calibration
sample_03943.jpg,SRC_169,40.0,180.0,48.615664,N-summer,0.25,train
sample_03944.jpg,SRC_111,-35.0,180.0,79.069883,N-spring,1.0,train
sample_03945.jpg,SRC_114,-10.0,180.0,58.176498,N-autumn,0.5,train
sample_03946.jpg,SRC_156,10.0,180.0,48.737382,N-summer,0.25,validation
sample_03947.jpg,SRC_082,-10.0,180.0,60.444036,N-spring,0.25,calibration
sample_03948.jpg,SRC_052,5.0,180.0,51.705435,N-summer,0.25,train
sample_03949.jpg,SRC_139,40.0,180.0,53.533251,N-winter,0.25,train
sample_03950.jpg,SRC_047,0.0,180.0,48.028677,N-spring,0.5,validation
sample_03951.jpg,SRC_030,-25.0,180.0,67.936804,N-spring,0.5,train
sample_03952.jpg,SRC_056,-40.0,180.0,74.660587,N-summer,0.5,train
sample_03953.jpg,SRC_022,20.0,180.0,41.513642,N-spring,0.25,train
sample_03954.jpg,SRC_074,0.0,180.0,50.25459,N-spring,0.5,train
sample_03955.jpg,SRC_046,0.0,180.0,58.061031,N-autumn,0.25,calibration
sample_03956.jpg,SRC_029,-5.0,180.0,45.485648,N-autumn,0.25,calibration
sample_03957.jpg,SRC_093,-25.0,180.0,43.343655,N-autumn,0.5,calibration
sample_03958.jpg,SRC_052,5.0,180.0,51.705435,N-summer,0.25,train
sample_03959.jpg,SRC_158,-5.0,180.0,35.954137,N-winter,0.25,train
sample_03960.jpg,SRC_124,0.0,180.0,51.928413,N-summer,0.25,train
sample_03961.jpg,SRC_144,-35.0,180.0,76.731052,N-spring,0.5,train
sample_03962.jpg,SRC_050,0.0,180.0,53.680047,N-summer,0.25,calibration
sample_03963.jpg,SRC_158,-5.0,180.0,35.954137,N-winter,0.25,train
sample_03964.jpg,SRC_009,-25.0,180.0,73.827745,N-spring,0.5,train
sample_03965.jpg,SRC_074,0.0,180.0,50.25459,N-spring,0.5,train
sample_03966.jpg,SRC_013,50.0,180.0,54.051464,N-spring,0.5,train
sample_03967.jpg,SRC_071,20.0,180.0,40.070501,N-spring,0.25,train
sample_03968.jpg,SRC_049,5.0,180.0,42.94902,N-spring,0.25,train
sample_03969.jpg,SRC_006,-15.0,180.0,65.638079,N-spring,0.5,train
sample_03970.jpg,SRC_103,-35.0,180.0,57.090396,N-autumn,0.25,train
sample_03971.jpg,SRC_125,-5.0,180.0,52.428603,N-spring,0.25,train
sample_03972.jpg,SRC_096,25.0,180.0,40.422288,N-spring,0.25,train
sample_03973.jpg,SRC_128,90.0,0.0,56.634817,N-spring,0.5,train
sample_03974.jpg,SRC_041,15.0,180.0,46.712049,N-summer,0.25,validation
sample_03975.jpg,SRC_051,20.0,180.0,63.609319,N-autumn,0.5,train
sample_03976.jpg,SRC_067,-15.0,180.0,64.724247,N-spring,0.5,calibration
sample_03977.jpg,SRC_076,25.0,180.0,63.632584,N-autumn,0.25,train
sample_03978.jpg,SRC_108,-40.0,180.0,68.856247,N-summer,0.5,calibration
sample_03979.jpg,SRC_011,-20.0,180.0,70.371153,N-summer,0.25,train
sample_03980.jpg,SRC_148,-15.0,180.0,49.227137,N-autumn,0.25,train
sample_03981.jpg,SRC_101,5.0,180.0,48.479381,N-winter,0.25,validation
sample_03982.jpg,SRC_047,0.0,180.0,48.028677,N-spring,0.5,validation
sample_03983.jpg,SRC_074,0.0,180.0,50.25459,N-spring,0.5,train
sample_03984.jpg,SRC_133,-10.0,180.0,48.887369,N-spring,0.5,train
sample_03985.jpg,SRC_004,30.0,180.0,61.107468,N-autumn,0.5,train
sample_03986.jpg,SRC_145,-5.0,180.0,52.15166,N-spring,0.25,train
sample_03987.jpg,SRC_121,25.0,180.0,67.446292,N-autumn,0.5,train
sample_03988.jpg,SRC_044,-90.0,0.0,81.862162,N-autumn,0.5,train
sample_03989.jpg,SRC_076,25.0,180.0,63.632584,N-autumn,0.25,train
sample_03990.jpg,SRC_037,15.0,180.0,44.468297,N-spring,0.25,train
sample_03991.jpg,SRC_133,-10.0,180.0,48.887369,N-spring,0.5,train
sample_03992.jpg,SRC_096,25.0,180.0,40.422288,N-spring,0.25,train
sample_03993.jpg,SRC_154,0.0,180.0,54.770875,N-summer,0.5,train
sample_03994.jpg,SRC_006,-15.0,180.0,65.638079,N-spring,0.5,train
sample_03995.jpg,SRC_114,-10.0,180.0,58.176498,N-autumn,0.5,train
sample_03996.jpg,SRC_091,-40.0,180.0,72.511342,N-summer,0.5,train
sample_03997.jpg,SRC_121,25.0,180.0,67.446292,N-autumn,0.5,train
sample_03998.jpg,SRC_017,-90.0,0.0,64.6979,N-winter,0.25,train
sample_03999.jpg,SRC_157,40.0,180.0,44.22455,N-summer,0.25,calibration
sample_04000.jpg,SRC_030,-25.0,180.0,67.936804,N-spring,0.5,train
sample_04001.jpg,SRC_013,50.0,180.0,54.051464,N-spring,0.5,train
sample_04002.jpg,SRC_022,20.0,180.0,41.513642,N-spring,0.25,train
sample_04003.jpg,SRC_109,50.0,180.0,54.137665,N-summer,0.25,validation
sample_04004.jpg,SRC_124,0.0,180.0,51.928413,N-summer,0.25,train
sample_04005.jpg,SRC_007,20.0,180.0,49.485932,N-winter,0.25,validation
sample_04006.jpg,SRC_099,15.0,180.0,42.024472,N-spring,0.5,train
sample_04007.jpg,SRC_013,50.0,180.0,54.051464,N-spring,0.5,train
sample_04008.jpg,SRC_092,5.0,180.0,57.429528,N-autumn,0.25,train
sample_04009.jpg,SRC_158,-5.0,180.0,35.954137,N-winter,0.25,train
sample_04010.jpg,SRC_114,-10.0,180.0,58.176498,N-autumn,0.5,train
sample_04011.jpg,SRC_073,45.0,180.0,41.537171,N-spring,0.25,train
sample_04012.jpg,SRC_142,-30.0,180.0,34.276784,N-winter,0.25,train
sample_04013.jpg,SRC_136,-35.0,180.0,76.922409,N-spring,0.5,train
sample_04014.jpg,SRC_108,-40.0,180.0,68.856247,N-summer,0.5,calibration
sample_04015.jpg,SRC_140,35.0,180.0,44.85556,N-spring,0.25,train
sample_04016.jpg,SRC_107,20.0,180.0,65.68027,N-autumn,0.5,train
sample_04017.jpg,SRC_083,0.0,180.0,55.378885,N-spring,0.25,calibration
sample_04018.jpg,SRC_030,-25.0,180.0,67.936804,N-spring,0.5,train
sample_04019.jpg,SRC_074,0.0,180.0,50.25459,N-spring,0.5,train
sample_04020.jpg,SRC_146,10.0,180.0,58.0428,N-summer,0.5,train
sample_04021.jpg,SRC_046,0.0,180.0,58.061031,N-autumn,0.25,calibration
sample_04022.jpg,SRC_013,50.0,180.0,54.051464,N-spring,0.5,train
sample_04023.jpg,SRC_059,15.0,180.0,48.046698,N-summer,0.25,train
sample_04024.jpg,SRC_129,20.0,180.0,41.057252,N-spring,0.25,validation
sample_04025.jpg,SRC_083,0.0,180.0,55.378885,N-spring,0.25,calibration
sample_04026.jpg,SRC_058,30.0,180.0,69.060883,N-autumn,0.5,train
sample_04027.jpg,SRC_130,25.0,180.0,37.507656,N-spring,0.25,train
sample_04028.jpg,SRC_069,25.0,180.0,48.120522,N-summer,0.5,train
sample_04029.jpg,SRC_082,-10.0,180.0,60.444036,N-spring,0.25,calibration
sample_04030.jpg,SRC_170,-20.0,180.0,56.332579,N-autumn,0.25,validation
sample_04031.jpg,SRC_118,35.0,180.0,49.493581,N-summer,0.25,train
sample_04032.jpg,SRC_112,-30.0,180.0,67.516648,N-spring,0.5,train
sample_04033.jpg,SRC_009,-25.0,180.0,73.827745,N-spring,0.5,train
sample_04034.jpg,SRC_170,-20.0,180.0,56.332579,N-autumn,0.25,validation
sample_04035.jpg,SRC_154,0.0,180.0,54.770875,N-summer,0.5,train
sample_04036.jpg,SRC_004,30.0,180.0,61.107468,N-autumn,0.5,train
sample_04037.jpg,SRC_075,-90.0,0.0,65.329336,N-winter,0.25,train
sample_04038.jpg,SRC_094,20.0,180.0,66.934532,N-autumn,0.25,train
sample_04039.jpg,SRC_108,-40.0,180.0,68.856247,N-summer,0.5,calibration
sample_04040.jpg,SRC_004,30.0,180.0,61.107468,N-autumn,0.5,train
sample_04041.jpg,SRC_087,0.0,180.0,54.65824,N-summer,0.25,calibration
sample_04042.jpg,SRC_111,-35.0,180.0,79.069883,N-spring,1.0,train
sample_04043.jpg,SRC_056,-40.0,180.0,74.660587,N-summer,0.5,train
sample_04044.jpg,SRC_125,-5.0,180.0,52.428603,N-spring,0.25,train
sample_04045.jpg,SRC_117,-90.0,0.0,60.317034,N-winter,0.25,calibration
sample_04046.jpg,SRC_054,5.0,180.0,37.41608,N-winter,0.25,train
sample_04047.jpg,SRC_052,5.0,180.0,51.705435,N-summer,0.25,train
sample_04048.jpg,SRC_084,-10.0,180.0,58.957849,N-summer,0.25,train
sample_04049.jpg,SRC_124,0.0,180.0,51.928413,N-summer,0.25,train
sample_04050.jpg,SRC_135,5.0,180.0,41.328761,N-winter,0.5,train
sample_04051.jpg,SRC_061,50.0,180.0,43.110277,N-spring,0.5,train
sample_04052.jpg,SRC_077,-5.0,180.0,34.299081,N-winter,0.25,train
sample_04053.jpg,SRC_067,-15.0,180.0,64.724247,N-spring,0.5,calibration
sample_04054.jpg,SRC_103,-35.0,180.0,57.090396,N-autumn,0.25,train
sample_04055.jpg,SRC_085,0.0,180.0,39.187341,N-spring,0.25,train
sample_04056.jpg,SRC_013,50.0,180.0,54.051464,N-spring,0.5,train
sample_04057.jpg,SRC_022,20.0,180.0,41.513642,N-spring,0.25,train
sample_04058.jpg,SRC_057,-5.0,180.0,57.599617,N-summer,0.25,calibration
sample_04059.jpg,SRC_081,-90.0,0.0,74.772433,N-autumn,0.25,calibration
sample_04060.jpg,SRC_032,-5.0,180.0,52.490186,N-spring,0.25,validation
sample_04061.jpg,SRC_040,90.0,0.0,57.651744,N-spring,0.5,train
sample_04062.jpg,SRC_159,20.0,180.0,67.076816,N-autumn,0.25,train
sample_04063.jpg,SRC_070,60.0,180.0,58.788969,N-summer,0.5,train
sample_04064.jpg,SRC_010,90.0,0.0,74.440619,N-summer,0.5,calibration
sample_04065.jpg,SRC_092,5.0,180.0,57.429528,N-autumn,0.25,train
sample_04066.jpg,SRC_065,30.0,180.0,68.700871,N-winter,0.5,train
sample_04067.jpg,SRC_121,25.0,180.0,67.446292,N-autumn,0.5,train
sample_04068.jpg,SRC_085,0.0,180.0,39.187341,N-spring,0.25,train
sample_04069.jpg,SRC_004,30.0,180.0,61.107468,N-autumn,0.5,train
sample_04070.jpg,SRC_004,30.0,180.0,61.107468,N-autumn,0.5,train
sample_04071.jpg,SRC_038,-15.0,180.0,32.097448,N-winter,0.25,train
sample_04072.jpg,SRC_009,-25.0,180.0,73.827745,N-spring,0.5,train
sample_04073.jpg,SRC_133,-10.0,180.0,48.887369,N-spring,0.5,train
sample_04074.jpg,SRC_065,30.0,180.0,68.700871,N-winter,0.5,train
sample_04075.jpg,SRC_099,15.0,180.0,42.024472,N-spring,0.5,train
sample_04076.jpg,SRC_046,0.0,180.0,58.061031,N-autumn,0.25,calibration
sample_04077.jpg,SRC_092,5.0,180.0,57.429528,N-autumn,0.25,train
sample_04078.jpg,SRC_027,35.0,180.0,41.369436,N-spring,0.5,train
sample_04079.jpg,SRC_058,30.0,180.0,69.060883,N-autumn,0.5,train
sample_04080.jpg,SRC_103,-35.0,180.0,57.090396,N-autumn,0.25,train
sample_04081.jpg,SRC_135,5.0,180.0,41.328761,N-winter,0.5,train
sample_04082.jpg,SRC_144,-35.0,180.0,76.731052,N-spring,0.5,train
sample_04083.jpg,SRC_102,-10.0,180.0,52.255853,N-spring,0.25,train
sample_04084.jpg,SRC_046,0.0,180.0,58.061031,N-autumn,0.25,calibration
sample_04085.jpg,SRC_075,-90.0,0.0,65.329336,N-winter,0.25,train
sample_04086.jpg,SRC_004,30.0,180.0,61.107468,N-autumn,0.5,train
sample_04087.jpg,SRC_100,20.0,180.0,41.506528,N-spring,0.25,train
sample_04088.jpg,SRC_055,-5.0,180.0,57.335076,N-spring,0.25,train
sample_04089.jpg,SRC_076,25.0,180.0,63.632584,N-autumn,0.25,train
sample_04090.jpg,SRC_062,45.0,180.0,81.508965,N-autumn,0.5,train
sample_04091.jpg,SRC_126,-20.0,180.0,68.779144,N-summer,0.5,train
sample_04092.jpg,SRC_141,-10.0,180.0,55.206291,N-spring,0.25,train
sample_04093.jpg,SRC_157,40.0,180.0,44.22455,N-summer,0.25,calibration
sample_04094.jpg,SRC_145,-5.0,180.0,52.15166,N-spring,0.25,train
sample_04095.jpg,SRC_168,90.0,0.0,64.709631,N-summer,0.25,validation
sample_04096.jpg,SRC_108,-40.0,180.0,68.856247,N-summer,0.5,calibration
sample_04097.jpg,SRC_101,5.0,180.0,48.479381,N-winter,0.25,validation
sample_04098.jpg,SRC_018,-90.0,0.0,67.882485,N-winter,0.25,train
sample_04099.jpg,SRC_168,90.0,0.0,64.709631,N-summer,0.25,validation
sample_04100.jpg,SRC_028,10.0,180.0,42.894848,N-spring,0.25,calibration
sample_04101.jpg,SRC_096,25.0,180.0,40.422288,N-spring,0.25,train
sample_04102.jpg,SRC_063,25.0,180.0,41.329237,N-spring,0.25,train
sample_04103.jpg,SRC_047,0.0,180.0,48.028677,N-spring,0.5,validation
sample_04104.jpg,SRC_158,-5.0,180.0,35.954137,N-winter,0.25,train
sample_04105.jpg,SRC_127,-35.0,180.0,47.507974,N-autumn,0.5,validation
sample_04106.jpg,SRC_115,25.0,180.0,41.8845,N-spring,0.25,train
sample_04107.jpg,SRC_004,30.0,180.0,61.107468,N-autumn,0.5,train
sample_04108.jpg,SRC_151,-15.0,180.0,63.408071,N-summer,0.5,validation
sample_04109.jpg,SRC_092,5.0,180.0,57.429528,N-autumn,0.25,train
sample_04110.jpg,SRC_126,-20.0,180.0,68.779144,N-summer,0.5,train
sample_04111.jpg,SRC_083,0.0,180.0,55.378885,N-spring,0.25,calibration
sample_04112.jpg,SRC_157,40.0,180.0,44.22455,N-summer,0.25,calibration
sample_04113.jpg,SRC_164,20.0,180.0,59.226879,N-autumn,0.25,train
sample_04114.jpg,SRC_069,25.0,180.0,48.120522,N-summer,0.5,train
sample_04115.jpg,SRC_022,20.0,180.0,41.513642,N-spring,0.25,train
sample_04116.jpg,SRC_073,45.0,180.0,41.537171,N-spring,0.25,train
sample_04117.jpg,SRC_158,-5.0,180.0,35.954137,N-winter,0.25,train
sample_04118.jpg,SRC_171,-35.0,180.0,63.65778,N-spring,0.25,train
sample_04119.jpg,SRC_170,-20.0,180.0,56.332579,N-autumn,0.25,validation
sample_04120.jpg,SRC_038,-15.0,180.0,32.097448,N-winter,0.25,train
sample_04121.jpg,SRC_092,5.0,180.0,57.429528,N-autumn,0.25,train
sample_04122.jpg,SRC_020,35.0,180.0,42.075965,N-summer,0.25,calibration
sample_04123.jpg,SRC_130,25.0,180.0,37.507656,N-spring,0.25,train
sample_04124.jpg,SRC_059,15.0,180.0,48.046698,N-summer,0.25,train
sample_04125.jpg,SRC_009,-25.0,180.0,73.827745,N-spring,0.5,train
sample_04126.jpg,SRC_064,90.0,0.0,60.573524,N-spring,0.25,train
sample_04127.jpg,SRC_134,-30.0,180.0,69.607895,N-spring,0.5,train
sample_04128.jpg,SRC_084,-10.0,180.0,58.957849,N-summer,0.25,train
sample_04129.jpg,SRC_113,-35.0,180.0,36.668707,N-winter,0.25,train
sample_04130.jpg,SRC_006,-15.0,180.0,65.638079,N-spring,0.5,train
sample_04131.jpg,SRC_028,10.0,180.0,42.894848,N-spring,0.25,calibration
sample_04132.jpg,SRC_048,-25.0,180.0,61.920556,N-autumn,0.25,calibration
sample_04133.jpg,SRC_141,-10.0,180.0,55.206291,N-spring,0.25,train
sample_04134.jpg,SRC_168,90.0,0.0,64.709631,N-summer,0.25,validation
sample_04135.jpg,SRC_048,-25.0,180.0,61.920556,N-autumn,0.25,calibration
sample_04136.jpg,SRC_009,-25.0,180.0,73.827745,N-spring,0.5,train
sample_04137.jpg,SRC_114,-10.0,180.0,58.176498,N-autumn,0.5,train
sample_04138.jpg,SRC_051,20.0,180.0,63.609319,N-autumn,0.5,train
sample_04139.jpg,SRC_108,-40.0,180.0,68.856247,N-summer,0.5,calibration
sample_04140.jpg,SRC_038,-15.0,180.0,32.097448,N-winter,0.25,train
sample_04141.jpg,SRC_047,0.0,180.0,48.028677,N-spring,0.5,validation
sample_04142.jpg,SRC_072,15.0,180.0,46.966801,N-winter,0.25,train
sample_04143.jpg,SRC_055,-5.0,180.0,57.335076,N-spring,0.25,train
sample_04144.jpg,SRC_066,-10.0,180.0,61.81065,N-summer,0.5,calibration
sample_04145.jpg,SRC_034,40.0,180.0,46.055099,N-summer,0.25,validation
sample_04146.jpg,SRC_169,40.0,180.0,48.615664,N-summer,0.25,train
sample_04147.jpg,SRC_030,-25.0,180.0,67.936804,N-spring,0.5,train
sample_04148.jpg,SRC_124,0.0,180.0,51.928413,N-summer,0.25,train
sample_04149.jpg,SRC_044,-90.0,0.0,81.862162,N-autumn,0.5,train
sample_04150.jpg,SRC_111,-35.0,180.0,79.069883,N-spring,1.0,train
sample_04151.jpg,SRC_065,30.0,180.0,68.700871,N-winter,0.5,train
sample_04152.jpg,SRC_068,0.0,180.0,56.216196,N-summer,0.25,train
sample_04153.jpg,SRC_074,0.0,180.0,50.25459,N-spring,0.5,train
sample_04154.jpg,SRC_115,25.0,180.0,41.8845,N-spring,0.25,train
sample_04155.jpg,SRC_047,0.0,180.0,48.028677,N-spring,0.5,validation
sample_04156.jpg,SRC_066,-10.0,180.0,61.81065,N-summer,0.5,calibration
sample_04157.jpg,SRC_111,-35.0,180.0,79.069883,N-spring,1.0,train
sample_04158.jpg,SRC_047,0.0,180.0,48.028677,N-spring,0.5,validation
sample_04159.jpg,SRC_042,10.0,180.0,36.92431,N-spring,0.5,calibration
sample_04160.jpg,SRC_003,0.0,180.0,38.090051,N-spring,0.25,validation
sample_04161.jpg,SRC_055,-5.0,180.0,57.335076,N-spring,0.25,train
sample_04162.jpg,SRC_158,-5.0,180.0,35.954137,N-winter,0.25,train
sample_04163.jpg,SRC_069,25.0,180.0,48.120522,N-summer,0.5,train
sample_04164.jpg,SRC_022,20.0,180.0,41.513642,N-spring,0.25,train
sample_04165.jpg,SRC_027,35.0,180.0,41.369436,N-spring,0.5,train
sample_04166.jpg,SRC_099,15.0,180.0,42.024472,N-spring,0.5,train
sample_04167.jpg,SRC_014,-40.0,180.0,38.480327,N-winter,0.25,train
sample_04168.jpg,SRC_081,-90.0,0.0,74.772433,N-autumn,0.25,calibration
sample_04169.jpg,SRC_047,0.0,180.0,48.028677,N-spring,0.5,validation
sample_04170.jpg,SRC_095,-20.0,180.0,56.495654,N-spring,0.5,validation
sample_04171.jpg,SRC_112,-30.0,180.0,67.516648,N-spring,0.5,train
sample_04172.jpg,SRC_020,35.0,180.0,42.075965,N-summer,0.25,calibration
sample_04173.jpg,SRC_065,30.0,180.0,68.700871,N-winter,0.5,train
sample_04174.jpg,SRC_049,5.0,180.0,42.94902,N-spring,0.25,train
sample_04175.jpg,SRC_027,35.0,180.0,41.369436,N-spring,0.5,train
sample_04176.jpg,SRC_074,0.0,180.0,50.25459,N-spring,0.5,train
sample_04177.jpg,SRC_109,50.0,180.0,54.137665,N-summer,0.25,validation
sample_04178.jpg,SRC_100,20.0,180.0,41.506528,N-spring,0.25,train
sample_04179.jpg,SRC_133,-10.0,180.0,48.887369,N-spring,0.5,train
sample_04180.jpg,SRC_098,-45.0,180.0,70.730178,N-summer,0.25,train
sample_04181.jpg,SRC_107,20.0,180.0,65.68027,N-autumn,0.5,train
sample_04182.jpg,SRC_095,-20.0,180.0,56.495654,N-spring,0.5,validation
sample_04183.jpg,SRC_004,30.0,180.0,61.107468,N-autumn,0.5,train
sample_04184.jpg,SRC_107,20.0,180.0,65.68027,N-autumn,0.5,train
sample_04185.jpg,SRC_067,-15.0,180.0,64.724247,N-spring,0.5,calibration
sample_04186.jpg,SRC_133,-10.0,180.0,48.887369,N-spring,0.5,train
sample_04187.jpg,SRC_069,25.0,180.0,48.120522,N-summer,0.5,train
sample_04188.jpg,SRC_051,20.0,180.0,63.609319,N-autumn,0.5,train
sample_04189.jpg,SRC_009,-25.0,180.0,73.827745,N-spring,0.5,train
sample_04190.jpg,SRC_022,20.0,180.0,41.513642,N-spring,0.25,train
sample_04191.jpg,SRC_119,90.0,0.0,58.642683,N-spring,0.25,calibration
sample_04192.jpg,SRC_066,-10.0,180.0,61.81065,N-summer,0.5,calibration
sample_04193.jpg,SRC_115,25.0,180.0,41.8845,N-spring,0.25,train
sample_04194.jpg,SRC_102,-10.0,180.0,52.255853,N-spring,0.25,train
sample_04195.jpg,SRC_168,90.0,0.0,64.709631,N-summer,0.25,validation
sample_04196.jpg,SRC_014,-40.0,180.0,38.480327,N-winter,0.25,train
sample_04197.jpg,SRC_003,0.0,180.0,38.090051,N-spring,0.25,validation
sample_04198.jpg,SRC_091,-40.0,180.0,72.511342,N-summer,0.5,train
sample_04199.jpg,SRC_002,40.0,180.0,45.868768,N-summer,0.25,train
sample_04200.jpg,SRC_108,-40.0,180.0,68.856247,N-summer,0.5,calibration
sample_04201.jpg,SRC_085,0.0,180.0,39.187341,N-spring,0.25,train
sample_04202.jpg,SRC_084,-10.0,180.0,58.957849,N-summer,0.25,train
sample_04203.jpg,SRC_073,45.0,180.0,41.537171,N-spring,0.25,train
sample_04204.jpg,SRC_170,-20.0,180.0,56.332579,N-autumn,0.25,validation
sample_04205.jpg,SRC_043,10.0,180.0,50.433279,N-summer,0.5,train
sample_04206.jpg,SRC_008,25.0,180.0,61.005891,N-autumn,0.25,validation
sample_04207.jpg,SRC_065,30.0,180.0,68.700871,N-winter,0.5,train
sample_04208.jpg,SRC_042,10.0,180.0,36.92431,N-spring,0.5,calibration
sample_04209.jpg,SRC_041,15.0,180.0,46.712049,N-summer,0.25,validation
sample_04210.jpg,SRC_016,10.0,180.0,55.552023,N-winter,0.5,calibration
sample_04211.jpg,SRC_087,0.0,180.0,54.65824,N-summer,0.25,calibration
sample_04212.jpg,SRC_158,-5.0,180.0,35.954137,N-winter,0.25,train
sample_04213.jpg,SRC_015,20.0,180.0,46.484204,N-summer,0.25,train
sample_04214.jpg,SRC_084,-10.0,180.0,58.957849,N-summer,0.25,train
sample_04215.jpg,SRC_065,30.0,180.0,68.700871,N-winter,0.5,train
sample_04216.jpg,SRC_047,0.0,180.0,48.028677,N-spring,0.5,validation
sample_04217.jpg,SRC_153,-40.0,180.0,43.960452,N-autumn,0.25,train
sample_04218.jpg,SRC_049,5.0,180.0,42.94902,N-spring,0.25,train
sample_04219.jpg,SRC_041,15.0,180.0,46.712049,N-summer,0.25,validation
sample_04220.jpg,SRC_010,90.0,0.0,74.440619,N-summer,0.5,calibration
sample_04221.jpg,SRC_061,50.0,180.0,43.110277,N-spring,0.5,train
sample_04222.jpg,SRC_030,-25.0,180.0,67.936804,N-spring,0.5,train
sample_04223.jpg,SRC_123,0.0,180.0,54.598149,N-autumn,0.5,train
sample_04224.jpg,SRC_158,-5.0,180.0,35.954137,N-winter,0.25,train
sample_04225.jpg,SRC_076,25.0,180.0,63.632584,N-autumn,0.25,train
sample_04226.jpg,SRC_169,40.0,180.0,48.615664,N-summer,0.25,train
sample_04227.jpg,SRC_151,-15.0,180.0,63.408071,N-summer,0.5,validation
sample_04228.jpg,SRC_037,15.0,180.0,44.468297,N-spring,0.25,train
sample_04229.jpg,SRC_109,50.0,180.0,54.137665,N-summer,0.25,validation
sample_04230.jpg,SRC_157,40.0,180.0,44.22455,N-summer,0.25,calibration
sample_04231.jpg,SRC_170,-20.0,180.0,56.332579,N-autumn,0.25,validation
sample_04232.jpg,SRC_065,30.0,180.0,68.700871,N-winter,0.5,train
sample_04233.jpg,SRC_157,40.0,180.0,44.22455,N-summer,0.25,calibration
sample_04234.jpg,SRC_169,40.0,180.0,48.615664,N-summer,0.25,train
sample_04235.jpg,SRC_038,-15.0,180.0,32.097448,N-winter,0.25,train
sample_04236.jpg,SRC_157,40.0,180.0,44.22455,N-summer,0.25,calibration
sample_04237.jpg,SRC_136,-35.0,180.0,76.922409,N-spring,0.5,train
sample_04238.jpg,SRC_154,0.0,180.0,54.770875,N-summer,0.5,train
sample_04239.jpg,SRC_161,5.0,180.0,52.294471,N-summer,0.25,train
sample_04240.jpg,SRC_082,-10.0,180.0,60.444036,N-spring,0.25,calibration
sample_04241.jpg,SRC_106,25.0,180.0,40.638999,N-spring,0.5,validation
sample_04242.jpg,SRC_051,20.0,180.0,63.609319,N-autumn,0.5,train
sample_04243.jpg,SRC_071,20.0,180.0,40.070501,N-spring,0.25,train
sample_04244.jpg,SRC_074,0.0,180.0,50.25459,N-spring,0.5,train
sample_04245.jpg,SRC_030,-25.0,180.0,67.936804,N-spring,0.5,train
sample_04246.jpg,SRC_150,10.0,180.0,50.798821,N-summer,0.5,train
sample_04247.jpg,SRC_070,60.0,180.0,58.788969,N-summer,0.5,train
sample_04248.jpg,SRC_009,-25.0,180.0,73.827745,N-spring,0.5,train
sample_04249.jpg,SRC_103,-35.0,180.0,57.090396,N-autumn,0.25,train
sample_04250.jpg,SRC_099,15.0,180.0,42.024472,N-spring,0.5,train
sample_04251.jpg,SRC_032,-5.0,180.0,52.490186,N-spring,0.25,validation
sample_04252.jpg,SRC_159,20.0,180.0,67.076816,N-autumn,0.25,train
sample_04253.jpg,SRC_106,25.0,180.0,40.638999,N-spring,0.5,validation
sample_04254.jpg,SRC_102,-10.0,180.0,52.255853,N-spring,0.25,train
sample_04255.jpg,SRC_121,25.0,180.0,67.446292,N-autumn,0.5,train
sample_04256.jpg,SRC_115,25.0,180.0,41.8845,N-spring,0.25,train
sample_04257.jpg,SRC_170,-20.0,180.0,56.332579,N-autumn,0.25,validation
sample_04258.jpg,SRC_002,40.0,180.0,45.868768,N-summer,0.25,train
sample_04259.jpg,SRC_049,5.0,180.0,42.94902,N-spring,0.25,train
sample_04260.jpg,SRC_139,40.0,180.0,53.533251,N-winter,0.25,train
sample_04261.jpg,SRC_016,10.0,180.0,55.552023,N-winter,0.5,calibration
sample_04262.jpg,SRC_097,0.0,180.0,35.318175,N-winter,0.25,train
sample_04263.jpg,SRC_169,40.0,180.0,48.615664,N-summer,0.25,train
sample_04264.jpg,SRC_077,-5.0,180.0,34.299081,N-winter,0.25,train
sample_04265.jpg,SRC_154,0.0,180.0,54.770875,N-summer,0.5,train
sample_04266.jpg,SRC_150,10.0,180.0,50.798821,N-summer,0.5,train
sample_04267.jpg,SRC_030,-25.0,180.0,67.936804,N-spring,0.5,train
sample_04268.jpg,SRC_036,5.0,180.0,52.749586,N-summer,0.25,train
sample_04269.jpg,SRC_043,10.0,180.0,50.433279,N-summer,0.5,train
sample_04270.jpg,SRC_095,-20.0,180.0,56.495654,N-spring,0.5,validation
sample_04271.jpg,SRC_159,20.0,180.0,67.076816,N-autumn,0.25,train
sample_04272.jpg,SRC_115,25.0,180.0,41.8845,N-spring,0.25,train
sample_04273.jpg,SRC_043,10.0,180.0,50.433279,N-summer,0.5,train
sample_04274.jpg,SRC_096,25.0,180.0,40.422288,N-spring,0.25,train
sample_04275.jpg,SRC_170,-20.0,180.0,56.332579,N-autumn,0.25,validation
sample_04276.jpg,SRC_030,-25.0,180.0,67.936804,N-spring,0.5,train
sample_04277.jpg,SRC_051,20.0,180.0,63.609319,N-autumn,0.5,train
sample_04278.jpg,SRC_089,10.0,180.0,48.442522,N-winter,0.25,calibration
sample_04279.jpg,SRC_084,-10.0,180.0,58.957849,N-summer,0.25,train
sample_04280.jpg,SRC_114,-10.0,180.0,58.176498,N-autumn,0.5,train
sample_04281.jpg,SRC_132,5.0,180.0,51.83727,N-summer,0.25,train
sample_04282.jpg,SRC_148,-15.0,180.0,49.227137,N-autumn,0.25,train
sample_04283.jpg,SRC_084,-10.0,180.0,58.957849,N-summer,0.25,train
sample_04284.jpg,SRC_120,90.0,0.0,69.983669,N-summer,0.25,train
sample_04285.jpg,SRC_065,30.0,180.0,68.700871,N-winter,0.5,train
sample_04286.jpg,SRC_146,10.0,180.0,58.0428,N-summer,0.5,train
sample_04287.jpg,SRC_158,-5.0,180.0,35.954137,N-winter,0.25,train
sample_04288.jpg,SRC_121,25.0,180.0,67.446292,N-autumn,0.5,train
sample_04289.jpg,SRC_004,30.0,180.0,61.107468,N-autumn,0.5,train
sample_04290.jpg,SRC_141,-10.0,180.0,55.206291,N-spring,0.25,train
sample_04291.jpg,SRC_042,10.0,180.0,36.92431,N-spring,0.5,calibration
sample_04292.jpg,SRC_142,-30.0,180.0,34.276784,N-winter,0.25,train
sample_04293.jpg,SRC_134,-30.0,180.0,69.607895,N-spring,0.5,train
sample_04294.jpg,SRC_121,25.0,180.0,67.446292,N-autumn,0.5,train
sample_04295.jpg,SRC_111,-35.0,180.0,79.069883,N-spring,1.0,train
sample_04296.jpg,SRC_009,-25.0,180.0,73.827745,N-spring,0.5,train
sample_04297.jpg,SRC_070,60.0,180.0,58.788969,N-summer,0.5,train
sample_04298.jpg,SRC_124,0.0,180.0,51.928413,N-summer,0.25,train
sample_04299.jpg,SRC_055,-5.0,180.0,57.335076,N-spring,0.25,train
sample_04300.jpg,SRC_051,20.0,180.0,63.609319,N-autumn,0.5,train
sample_04301.jpg,SRC_015,20.0,180.0,46.484204,N-summer,0.25,train
sample_04302.jpg,SRC_043,10.0,180.0,50.433279,N-summer,0.5,train
sample_04303.jpg,SRC_055,-5.0,180.0,57.335076,N-spring,0.25,train
sample_04304.jpg,SRC_059,15.0,180.0,48.046698,N-summer,0.25,train
sample_04305.jpg,SRC_030,-25.0,180.0,67.936804,N-spring,0.5,train
sample_04306.jpg,SRC_074,0.0,180.0,50.25459,N-spring,0.5,train
sample_04307.jpg,SRC_087,0.0,180.0,54.65824,N-summer,0.25,calibration
sample_04308.jpg,SRC_108,-40.0,180.0,68.856247,N-summer,0.5,calibration
sample_04309.jpg,SRC_005,0.0,180.0,55.846781,N-summer,0.5,validation
sample_04310.jpg,SRC_052,5.0,180.0,51.705435,N-summer,0.25,train
sample_04311.jpg,SRC_054,5.0,180.0,37.41608,N-winter,0.25,train
sample_04312.jpg,SRC_041,15.0,180.0,46.712049,N-summer,0.25,validation
sample_04313.jpg,SRC_047,0.0,180.0,48.028677,N-spring,0.5,validation
sample_04314.jpg,SRC_138,25.0,180.0,44.714676,N-summer,0.25,train
sample_04315.jpg,SRC_124,0.0,180.0,51.928413,N-summer,0.25,train
sample_04316.jpg,SRC_041,15.0,180.0,46.712049,N-summer,0.25,validation
sample_04317.jpg,SRC_092,5.0,180.0,57.429528,N-autumn,0.25,train
sample_04318.jpg,SRC_168,90.0,0.0,64.709631,N-summer,0.25,validation
sample_04319.jpg,SRC_030,-25.0,180.0,67.936804,N-spring,0.5,train
sample_04320.jpg,SRC_059,15.0,180.0,48.046698,N-summer,0.25,train
sample_04321.jpg,SRC_100,20.0,180.0,41.506528,N-spring,0.25,train
sample_04322.jpg,SRC_009,-25.0,180.0,73.827745,N-spring,0.5,train
sample_04323.jpg,SRC_133,-10.0,180.0,48.887369,N-spring,0.5,train
sample_04324.jpg,SRC_145,-5.0,180.0,52.15166,N-spring,0.25,train
sample_04325.jpg,SRC_084,-10.0,180.0,58.957849,N-summer,0.25,train
sample_04326.jpg,SRC_092,5.0,180.0,57.429528,N-autumn,0.25,train
sample_04327.jpg,SRC_004,30.0,180.0,61.107468,N-autumn,0.5,train
sample_04328.jpg,SRC_144,-35.0,180.0,76.731052,N-spring,0.5,train
sample_04329.jpg,SRC_009,-25.0,180.0,73.827745,N-spring,0.5,train
sample_04330.jpg,SRC_013,50.0,180.0,54.051464,N-spring,0.5,train
sample_04331.jpg,SRC_035,0.0,180.0,56.990187,N-autumn,0.25,train
sample_04332.jpg,SRC_114,-10.0,180.0,58.176498,N-autumn,0.5,train
sample_04333.jpg,SRC_142,-30.0,180.0,34.276784,N-winter,0.25,train
sample_04334.jpg,SRC_108,-40.0,180.0,68.856247,N-summer,0.5,calibration
sample_04335.jpg,SRC_009,-25.0,180.0,73.827745,N-spring,0.5,train
sample_04336.jpg,SRC_038,-15.0,180.0,32.097448,N-winter,0.25,train
sample_04337.jpg,SRC_004,30.0,180.0,61.107468,N-autumn,0.5,train
sample_04338.jpg,SRC_120,90.0,0.0,69.983669,N-summer,0.25,train
sample_04339.jpg,SRC_005,0.0,180.0,55.846781,N-summer,0.5,validation
sample_04340.jpg,SRC_047,0.0,180.0,48.028677,N-spring,0.5,validation
sample_04341.jpg,SRC_071,20.0,180.0,40.070501,N-spring,0.25,train
sample_04342.jpg,SRC_030,-25.0,180.0,67.936804,N-spring,0.5,train
sample_04343.jpg,SRC_042,10.0,180.0,36.92431,N-spring,0.5,calibration
sample_04344.jpg,SRC_046,0.0,180.0,58.061031,N-autumn,0.25,calibration
sample_04345.jpg,SRC_094,20.0,180.0,66.934532,N-autumn,0.25,train
sample_04346.jpg,SRC_095,-20.0,180.0,56.495654,N-spring,0.5,validation
sample_04347.jpg,SRC_005,0.0,180.0,55.846781,N-summer,0.5,validation
sample_04348.jpg,SRC_071,20.0,180.0,40.070501,N-spring,0.25,train
sample_04349.jpg,SRC_004,30.0,180.0,61.107468,N-autumn,0.5,train
sample_04350.jpg,SRC_076,25.0,180.0,63.632584,N-autumn,0.25,train
sample_04351.jpg,SRC_108,-40.0,180.0,68.856247,N-summer,0.5,calibration
sample_04352.jpg,SRC_028,10.0,180.0,42.894848,N-spring,0.25,calibration
sample_04353.jpg,SRC_006,-15.0,180.0,65.638079,N-spring,0.5,train
sample_04354.jpg,SRC_108,-40.0,180.0,68.856247,N-summer,0.5,calibration
sample_04355.jpg,SRC_020,35.0,180.0,42.075965,N-summer,0.25,calibration
sample_04356.jpg,SRC_046,0.0,180.0,58.061031,N-autumn,0.25,calibration
sample_04357.jpg,SRC_126,-20.0,180.0,68.779144,N-summer,0.5,train
sample_04358.jpg,SRC_100,20.0,180.0,41.506528,N-spring,0.25,train
sample_04359.jpg,SRC_022,20.0,180.0,41.513642,N-spring,0.25,train
sample_04360.jpg,SRC_151,-15.0,180.0,63.408071,N-summer,0.5,validation
sample_04361.jpg,SRC_071,20.0,180.0,40.070501,N-spring,0.25,train
sample_04362.jpg,SRC_063,25.0,180.0,41.329237,N-spring,0.25,train
sample_04363.jpg,SRC_041,15.0,180.0,46.712049,N-summer,0.25,validation
sample_04364.jpg,SRC_151,-15.0,180.0,63.408071,N-summer,0.5,validation
sample_04365.jpg,SRC_134,-30.0,180.0,69.607895,N-spring,0.5,train
sample_04366.jpg,SRC_115,25.0,180.0,41.8845,N-spring,0.25,train
sample_04367.jpg,SRC_009,-25.0,180.0,73.827745,N-spring,0.5,train
sample_04368.jpg,SRC_059,15.0,180.0,48.046698,N-summer,0.25,train
sample_04369.jpg,SRC_021,-90.0,0.0,68.040851,N-autumn,0.5,train
sample_04370.jpg,SRC_057,-5.0,180.0,57.599617,N-summer,0.25,calibration
sample_04371.jpg,SRC_099,15.0,180.0,42.024472,N-spring,0.5,train
sample_04372.jpg,SRC_124,0.0,180.0,51.928413,N-summer,0.25,train
sample_04373.jpg,SRC_108,-40.0,180.0,68.856247,N-summer,0.5,calibration
sample_04374.jpg,SRC_168,90.0,0.0,64.709631,N-summer,0.25,validation
sample_04375.jpg,SRC_084,-10.0,180.0,58.957849,N-summer,0.25,train
sample_04376.jpg,SRC_051,20.0,180.0,63.609319,N-autumn,0.5,train
sample_04377.jpg,SRC_121,25.0,180.0,67.446292,N-autumn,0.5,train
sample_04378.jpg,SRC_006,-15.0,180.0,65.638079,N-spring,0.5,train
sample_04379.jpg,SRC_128,90.0,0.0,56.634817,N-spring,0.5,train
sample_04380.jpg,SRC_022,20.0,180.0,41.513642,N-spring,0.25,train
sample_04381.jpg,SRC_013,50.0,180.0,54.051464,N-spring,0.5,train
sample_04382.jpg,SRC_136,-35.0,180.0,76.922409,N-spring,0.5,train
sample_04383.jpg,SRC_009,-25.0,180.0,73.827745,N-spring,0.5,train
sample_04384.jpg,SRC_089,10.0,180.0,48.442522,N-winter,0.25,calibration
sample_04385.jpg,SRC_131,10.0,180.0,60.540464,N-autumn,0.5,train
sample_04386.jpg,SRC_056,-40.0,180.0,74.660587,N-summer,0.5,train
sample_04387.jpg,SRC_071,20.0,180.0,40.070501,N-spring,0.25,train
sample_04388.jpg,SRC_055,-5.0,180.0,57.335076,N-spring,0.25,train
sample_04389.jpg,SRC_023,-10.0,180.0,50.837437,N-spring,0.25,train
sample_04390.jpg,SRC_015,20.0,180.0,46.484204,N-summer,0.25,train
sample_04391.jpg,SRC_108,-40.0,180.0,68.856247,N-summer,0.5,calibration
sample_04392.jpg,SRC_030,-25.0,180.0,67.936804,N-spring,0.5,train
sample_04393.jpg,SRC_101,5.0,180.0,48.479381,N-winter,0.25,validation
sample_04394.jpg,SRC_020,35.0,180.0,42.075965,N-summer,0.25,calibration
sample_04395.jpg,SRC_169,40.0,180.0,48.615664,N-summer,0.25,train
sample_04396.jpg,SRC_001,-5.0,180.0,51.987197,N-spring,0.5,train
sample_04397.jpg,SRC_146,10.0,180.0,58.0428,N-summer,0.5,train
sample_04398.jpg,SRC_022,20.0,180.0,41.513642,N-spring,0.25,train
sample_04399.jpg,SRC_114,-10.0,180.0,58.176498,N-autumn,0.5,train
sample_04400.jpg,SRC_143,90.0,0.0,68.916652,N-spring,0.5,train
sample_04401.jpg,SRC_142,-30.0,180.0,34.276784,N-winter,0.25,train
sample_04402.jpg,SRC_115,25.0,180.0,41.8845,N-spring,0.25,train
sample_04403.jpg,SRC_112,-30.0,180.0,67.516648,N-spring,0.5,train
sample_04404.jpg,SRC_096,25.0,180.0,40.422288,N-spring,0.25,train
sample_04405.jpg,SRC_032,-5.0,180.0,52.490186,N-spring,0.25,validation
sample_04406.jpg,SRC_027,35.0,180.0,41.369436,N-spring,0.5,train
sample_04407.jpg,SRC_016,10.0,180.0,55.552023,N-winter,0.5,calibration
sample_04408.jpg,SRC_067,-15.0,180.0,64.724247,N-spring,0.5,calibration
sample_04409.jpg,SRC_119,90.0,0.0,58.642683,N-spring,0.25,calibration
sample_04410.jpg,SRC_109,50.0,180.0,54.137665,N-summer,0.25,validation
sample_04411.jpg,SRC_112,-30.0,180.0,67.516648,N-spring,0.5,train
sample_04412.jpg,SRC_001,-5.0,180.0,51.987197,N-spring,0.5,train
sample_04413.jpg,SRC_122,-5.0,180.0,57.310506,N-summer,0.25,train
sample_04414.jpg,SRC_168,90.0,0.0,64.709631,N-summer,0.25,validation
sample_04415.jpg,SRC_134,-30.0,180.0,69.607895,N-spring,0.5,train
sample_04416.jpg,SRC_149,90.0,0.0,55.701783,N-summer,0.25,train
sample_04417.jpg,SRC_050,0.0,180.0,53.680047,N-summer,0.25,calibration
sample_04418.jpg,SRC_109,50.0,180.0,54.137665,N-summer,0.25,validation
sample_04419.jpg,SRC_121,25.0,180.0,67.446292,N-autumn,0.5,train
sample_04420.jpg,SRC_153,-40.0,180.0,43.960452,N-autumn,0.25,train
sample_04421.jpg,SRC_040,90.0,0.0,57.651744,N-spring,0.5,train
sample_04422.jpg,SRC_052,5.0,180.0,51.705435,N-summer,0.25,train
sample_04423.jpg,SRC_169,40.0,180.0,48.615664,N-summer,0.25,train
sample_04424.jpg,SRC_050,0.0,180.0,53.680047,N-summer,0.25,calibration
sample_04425.jpg,SRC_165,10.0,180.0,42.451267,N-winter,0.25,train
sample_04426.jpg,SRC_027,35.0,180.0,41.369436,N-spring,0.5,train
sample_04427.jpg,SRC_158,-5.0,180.0,35.954137,N-winter,0.25,train
sample_04428.jpg,SRC_042,10.0,180.0,36.92431,N-spring,0.5,calibration
sample_04429.jpg,SRC_153,-40.0,180.0,43.960452,N-autumn,0.25,train
sample_04430.jpg,SRC_115,25.0,180.0,41.8845,N-spring,0.25,train
sample_04431.jpg,SRC_108,-40.0,180.0,68.856247,N-summer,0.5,calibration
sample_04432.jpg,SRC_095,-20.0,180.0,56.495654,N-spring,0.5,validation
sample_04433.jpg,SRC_012,-90.0,0.0,85.677016,N-autumn,0.5,train
sample_04434.jpg,SRC_042,10.0,180.0,36.92431,N-spring,0.5,calibration
sample_04435.jpg,SRC_141,-10.0,180.0,55.206291,N-spring,0.25,train
sample_04436.jpg,SRC_095,-20.0,180.0,56.495654,N-spring,0.5,validation
sample_04437.jpg,SRC_084,-10.0,180.0,58.957849,N-summer,0.25,train
sample_04438.jpg,SRC_088,0.0,180.0,53.004483,N-summer,0.25,train
sample_04439.jpg,SRC_112,-30.0,180.0,67.516648,N-spring,0.5,train
sample_04440.jpg,SRC_112,-30.0,180.0,67.516648,N-spring,0.5,train
sample_04441.jpg,SRC_056,-40.0,180.0,74.660587,N-summer,0.5,train
sample_04442.jpg,SRC_108,-40.0,180.0,68.856247,N-summer,0.5,calibration
sample_04443.jpg,SRC_037,15.0,180.0,44.468297,N-spring,0.25,train
sample_04444.jpg,SRC_138,25.0,180.0,44.714676,N-summer,0.25,train
sample_04445.jpg,SRC_093,-25.0,180.0,43.343655,N-autumn,0.5,calibration
sample_04446.jpg,SRC_169,40.0,180.0,48.615664,N-summer,0.25,train
sample_04447.jpg,SRC_095,-20.0,180.0,56.495654,N-spring,0.5,validation
sample_04448.jpg,SRC_096,25.0,180.0,40.422288,N-spring,0.25,train
sample_04449.jpg,SRC_043,10.0,180.0,50.433279,N-summer,0.5,train
sample_04450.jpg,SRC_156,10.0,180.0,48.737382,N-summer,0.25,validation
sample_04451.jpg,SRC_146,10.0,180.0,58.0428,N-summer,0.5,train
sample_04452.jpg,SRC_108,-40.0,180.0,68.856247,N-summer,0.5,calibration
sample_04453.jpg,SRC_006,-15.0,180.0,65.638079,N-spring,0.5,train
sample_04454.jpg,SRC_169,40.0,180.0,48.615664,N-summer,0.25,train
sample_04455.jpg,SRC_103,-35.0,180.0,57.090396,N-autumn,0.25,train
sample_04456.jpg,SRC_011,-20.0,180.0,70.371153,N-summer,0.25,train
sample_04457.jpg,SRC_076,25.0,180.0,63.632584,N-autumn,0.25,train
sample_04458.jpg,SRC_024,10.0,180.0,53.725813,N-summer,0.25,calibration
sample_04459.jpg,SRC_066,-10.0,180.0,61.81065,N-summer,0.5,calibration
sample_04460.jpg,SRC_095,-20.0,180.0,56.495654,N-spring,0.5,validation
sample_04461.jpg,SRC_021,-90.0,0.0,68.040851,N-autumn,0.5,train
sample_04462.jpg,SRC_070,60.0,180.0,58.788969,N-summer,0.5,train
sample_04463.jpg,SRC_027,35.0,180.0,41.369436,N-spring,0.5,train
sample_04464.jpg,SRC_109,50.0,180.0,54.137665,N-summer,0.25,validation
sample_04465.jpg,SRC_030,-25.0,180.0,67.936804,N-spring,0.5,train
sample_04466.jpg,SRC_014,-40.0,180.0,38.480327,N-winter,0.25,train
sample_04467.jpg,SRC_074,0.0,180.0,50.25459,N-spring,0.5,train
sample_04468.jpg,SRC_111,-35.0,180.0,79.069883,N-spring,1.0,train
sample_04469.jpg,SRC_030,-25.0,180.0,67.936804,N-spring,0.5,train
sample_04470.jpg,SRC_055,-5.0,180.0,57.335076,N-spring,0.25,train
sample_04471.jpg,SRC_165,10.0,180.0,42.451267,N-winter,0.25,train
sample_04472.jpg,SRC_171,-35.0,180.0,63.65778,N-spring,0.25,train
sample_04473.jpg,SRC_141,-10.0,180.0,55.206291,N-spring,0.25,train
sample_04474.jpg,SRC_085,0.0,180.0,39.187341,N-spring,0.25,train
sample_04475.jpg,SRC_074,0.0,180.0,50.25459,N-spring,0.5,train
sample_04476.jpg,SRC_108,-40.0,180.0,68.856247,N-summer,0.5,calibration
sample_04477.jpg,SRC_151,-15.0,180.0,63.408071,N-summer,0.5,validation
sample_04478.jpg,SRC_170,-20.0,180.0,56.332579,N-autumn,0.25,validation
sample_04479.jpg,SRC_087,0.0,180.0,54.65824,N-summer,0.25,calibration
sample_04480.jpg,SRC_106,25.0,180.0,40.638999,N-spring,0.5,validation
sample_04481.jpg,SRC_130,25.0,180.0,37.507656,N-spring,0.25,train
sample_04482.jpg,SRC_158,-5.0,180.0,35.954137,N-winter,0.25,train
sample_04483.jpg,SRC_113,-35.0,180.0,36.668707,N-winter,0.25,train
sample_04484.jpg,SRC_121,25.0,180.0,67.446292,N-autumn,0.5,train
sample_04485.jpg,SRC_116,5.0,180.0,41.203028,N-spring,0.25,calibration
sample_04486.jpg,SRC_045,-90.0,0.0,70.559818,N-autumn,0.25,train
sample_04487.jpg,SRC_080,-25.0,180.0,69.726065,N-summer,0.25,train
sample_04488.jpg,SRC_092,5.0,180.0,57.429528,N-autumn,0.25,train
sample_04489.jpg,SRC_047,0.0,180.0,48.028677,N-spring,0.5,validation
sample_04490.jpg,SRC_115,25.0,180.0,41.8845,N-spring,0.25,train
sample_04491.jpg,SRC_135,5.0,180.0,41.328761,N-winter,0.5,train
sample_04492.jpg,SRC_121,25.0,180.0,67.446292,N-autumn,0.5,train
sample_04493.jpg,SRC_160,-10.0,180.0,50.604377,N-autumn,0.25,train
sample_04494.jpg,SRC_164,20.0,180.0,59.226879,N-autumn,0.25,train
sample_04495.jpg,SRC_093,-25.0,180.0,43.343655,N-autumn,0.5,calibration
sample_04496.jpg,SRC_133,-10.0,180.0,48.887369,N-spring,0.5,train
sample_04497.jpg,SRC_091,-40.0,180.0,72.511342,N-summer,0.5,train
sample_04498.jpg,SRC_145,-5.0,180.0,52.15166,N-spring,0.25,train
sample_04499.jpg,SRC_020,35.0,180.0,42.075965,N-summer,0.25,calibration
sample_04500.jpg,SRC_004,30.0,180.0,61.107468,N-autumn,0.5,train
sample_04501.jpg,SRC_088,0.0,180.0,53.004483,N-summer,0.25,train
sample_04502.jpg,SRC_112,-30.0,180.0,67.516648,N-spring,0.5,train
sample_04503.jpg,SRC_051,20.0,180.0,63.609319,N-autumn,0.5,train
sample_04504.jpg,SRC_013,50.0,180.0,54.051464,N-spring,0.5,train
sample_04505.jpg,SRC_049,5.0,180.0,42.94902,N-spring,0.25,train
sample_04506.jpg,SRC_111,-35.0,180.0,79.069883,N-spring,1.0,train
sample_04507.jpg,SRC_145,-5.0,180.0,52.15166,N-spring,0.25,train
sample_04508.jpg,SRC_003,0.0,180.0,38.090051,N-spring,0.25,validation
sample_04509.jpg,SRC_009,-25.0,180.0,73.827745,N-spring,0.5,train
sample_04510.jpg,SRC_133,-10.0,180.0,48.887369,N-spring,0.5,train
sample_04511.jpg,SRC_148,-15.0,180.0,49.227137,N-autumn,0.25,train
sample_04512.jpg,SRC_030,-25.0,180.0,67.936804,N-spring,0.5,train
sample_04513.jpg,SRC_144,-35.0,180.0,76.731052,N-spring,0.5,train
sample_04514.jpg,SRC_018,-90.0,0.0,67.882485,N-winter,0.25,train
sample_04515.jpg,SRC_030,-25.0,180.0,67.936804,N-spring,0.5,train
sample_04516.jpg,SRC_067,-15.0,180.0,64.724247,N-spring,0.5,calibration
sample_04517.jpg,SRC_104,25.0,180.0,45.102036,N-summer,0.5,validation
sample_04518.jpg,SRC_015,20.0,180.0,46.484204,N-summer,0.25,train
sample_04519.jpg,SRC_142,-30.0,180.0,34.276784,N-winter,0.25,train
sample_04520.jpg,SRC_124,0.0,180.0,51.928413,N-summer,0.25,train
sample_04521.jpg,SRC_108,-40.0,180.0,68.856247,N-summer,0.5,calibration
sample_04522.jpg,SRC_168,90.0,0.0,64.709631,N-summer,0.25,validation
sample_04523.jpg,SRC_131,10.0,180.0,60.540464,N-autumn,0.5,train
sample_04524.jpg,SRC_151,-15.0,180.0,63.408071,N-summer,0.5,validation
sample_04525.jpg,SRC_066,-10.0,180.0,61.81065,N-summer,0.5,calibration
sample_04526.jpg,SRC_103,-35.0,180.0,57.090396,N-autumn,0.25,train
sample_04527.jpg,SRC_096,25.0,180.0,40.422288,N-spring,0.25,train
sample_04528.jpg,SRC_039,90.0,0.0,70.63275,N-summer,0.5,calibration
sample_04529.jpg,SRC_150,10.0,180.0,50.798821,N-summer,0.5,train
sample_04530.jpg,SRC_036,5.0,180.0,52.749586,N-summer,0.25,train
sample_04531.jpg,SRC_145,-5.0,180.0,52.15166,N-spring,0.25,train
sample_04532.jpg,SRC_001,-5.0,180.0,51.987197,N-spring,0.5,train
sample_04533.jpg,SRC_091,-40.0,180.0,72.511342,N-summer,0.5,train
sample_04534.jpg,SRC_074,0.0,180.0,50.25459,N-spring,0.5,train
sample_04535.jpg,SRC_058,30.0,180.0,69.060883,N-autumn,0.5,train
sample_04536.jpg,SRC_013,50.0,180.0,54.051464,N-spring,0.5,train
sample_04537.jpg,SRC_059,15.0,180.0,48.046698,N-summer,0.25,train
sample_04538.jpg,SRC_021,-90.0,0.0,68.040851,N-autumn,0.5,train
sample_04539.jpg,SRC_092,5.0,180.0,57.429528,N-autumn,0.25,train
sample_04540.jpg,SRC_140,35.0,180.0,44.85556,N-spring,0.25,train
sample_04541.jpg,SRC_140,35.0,180.0,44.85556,N-spring,0.25,train
sample_04542.jpg,SRC_115,25.0,180.0,41.8845,N-spring,0.25,train
sample_04543.jpg,SRC_036,5.0,180.0,52.749586,N-summer,0.25,train
sample_04544.jpg,SRC_103,-35.0,180.0,57.090396,N-autumn,0.25,train
sample_04545.jpg,SRC_124,0.0,180.0,51.928413,N-summer,0.25,train
sample_04546.jpg,SRC_171,-35.0,180.0,63.65778,N-spring,0.25,train
sample_04547.jpg,SRC_008,25.0,180.0,61.005891,N-autumn,0.25,validation
sample_04548.jpg,SRC_027,35.0,180.0,41.369436,N-spring,0.5,train
sample_04549.jpg,SRC_056,-40.0,180.0,74.660587,N-summer,0.5,train
sample_04550.jpg,SRC_067,-15.0,180.0,64.724247,N-spring,0.5,calibration
sample_04551.jpg,SRC_010,90.0,0.0,74.440619,N-summer,0.5,calibration
sample_04552.jpg,SRC_040,90.0,0.0,57.651744,N-spring,0.5,train
sample_04553.jpg,SRC_051,20.0,180.0,63.609319,N-autumn,0.5,train
sample_04554.jpg,SRC_041,15.0,180.0,46.712049,N-summer,0.25,validation
sample_04555.jpg,SRC_114,-10.0,180.0,58.176498,N-autumn,0.5,train
sample_04556.jpg,SRC_092,5.0,180.0,57.429528,N-autumn,0.25,train
sample_04557.jpg,SRC_151,-15.0,180.0,63.408071,N-summer,0.5,validation
sample_04558.jpg,SRC_006,-15.0,180.0,65.638079,N-spring,0.5,train
sample_04559.jpg,SRC_091,-40.0,180.0,72.511342,N-summer,0.5,train
sample_04560.jpg,SRC_008,25.0,180.0,61.005891,N-autumn,0.25,validation
sample_04561.jpg,SRC_013,50.0,180.0,54.051464,N-spring,0.5,train
sample_04562.jpg,SRC_084,-10.0,180.0,58.957849,N-summer,0.25,train
sample_04563.jpg,SRC_047,0.0,180.0,48.028677,N-spring,0.5,validation
sample_04564.jpg,SRC_156,10.0,180.0,48.737382,N-summer,0.25,validation
sample_04565.jpg,SRC_168,90.0,0.0,64.709631,N-summer,0.25,validation
sample_04566.jpg,SRC_106,25.0,180.0,40.638999,N-spring,0.5,validation
sample_04567.jpg,SRC_005,0.0,180.0,55.846781,N-summer,0.5,validation
sample_04568.jpg,SRC_140,35.0,180.0,44.85556,N-spring,0.25,train
sample_04569.jpg,SRC_014,-40.0,180.0,38.480327,N-winter,0.25,train
sample_04570.jpg,SRC_035,0.0,180.0,56.990187,N-autumn,0.25,train
sample_04571.jpg,SRC_114,-10.0,180.0,58.176498,N-autumn,0.5,train
sample_04572.jpg,SRC_076,25.0,180.0,63.632584,N-autumn,0.25,train
sample_04573.jpg,SRC_009,-25.0,180.0,73.827745,N-spring,0.5,train
sample_04574.jpg,SRC_087,0.0,180.0,54.65824,N-summer,0.25,calibration
sample_04575.jpg,SRC_040,90.0,0.0,57.651744,N-spring,0.5,train
sample_04576.jpg,SRC_115,25.0,180.0,41.8845,N-spring,0.25,train
sample_04577.jpg,SRC_062,45.0,180.0,81.508965,N-autumn,0.5,train
sample_04578.jpg,SRC_109,50.0,180.0,54.137665,N-summer,0.25,validation
sample_04579.jpg,SRC_004,30.0,180.0,61.107468,N-autumn,0.5,train
sample_04580.jpg,SRC_127,-35.0,180.0,47.507974,N-autumn,0.5,validation
sample_04581.jpg,SRC_062,45.0,180.0,81.508965,N-autumn,0.5,train
sample_04582.jpg,SRC_169,40.0,180.0,48.615664,N-summer,0.25,train
sample_04583.jpg,SRC_034,40.0,180.0,46.055099,N-summer,0.25,validation
sample_04584.jpg,SRC_065,30.0,180.0,68.700871,N-winter,0.5,train
sample_04585.jpg,SRC_076,25.0,180.0,63.632584,N-autumn,0.25,train
sample_04586.jpg,SRC_022,20.0,180.0,41.513642,N-spring,0.25,train
sample_04587.jpg,SRC_026,90.0,0.0,57.238404,N-spring,0.25,calibration
sample_04588.jpg,SRC_133,-10.0,180.0,48.887369,N-spring,0.5,train
sample_04589.jpg,SRC_089,10.0,180.0,48.442522,N-winter,0.25,calibration
sample_04590.jpg,SRC_095,-20.0,180.0,56.495654,N-spring,0.5,validation
sample_04591.jpg,SRC_056,-40.0,180.0,74.660587,N-summer,0.5,train
sample_04592.jpg,SRC_135,5.0,180.0,41.328761,N-winter,0.5,train
sample_04593.jpg,SRC_061,50.0,180.0,43.110277,N-spring,0.5,train
sample_04594.jpg,SRC_083,0.0,180.0,55.378885,N-spring,0.25,calibration
sample_04595.jpg,SRC_042,10.0,180.0,36.92431,N-spring,0.5,calibration
sample_04596.jpg,SRC_037,15.0,180.0,44.468297,N-spring,0.25,train
sample_04597.jpg,SRC_092,5.0,180.0,57.429528,N-autumn,0.25,train
sample_04598.jpg,SRC_072,15.0,180.0,46.966801,N-winter,0.25,train
sample_04599.jpg,SRC_140,35.0,180.0,44.85556,N-spring,0.25,train
sample_04600.jpg,SRC_040,90.0,0.0,57.651744,N-spring,0.5,train
sample_04601.jpg,SRC_043,10.0,180.0,50.433279,N-summer,0.5,train
sample_04602.jpg,SRC_030,-25.0,180.0,67.936804,N-spring,0.5,train
sample_04603.jpg,SRC_124,0.0,180.0,51.928413,N-summer,0.25,train
sample_04604.jpg,SRC_134,-30.0,180.0,69.607895,N-spring,0.5,train
sample_04605.jpg,SRC_030,-25.0,180.0,67.936804,N-spring,0.5,train
sample_04606.jpg,SRC_076,25.0,180.0,63.632584,N-autumn,0.25,train
sample_04607.jpg,SRC_124,0.0,180.0,51.928413,N-summer,0.25,train
sample_04608.jpg,SRC_144,-35.0,180.0,76.731052,N-spring,0.5,train
sample_04609.jpg,SRC_131,10.0,180.0,60.540464,N-autumn,0.5,train
sample_04610.jpg,SRC_049,5.0,180.0,42.94902,N-spring,0.25,train
sample_04611.jpg,SRC_091,-40.0,180.0,72.511342,N-summer,0.5,train
sample_04612.jpg,SRC_047,0.0,180.0,48.028677,N-spring,0.5,validation
sample_04613.jpg,SRC_121,25.0,180.0,67.446292,N-autumn,0.5,train
sample_04614.jpg,SRC_030,-25.0,180.0,67.936804,N-spring,0.5,train
sample_04615.jpg,SRC_114,-10.0,180.0,58.176498,N-autumn,0.5,train
sample_04616.jpg,SRC_004,30.0,180.0,61.107468,N-autumn,0.5,train
sample_04617.jpg,SRC_151,-15.0,180.0,63.408071,N-summer,0.5,validation
sample_04618.jpg,SRC_076,25.0,180.0,63.632584,N-autumn,0.25,train
sample_04619.jpg,SRC_013,50.0,180.0,54.051464,N-spring,0.5,train
sample_04620.jpg,SRC_030,-25.0,180.0,67.936804,N-spring,0.5,train
sample_04621.jpg,SRC_092,5.0,180.0,57.429528,N-autumn,0.25,train
sample_04622.jpg,SRC_044,-90.0,0.0,81.862162,N-autumn,0.5,train
sample_04623.jpg,SRC_013,50.0,180.0,54.051464,N-spring,0.5,train
sample_04624.jpg,SRC_097,0.0,180.0,35.318175,N-winter,0.25,train
sample_04625.jpg,SRC_103,-35.0,180.0,57.090396,N-autumn,0.25,train
sample_04626.jpg,SRC_115,25.0,180.0,41.8845,N-spring,0.25,train
sample_04627.jpg,SRC_084,-10.0,180.0,58.957849,N-summer,0.25,train
sample_04628.jpg,SRC_043,10.0,180.0,50.433279,N-summer,0.5,train
sample_04629.jpg,SRC_039,90.0,0.0,70.63275,N-summer,0.5,calibration
sample_04630.jpg,SRC_098,-45.0,180.0,70.730178,N-summer,0.25,train
sample_04631.jpg,SRC_011,-20.0,180.0,70.371153,N-summer,0.25,train
sample_04632.jpg,SRC_022,20.0,180.0,41.513642,N-spring,0.25,train
sample_04633.jpg,SRC_004,30.0,180.0,61.107468,N-autumn,0.5,train
sample_04634.jpg,SRC_108,-40.0,180.0,68.856247,N-summer,0.5,calibration
sample_04635.jpg,SRC_141,-10.0,180.0,55.206291,N-spring,0.25,train
sample_04636.jpg,SRC_066,-10.0,180.0,61.81065,N-summer,0.5,calibration
sample_04637.jpg,SRC_121,25.0,180.0,67.446292,N-autumn,0.5,train
sample_04638.jpg,SRC_108,-40.0,180.0,68.856247,N-summer,0.5,calibration
sample_04639.jpg,SRC_133,-10.0,180.0,48.887369,N-spring,0.5,train
sample_04640.jpg,SRC_095,-20.0,180.0,56.495654,N-spring,0.5,validation
sample_04641.jpg,SRC_124,0.0,180.0,51.928413,N-summer,0.25,train
sample_04642.jpg,SRC_108,-40.0,180.0,68.856247,N-summer,0.5,calibration
sample_04643.jpg,SRC_091,-40.0,180.0,72.511342,N-summer,0.5,train
sample_04644.jpg,SRC_108,-40.0,180.0,68.856247,N-summer,0.5,calibration
sample_04645.jpg,SRC_003,0.0,180.0,38.090051,N-spring,0.25,validation
sample_04646.jpg,SRC_123,0.0,180.0,54.598149,N-autumn,0.5,train
sample_04647.jpg,SRC_069,25.0,180.0,48.120522,N-summer,0.5,train
sample_04648.jpg,SRC_022,20.0,180.0,41.513642,N-spring,0.25,train
sample_04649.jpg,SRC_112,-30.0,180.0,67.516648,N-spring,0.5,train
sample_04650.jpg,SRC_069,25.0,180.0,48.120522,N-summer,0.5,train
sample_04651.jpg,SRC_112,-30.0,180.0,67.516648,N-spring,0.5,train
sample_04652.jpg,SRC_065,30.0,180.0,68.700871,N-winter,0.5,train
sample_04653.jpg,SRC_009,-25.0,180.0,73.827745,N-spring,0.5,train
sample_04654.jpg,SRC_005,0.0,180.0,55.846781,N-summer,0.5,validation
sample_04655.jpg,SRC_008,25.0,180.0,61.005891,N-autumn,0.25,validation
sample_04656.jpg,SRC_037,15.0,180.0,44.468297,N-spring,0.25,train
sample_04657.jpg,SRC_123,0.0,180.0,54.598149,N-autumn,0.5,train
sample_04658.jpg,SRC_124,0.0,180.0,51.928413,N-summer,0.25,train
sample_04659.jpg,SRC_013,50.0,180.0,54.051464,N-spring,0.5,train
sample_04660.jpg,SRC_170,-20.0,180.0,56.332579,N-autumn,0.25,validation
sample_04661.jpg,SRC_113,-35.0,180.0,36.668707,N-winter,0.25,train
sample_04662.jpg,SRC_062,45.0,180.0,81.508965,N-autumn,0.5,train
sample_04663.jpg,SRC_005,0.0,180.0,55.846781,N-summer,0.5,validation
sample_04664.jpg,SRC_004,30.0,180.0,61.107468,N-autumn,0.5,train
sample_04665.jpg,SRC_071,20.0,180.0,40.070501,N-spring,0.25,train
sample_04666.jpg,SRC_030,-25.0,180.0,67.936804,N-spring,0.5,train
sample_04667.jpg,SRC_108,-40.0,180.0,68.856247,N-summer,0.5,calibration
sample_04668.jpg,SRC_006,-15.0,180.0,65.638079,N-spring,0.5,train
sample_04669.jpg,SRC_027,35.0,180.0,41.369436,N-spring,0.5,train
sample_04670.jpg,SRC_144,-35.0,180.0,76.731052,N-spring,0.5,train
sample_04671.jpg,SRC_051,20.0,180.0,63.609319,N-autumn,0.5,train
sample_04672.jpg,SRC_067,-15.0,180.0,64.724247,N-spring,0.5,calibration
sample_04673.jpg,SRC_030,-25.0,180.0,67.936804,N-spring,0.5,train
sample_04674.jpg,SRC_154,0.0,180.0,54.770875,N-summer,0.5,train
sample_04675.jpg,SRC_142,-30.0,180.0,34.276784,N-winter,0.25,train
sample_04676.jpg,SRC_092,5.0,180.0,57.429528,N-autumn,0.25,train
sample_04677.jpg,SRC_109,50.0,180.0,54.137665,N-summer,0.25,validation
sample_04678.jpg,SRC_166,90.0,0.0,60.094207,N-spring,0.5,validation
sample_04679.jpg,SRC_038,-15.0,180.0,32.097448,N-winter,0.25,train
sample_04680.jpg,SRC_168,90.0,0.0,64.709631,N-summer,0.25,validation
sample_04681.jpg,SRC_096,25.0,180.0,40.422288,N-spring,0.25,train
sample_04682.jpg,SRC_151,-15.0,180.0,63.408071,N-summer,0.5,validation
sample_04683.jpg,SRC_170,-20.0,180.0,56.332579,N-autumn,0.25,validation
sample_04684.jpg,SRC_146,10.0,180.0,58.0428,N-summer,0.5,train
sample_04685.jpg,SRC_133,-10.0,180.0,48.887369,N-spring,0.5,train
sample_04686.jpg,SRC_121,25.0,180.0,67.446292,N-autumn,0.5,train
sample_04687.jpg,SRC_111,-35.0,180.0,79.069883,N-spring,1.0,train
sample_04688.jpg,SRC_115,25.0,180.0,41.8845,N-spring,0.25,train
sample_04689.jpg,SRC_109,50.0,180.0,54.137665,N-summer,0.25,validation
sample_04690.jpg,SRC_111,-35.0,180.0,79.069883,N-spring,1.0,train
sample_04691.jpg,SRC_115,25.0,180.0,41.8845,N-spring,0.25,train
sample_04692.jpg,SRC_037,15.0,180.0,44.468297,N-spring,0.25,train
sample_04693.jpg,SRC_006,-15.0,180.0,65.638079,N-spring,0.5,train
sample_04694.jpg,SRC_134,-30.0,180.0,69.607895,N-spring,0.5,train
sample_04695.jpg,SRC_009,-25.0,180.0,73.827745,N-spring,0.5,train
sample_04696.jpg,SRC_039,90.0,0.0,70.63275,N-summer,0.5,calibration
sample_04697.jpg,SRC_112,-30.0,180.0,67.516648,N-spring,0.5,train
sample_04698.jpg,SRC_084,-10.0,180.0,58.957849,N-summer,0.25,train
sample_04699.jpg,SRC_122,-5.0,180.0,57.310506,N-summer,0.25,train
sample_04700.jpg,SRC_108,-40.0,180.0,68.856247,N-summer,0.5,calibration
sample_04701.jpg,SRC_108,-40.0,180.0,68.856247,N-summer,0.5,calibration
sample_04702.jpg,SRC_003,0.0,180.0,38.090051,N-spring,0.25,validation
sample_04703.jpg,SRC_013,50.0,180.0,54.051464,N-spring,0.5,train
sample_04704.jpg,SRC_148,-15.0,180.0,49.227137,N-autumn,0.25,train
sample_04705.jpg,SRC_003,0.0,180.0,38.090051,N-spring,0.25,validation
sample_04706.jpg,SRC_004,30.0,180.0,61.107468,N-autumn,0.5,train
sample_04707.jpg,SRC_098,-45.0,180.0,70.730178,N-summer,0.25,train
sample_04708.jpg,SRC_112,-30.0,180.0,67.516648,N-spring,0.5,train
sample_04709.jpg,SRC_126,-20.0,180.0,68.779144,N-summer,0.5,train
sample_04710.jpg,SRC_051,20.0,180.0,63.609319,N-autumn,0.5,train
sample_04711.jpg,SRC_106,25.0,180.0,40.638999,N-spring,0.5,validation
sample_04712.jpg,SRC_118,35.0,180.0,49.493581,N-summer,0.25,train
sample_04713.jpg,SRC_076,25.0,180.0,63.632584,N-autumn,0.25,train
sample_04714.jpg,SRC_106,25.0,180.0,40.638999,N-spring,0.5,validation
sample_04715.jpg,SRC_056,-40.0,180.0,74.660587,N-summer,0.5,train
sample_04716.jpg,SRC_015,20.0,180.0,46.484204,N-summer,0.25,train
sample_04717.jpg,SRC_053,-90.0,0.0,74.406575,N-winter,0.5,train
sample_04718.jpg,SRC_071,20.0,180.0,40.070501,N-spring,0.25,train
sample_04719.jpg,SRC_036,5.0,180.0,52.749586,N-summer,0.25,train
sample_04720.jpg,SRC_056,-40.0,180.0,74.660587,N-summer,0.5,train
sample_04721.jpg,SRC_058,30.0,180.0,69.060883,N-autumn,0.5,train
sample_04722.jpg,SRC_165,10.0,180.0,42.451267,N-winter,0.25,train
sample_04723.jpg,SRC_115,25.0,180.0,41.8845,N-spring,0.25,train
sample_04724.jpg,SRC_051,20.0,180.0,63.609319,N-autumn,0.5,train
sample_04725.jpg,SRC_006,-15.0,180.0,65.638079,N-spring,0.5,train
sample_04726.jpg,SRC_108,-40.0,180.0,68.856247,N-summer,0.5,calibration
sample_04727.jpg,SRC_158,-5.0,180.0,35.954137,N-winter,0.25,train
sample_04728.jpg,SRC_074,0.0,180.0,50.25459,N-spring,0.5,train
sample_04729.jpg,SRC_095,-20.0,180.0,56.495654,N-spring,0.5,validation
sample_04730.jpg,SRC_148,-15.0,180.0,49.227137,N-autumn,0.25,train
sample_04731.jpg,SRC_141,-10.0,180.0,55.206291,N-spring,0.25,train
sample_04732.jpg,SRC_065,30.0,180.0,68.700871,N-winter,0.5,train
sample_04733.jpg,SRC_124,0.0,180.0,51.928413,N-summer,0.25,train
sample_04734.jpg,SRC_124,0.0,180.0,51.928413,N-summer,0.25,train
sample_04735.jpg,SRC_169,40.0,180.0,48.615664,N-summer,0.25,train
sample_04736.jpg,SRC_115,25.0,180.0,41.8845,N-spring,0.25,train
sample_04737.jpg,SRC_123,0.0,180.0,54.598149,N-autumn,0.5,train
sample_04738.jpg,SRC_140,35.0,180.0,44.85556,N-spring,0.25,train
sample_04739.jpg,SRC_171,-35.0,180.0,63.65778,N-spring,0.25,train
sample_04740.jpg,SRC_101,5.0,180.0,48.479381,N-winter,0.25,validation
sample_04741.jpg,SRC_166,90.0,0.0,60.094207,N-spring,0.5,validation
sample_04742.jpg,SRC_103,-35.0,180.0,57.090396,N-autumn,0.25,train
sample_04743.jpg,SRC_158,-5.0,180.0,35.954137,N-winter,0.25,train
sample_04744.jpg,SRC_169,40.0,180.0,48.615664,N-summer,0.25,train
sample_04745.jpg,SRC_124,0.0,180.0,51.928413,N-summer,0.25,train
sample_04746.jpg,SRC_042,10.0,180.0,36.92431,N-spring,0.5,calibration
sample_04747.jpg,SRC_063,25.0,180.0,41.329237,N-spring,0.25,train
sample_04748.jpg,SRC_151,-15.0,180.0,63.408071,N-summer,0.5,validation
sample_04749.jpg,SRC_159,20.0,180.0,67.076816,N-autumn,0.25,train
sample_04750.jpg,SRC_150,10.0,180.0,50.798821,N-summer,0.5,train
sample_04751.jpg,SRC_037,15.0,180.0,44.468297,N-spring,0.25,train
sample_04752.jpg,SRC_091,-40.0,180.0,72.511342,N-summer,0.5,train
sample_04753.jpg,SRC_061,50.0,180.0,43.110277,N-spring,0.5,train
sample_04754.jpg,SRC_158,-5.0,180.0,35.954137,N-winter,0.25,train
sample_04755.jpg,SRC_158,-5.0,180.0,35.954137,N-winter,0.25,train
sample_04756.jpg,SRC_112,-30.0,180.0,67.516648,N-spring,0.5,train
sample_04757.jpg,SRC_050,0.0,180.0,53.680047,N-summer,0.25,calibration
sample_04758.jpg,SRC_006,-15.0,180.0,65.638079,N-spring,0.5,train
sample_04759.jpg,SRC_004,30.0,180.0,61.107468,N-autumn,0.5,train
sample_04760.jpg,SRC_103,-35.0,180.0,57.090396,N-autumn,0.25,train
sample_04761.jpg,SRC_171,-35.0,180.0,63.65778,N-spring,0.25,train
sample_04762.jpg,SRC_009,-25.0,180.0,73.827745,N-spring,0.5,train
sample_04763.jpg,SRC_076,25.0,180.0,63.632584,N-autumn,0.25,train
sample_04764.jpg,SRC_111,-35.0,180.0,79.069883,N-spring,1.0,train
sample_04765.jpg,SRC_022,20.0,180.0,41.513642,N-spring,0.25,train
sample_04766.jpg,SRC_035,0.0,180.0,56.990187,N-autumn,0.25,train
sample_04767.jpg,SRC_114,-10.0,180.0,58.176498,N-autumn,0.5,train
sample_04768.jpg,SRC_014,-40.0,180.0,38.480327,N-winter,0.25,train
sample_04769.jpg,SRC_095,-20.0,180.0,56.495654,N-spring,0.5,validation
sample_04770.jpg,SRC_069,25.0,180.0,48.120522,N-summer,0.5,train
sample_04771.jpg,SRC_100,20.0,180.0,41.506528,N-spring,0.25,train
sample_04772.jpg,SRC_001,-5.0,180.0,51.987197,N-spring,0.5,train
sample_04773.jpg,SRC_057,-5.0,180.0,57.599617,N-summer,0.25,calibration
sample_04774.jpg,SRC_006,-15.0,180.0,65.638079,N-spring,0.5,train
sample_04775.jpg,SRC_074,0.0,180.0,50.25459,N-spring,0.5,train
sample_04776.jpg,SRC_111,-35.0,180.0,79.069883,N-spring,1.0,train
sample_04777.jpg,SRC_139,40.0,180.0,53.533251,N-winter,0.25,train
sample_04778.jpg,SRC_093,-25.0,180.0,43.343655,N-autumn,0.5,calibration
sample_04779.jpg,SRC_109,50.0,180.0,54.137665,N-summer,0.25,validation
sample_04780.jpg,SRC_071,20.0,180.0,40.070501,N-spring,0.25,train
sample_04781.jpg,SRC_111,-35.0,180.0,79.069883,N-spring,1.0,train
sample_04782.jpg,SRC_022,20.0,180.0,41.513642,N-spring,0.25,train
sample_04783.jpg,SRC_070,60.0,180.0,58.788969,N-summer,0.5,train
sample_04784.jpg,SRC_087,0.0,180.0,54.65824,N-summer,0.25,calibration
sample_04785.jpg,SRC_009,-25.0,180.0,73.827745,N-spring,0.5,train
sample_04786.jpg,SRC_077,-5.0,180.0,34.299081,N-winter,0.25,train
sample_04787.jpg,SRC_075,-90.0,0.0,65.329336,N-winter,0.25,train
sample_04788.jpg,SRC_006,-15.0,180.0,65.638079,N-spring,0.5,train
sample_04789.jpg,SRC_093,-25.0,180.0,43.343655,N-autumn,0.5,calibration
sample_04790.jpg,SRC_133,-10.0,180.0,48.887369,N-spring,0.5,train
sample_04791.jpg,SRC_097,0.0,180.0,35.318175,N-winter,0.25,train
sample_04792.jpg,SRC_009,-25.0,180.0,73.827745,N-spring,0.5,train
sample_04793.jpg,SRC_020,35.0,180.0,42.075965,N-summer,0.25,calibration
sample_04794.jpg,SRC_030,-25.0,180.0,67.936804,N-spring,0.5,train
sample_04795.jpg,SRC_108,-40.0,180.0,68.856247,N-summer,0.5,calibration
sample_04796.jpg,SRC_037,15.0,180.0,44.468297,N-spring,0.25,train
sample_04797.jpg,SRC_065,30.0,180.0,68.700871,N-winter,0.5,train
sample_04798.jpg,SRC_169,40.0,180.0,48.615664,N-summer,0.25,train
sample_04799.jpg,SRC_096,25.0,180.0,40.422288,N-spring,0.25,train
sample_04800.jpg,SRC_146,10.0,180.0,58.0428,N-summer,0.5,train
sample_04801.jpg,SRC_037,15.0,180.0,44.468297,N-spring,0.25,train
sample_04802.jpg,SRC_103,-35.0,180.0,57.090396,N-autumn,0.25,train
sample_04803.jpg,SRC_133,-10.0,180.0,48.887369,N-spring,0.5,train
sample_04804.jpg,SRC_067,-15.0,180.0,64.724247,N-spring,0.5,calibration
sample_04805.jpg,SRC_095,-20.0,180.0,56.495654,N-spring,0.5,validation
sample_04806.jpg,SRC_051,20.0,180.0,63.609319,N-autumn,0.5,train
sample_04807.jpg,SRC_041,15.0,180.0,46.712049,N-summer,0.25,validation
sample_04808.jpg,SRC_107,20.0,180.0,65.68027,N-autumn,0.5,train
sample_04809.jpg,SRC_076,25.0,180.0,63.632584,N-autumn,0.25,train
sample_04810.jpg,SRC_130,25.0,180.0,37.507656,N-spring,0.25,train
sample_04811.jpg,SRC_027,35.0,180.0,41.369436,N-spring,0.5,train
sample_04812.jpg,SRC_113,-35.0,180.0,36.668707,N-winter,0.25,train
sample_04813.jpg,SRC_027,35.0,180.0,41.369436,N-spring,0.5,train
sample_04814.jpg,SRC_046,0.0,180.0,58.061031,N-autumn,0.25,calibration
sample_04815.jpg,SRC_049,5.0,180.0,42.94902,N-spring,0.25,train
sample_04816.jpg,SRC_051,20.0,180.0,63.609319,N-autumn,0.5,train
sample_04817.jpg,SRC_169,40.0,180.0,48.615664,N-summer,0.25,train
sample_04818.jpg,SRC_069,25.0,180.0,48.120522,N-summer,0.5,train
sample_04819.jpg,SRC_145,-5.0,180.0,52.15166,N-spring,0.25,train
sample_04820.jpg,SRC_101,5.0,180.0,48.479381,N-winter,0.25,validation
sample_04821.jpg,SRC_013,50.0,180.0,54.051464,N-spring,0.5,train
sample_04822.jpg,SRC_106,25.0,180.0,40.638999,N-spring,0.5,validation
sample_04823.jpg,SRC_017,-90.0,0.0,64.6979,N-winter,0.25,train
sample_04824.jpg,SRC_047,0.0,180.0,48.028677,N-spring,0.5,validation
sample_04825.jpg,SRC_022,20.0,180.0,41.513642,N-spring,0.25,train
sample_04826.jpg,SRC_043,10.0,180.0,50.433279,N-summer,0.5,train
sample_04827.jpg,SRC_063,25.0,180.0,41.329237,N-spring,0.25,train
sample_04828.jpg,SRC_027,35.0,180.0,41.369436,N-spring,0.5,train
sample_04829.jpg,SRC_049,5.0,180.0,42.94902,N-spring,0.25,train
sample_04830.jpg,SRC_067,-15.0,180.0,64.724247,N-spring,0.5,calibration
sample_04831.jpg,SRC_156,10.0,180.0,48.737382,N-summer,0.25,validation
sample_04832.jpg,SRC_103,-35.0,180.0,57.090396,N-autumn,0.25,train
sample_04833.jpg,SRC_099,15.0,180.0,42.024472,N-spring,0.5,train
sample_04834.jpg,SRC_049,5.0,180.0,42.94902,N-spring,0.25,train
sample_04835.jpg,SRC_114,-10.0,180.0,58.176498,N-autumn,0.5,train
sample_04836.jpg,SRC_098,-45.0,180.0,70.730178,N-summer,0.25,train
sample_04837.jpg,SRC_171,-35.0,180.0,63.65778,N-spring,0.25,train
sample_04838.jpg,SRC_097,0.0,180.0,35.318175,N-winter,0.25,train
sample_04839.jpg,SRC_076,25.0,180.0,63.632584,N-autumn,0.25,train
sample_04840.jpg,SRC_059,15.0,180.0,48.046698,N-summer,0.25,train
sample_04841.jpg,SRC_030,-25.0,180.0,67.936804,N-spring,0.5,train
sample_04842.jpg,SRC_103,-35.0,180.0,57.090396,N-autumn,0.25,train
sample_04843.jpg,SRC_103,-35.0,180.0,57.090396,N-autumn,0.25,train
sample_04844.jpg,SRC_006,-15.0,180.0,65.638079,N-spring,0.5,train
sample_04845.jpg,SRC_093,-25.0,180.0,43.343655,N-autumn,0.5,calibration
sample_04846.jpg,SRC_052,5.0,180.0,51.705435,N-summer,0.25,train
sample_04847.jpg,SRC_051,20.0,180.0,63.609319,N-autumn,0.5,train
sample_04848.jpg,SRC_009,-25.0,180.0,73.827745,N-spring,0.5,train
sample_04849.jpg,SRC_150,10.0,180.0,50.798821,N-summer,0.5,train
sample_04850.jpg,SRC_109,50.0,180.0,54.137665,N-summer,0.25,validation
sample_04851.jpg,SRC_108,-40.0,180.0,68.856247,N-summer,0.5,calibration
sample_04852.jpg,SRC_097,0.0,180.0,35.318175,N-winter,0.25,train
sample_04853.jpg,SRC_154,0.0,180.0,54.770875,N-summer,0.5,train
sample_04854.jpg,SRC_098,-45.0,180.0,70.730178,N-summer,0.25,train
sample_04855.jpg,SRC_047,0.0,180.0,48.028677,N-spring,0.5,validation
sample_04856.jpg,SRC_108,-40.0,180.0,68.856247,N-summer,0.5,calibration
sample_04857.jpg,SRC_047,0.0,180.0,48.028677,N-spring,0.5,validation
sample_04858.jpg,SRC_142,-30.0,180.0,34.276784,N-winter,0.25,train
sample_04859.jpg,SRC_124,0.0,180.0,51.928413,N-summer,0.25,train
sample_04860.jpg,SRC_046,0.0,180.0,58.061031,N-autumn,0.25,calibration
sample_04861.jpg,SRC_114,-10.0,180.0,58.176498,N-autumn,0.5,train
sample_04862.jpg,SRC_043,10.0,180.0,50.433279,N-summer,0.5,train
sample_04863.jpg,SRC_109,50.0,180.0,54.137665,N-summer,0.25,validation
sample_04864.jpg,SRC_153,-40.0,180.0,43.960452,N-autumn,0.25,train
sample_04865.jpg,SRC_009,-25.0,180.0,73.827745,N-spring,0.5,train
sample_04866.jpg,SRC_027,35.0,180.0,41.369436,N-spring,0.5,train
sample_04867.jpg,SRC_094,20.0,180.0,66.934532,N-autumn,0.25,train
sample_04868.jpg,SRC_087,0.0,180.0,54.65824,N-summer,0.25,calibration
sample_04869.jpg,SRC_088,0.0,180.0,53.004483,N-summer,0.25,train
sample_04870.jpg,SRC_096,25.0,180.0,40.422288,N-spring,0.25,train
sample_04871.jpg,SRC_168,90.0,0.0,64.709631,N-summer,0.25,validation
sample_04872.jpg,SRC_082,-10.0,180.0,60.444036,N-spring,0.25,calibration
sample_04873.jpg,SRC_001,-5.0,180.0,51.987197,N-spring,0.5,train
sample_04874.jpg,SRC_037,15.0,180.0,44.468297,N-spring,0.25,train
sample_04875.jpg,SRC_027,35.0,180.0,41.369436,N-spring,0.5,train
sample_04876.jpg,SRC_043,10.0,180.0,50.433279,N-summer,0.5,train
sample_04877.jpg,SRC_124,0.0,180.0,51.928413,N-summer,0.25,train
sample_04878.jpg,SRC_092,5.0,180.0,57.429528,N-autumn,0.25,train
sample_04879.jpg,SRC_161,5.0,180.0,52.294471,N-summer,0.25,train
sample_04880.jpg,SRC_056,-40.0,180.0,74.660587,N-summer,0.5,train
sample_04881.jpg,SRC_165,10.0,180.0,42.451267,N-winter,0.25,train
sample_04882.jpg,SRC_112,-30.0,180.0,67.516648,N-spring,0.5,train
sample_04883.jpg,SRC_051,20.0,180.0,63.609319,N-autumn,0.5,train
sample_04884.jpg,SRC_077,-5.0,180.0,34.299081,N-winter,0.25,train
sample_04885.jpg,SRC_021,-90.0,0.0,68.040851,N-autumn,0.5,train
sample_04886.jpg,SRC_106,25.0,180.0,40.638999,N-spring,0.5,validation
sample_04887.jpg,SRC_131,10.0,180.0,60.540464,N-autumn,0.5,train
sample_04888.jpg,SRC_099,15.0,180.0,42.024472,N-spring,0.5,train
sample_04889.jpg,SRC_102,-10.0,180.0,52.255853,N-spring,0.25,train
sample_04890.jpg,SRC_114,-10.0,180.0,58.176498,N-autumn,0.5,train
sample_04891.jpg,SRC_050,0.0,180.0,53.680047,N-summer,0.25,calibration
sample_04892.jpg,SRC_068,0.0,180.0,56.216196,N-summer,0.25,train
sample_04893.jpg,SRC_030,-25.0,180.0,67.936804,N-spring,0.5,train
sample_04894.jpg,SRC_153,-40.0,180.0,43.960452,N-autumn,0.25,train
sample_04895.jpg,SRC_151,-15.0,180.0,63.408071,N-summer,0.5,validation
sample_04896.jpg,SRC_171,-35.0,180.0,63.65778,N-spring,0.25,train
sample_04897.jpg,SRC_011,-20.0,180.0,70.371153,N-summer,0.25,train
sample_04898.jpg,SRC_042,10.0,180.0,36.92431,N-spring,0.5,calibration
sample_04899.jpg,SRC_057,-5.0,180.0,57.599617,N-summer,0.25,calibration
sample_04900.jpg,SRC_091,-40.0,180.0,72.511342,N-summer,0.5,train
sample_04901.jpg,SRC_008,25.0,180.0,61.005891,N-autumn,0.25,validation
sample_04902.jpg,SRC_123,0.0,180.0,54.598149,N-autumn,0.5,train
sample_04903.jpg,SRC_134,-30.0,180.0,69.607895,N-spring,0.5,train
sample_04904.jpg,SRC_043,10.0,180.0,50.433279,N-summer,0.5,train
sample_04905.jpg,SRC_058,30.0,180.0,69.060883,N-autumn,0.5,train
sample_04906.jpg,SRC_133,-10.0,180.0,48.887369,N-spring,0.5,train
sample_04907.jpg,SRC_074,0.0,180.0,50.25459,N-spring,0.5,train
sample_04908.jpg,SRC_063,25.0,180.0,41.329237,N-spring,0.25,train
sample_04909.jpg,SRC_124,0.0,180.0,51.928413,N-summer,0.25,train
sample_04910.jpg,SRC_037,15.0,180.0,44.468297,N-spring,0.25,train
sample_04911.jpg,SRC_103,-35.0,180.0,57.090396,N-autumn,0.25,train
sample_04912.jpg,SRC_126,-20.0,180.0,68.779144,N-summer,0.5,train
sample_04913.jpg,SRC_114,-10.0,180.0,58.176498,N-autumn,0.5,train
sample_04914.jpg,SRC_115,25.0,180.0,41.8845,N-spring,0.25,train
sample_04915.jpg,SRC_094,20.0,180.0,66.934532,N-autumn,0.25,train
sample_04916.jpg,SRC_134,-30.0,180.0,69.607895,N-spring,0.5,train
sample_04917.jpg,SRC_088,0.0,180.0,53.004483,N-summer,0.25,train
sample_04918.jpg,SRC_124,0.0,180.0,51.928413,N-summer,0.25,train
sample_04919.jpg,SRC_091,-40.0,180.0,72.511342,N-summer,0.5,train
sample_04920.jpg,SRC_121,25.0,180.0,67.446292,N-autumn,0.5,train
sample_04921.jpg,SRC_009,-25.0,180.0,73.827745,N-spring,0.5,train
sample_04922.jpg,SRC_093,-25.0,180.0,43.343655,N-autumn,0.5,calibration
sample_04923.jpg,SRC_144,-35.0,180.0,76.731052,N-spring,0.5,train
sample_04924.jpg,SRC_009,-25.0,180.0,73.827745,N-spring,0.5,train
sample_04925.jpg,SRC_135,5.0,180.0,41.328761,N-winter,0.5,train
sample_04926.jpg,SRC_037,15.0,180.0,44.468297,N-spring,0.25,train
sample_04927.jpg,SRC_108,-40.0,180.0,68.856247,N-summer,0.5,calibration
sample_04928.jpg,SRC_081,-90.0,0.0,74.772433,N-autumn,0.25,calibration
sample_04929.jpg,SRC_050,0.0,180.0,53.680047,N-summer,0.25,calibration
sample_04930.jpg,SRC_150,10.0,180.0,50.798821,N-summer,0.5,train
sample_04931.jpg,SRC_096,25.0,180.0,40.422288,N-spring,0.25,train
sample_04932.jpg,SRC_048,-25.0,180.0,61.920556,N-autumn,0.25,calibration
sample_04933.jpg,SRC_069,25.0,180.0,48.120522,N-summer,0.5,train
sample_04934.jpg,SRC_049,5.0,180.0,42.94902,N-spring,0.25,train
sample_04935.jpg,SRC_166,90.0,0.0,60.094207,N-spring,0.5,validation
sample_04936.jpg,SRC_004,30.0,180.0,61.107468,N-autumn,0.5,train
sample_04937.jpg,SRC_085,0.0,180.0,39.187341,N-spring,0.25,train
sample_04938.jpg,SRC_049,5.0,180.0,42.94902,N-spring,0.25,train
sample_04939.jpg,SRC_103,-35.0,180.0,57.090396,N-autumn,0.25,train
sample_04940.jpg,SRC_009,-25.0,180.0,73.827745,N-spring,0.5,train
sample_04941.jpg,SRC_157,40.0,180.0,44.22455,N-summer,0.25,calibration
sample_04942.jpg,SRC_165,10.0,180.0,42.451267,N-winter,0.25,train
sample_04943.jpg,SRC_015,20.0,180.0,46.484204,N-summer,0.25,train
sample_04944.jpg,SRC_140,35.0,180.0,44.85556,N-spring,0.25,train
sample_04945.jpg,SRC_032,-5.0,180.0,52.490186,N-spring,0.25,validation
sample_04946.jpg,SRC_098,-45.0,180.0,70.730178,N-summer,0.25,train
sample_04947.jpg,SRC_154,0.0,180.0,54.770875,N-summer,0.5,train
sample_04948.jpg,SRC_051,20.0,180.0,63.609319,N-autumn,0.5,train
sample_04949.jpg,SRC_140,35.0,180.0,44.85556,N-spring,0.25,train
sample_04950.jpg,SRC_081,-90.0,0.0,74.772433,N-autumn,0.25,calibration
sample_04951.jpg,SRC_151,-15.0,180.0,63.408071,N-summer,0.5,validation
sample_04952.jpg,SRC_075,-90.0,0.0,65.329336,N-winter,0.25,train
sample_04953.jpg,SRC_169,40.0,180.0,48.615664,N-summer,0.25,train
sample_04954.jpg,SRC_029,-5.0,180.0,45.485648,N-autumn,0.25,calibration
sample_04955.jpg,SRC_108,-40.0,180.0,68.856247,N-summer,0.5,calibration
sample_04956.jpg,SRC_158,-5.0,180.0,35.954137,N-winter,0.25,train
sample_04957.jpg,SRC_061,50.0,180.0,43.110277,N-spring,0.5,train
sample_04958.jpg,SRC_090,50.0,180.0,47.196626,N-summer,0.25,train
sample_04959.jpg,SRC_115,25.0,180.0,41.8845,N-spring,0.25,train
sample_04960.jpg,SRC_115,25.0,180.0,41.8845,N-spring,0.25,train
sample_04961.jpg,SRC_100,20.0,180.0,41.506528,N-spring,0.25,train
sample_04962.jpg,SRC_047,0.0,180.0,48.028677,N-spring,0.5,validation
sample_04963.jpg,SRC_013,50.0,180.0,54.051464,N-spring,0.5,train
sample_04964.jpg,SRC_107,20.0,180.0,65.68027,N-autumn,0.5,train
sample_04965.jpg,SRC_089,10.0,180.0,48.442522,N-winter,0.25,calibration
sample_04966.jpg,SRC_004,30.0,180.0,61.107468,N-autumn,0.5,train
sample_04967.jpg,SRC_071,20.0,180.0,40.070501,N-spring,0.25,train
sample_04968.jpg,SRC_071,20.0,180.0,40.070501,N-spring,0.25,train
sample_04969.jpg,SRC_108,-40.0,180.0,68.856247,N-summer,0.5,calibration
sample_04970.jpg,SRC_103,-35.0,180.0,57.090396,N-autumn,0.25,train
sample_04971.jpg,SRC_011,-20.0,180.0,70.371153,N-summer,0.25,train
sample_04972.jpg,SRC_055,-5.0,180.0,57.335076,N-spring,0.25,train
sample_04973.jpg,SRC_151,-15.0,180.0,63.408071,N-summer,0.5,validation
sample_04974.jpg,SRC_115,25.0,180.0,41.8845,N-spring,0.25,train
sample_04975.jpg,SRC_052,5.0,180.0,51.705435,N-summer,0.25,train
sample_04976.jpg,SRC_169,40.0,180.0,48.615664,N-summer,0.25,train
sample_04977.jpg,SRC_052,5.0,180.0,51.705435,N-summer,0.25,train
sample_04978.jpg,SRC_165,10.0,180.0,42.451267,N-winter,0.25,train
sample_04979.jpg,SRC_070,60.0,180.0,58.788969,N-summer,0.5,train
sample_04980.jpg,SRC_163,0.0,180.0,39.987447,N-winter,0.25,train
sample_04981.jpg,SRC_093,-25.0,180.0,43.343655,N-autumn,0.5,calibration
sample_04982.jpg,SRC_106,25.0,180.0,40.638999,N-spring,0.5,validation
sample_04983.jpg,SRC_009,-25.0,180.0,73.827745,N-spring,0.5,train
sample_04984.jpg,SRC_071,20.0,180.0,40.070501,N-spring,0.25,train
sample_04985.jpg,SRC_133,-10.0,180.0,48.887369,N-spring,0.5,train
sample_04986.jpg,SRC_107,20.0,180.0,65.68027,N-autumn,0.5,train
sample_04987.jpg,SRC_148,-15.0,180.0,49.227137,N-autumn,0.25,train
sample_04988.jpg,SRC_097,0.0,180.0,35.318175,N-winter,0.25,train
sample_04989.jpg,SRC_047,0.0,180.0,48.028677,N-spring,0.5,validation
sample_04990.jpg,SRC_056,-40.0,180.0,74.660587,N-summer,0.5,train
sample_04991.jpg,SRC_073,45.0,180.0,41.537171,N-spring,0.25,train
sample_04992.jpg,SRC_104,25.0,180.0,45.102036,N-summer,0.5,validation
sample_04993.jpg,SRC_099,15.0,180.0,42.024472,N-spring,0.5,train
sample_04994.jpg,SRC_121,25.0,180.0,67.446292,N-autumn,0.5,train
sample_04995.jpg,SRC_062,45.0,180.0,81.508965,N-autumn,0.5,train
sample_04996.jpg,SRC_121,25.0,180.0,67.446292,N-autumn,0.5,train
sample_04997.jpg,SRC_052,5.0,180.0,51.705435,N-summer,0.25,train
sample_04998.jpg,SRC_042,10.0,180.0,36.92431,N-spring,0.5,calibration
sample_04999.jpg,SRC_007,20.0,180.0,49.485932,N-winter,0.25,validation
sample_05000.jpg,SRC_134,-30.0,180.0,69.607895,N-spring,0.5,train
sample_05001.jpg,SRC_134,-30.0,180.0,69.607895,N-spring,0.5,train
sample_05002.jpg,SRC_151,-15.0,180.0,63.408071,N-summer,0.5,validation
sample_05003.jpg,SRC_094,20.0,180.0,66.934532,N-autumn,0.25,train
sample_05004.jpg,SRC_091,-40.0,180.0,72.511342,N-summer,0.5,train
sample_05005.jpg,SRC_074,0.0,180.0,50.25459,N-spring,0.5,train
sample_05006.jpg,SRC_019,90.0,0.0,60.00919,N-summer,0.25,train
sample_05007.jpg,SRC_085,0.0,180.0,39.187341,N-spring,0.25,train
sample_05008.jpg,SRC_005,0.0,180.0,55.846781,N-summer,0.5,validation
sample_05009.jpg,SRC_100,20.0,180.0,41.506528,N-spring,0.25,train
sample_05010.jpg,SRC_065,30.0,180.0,68.700871,N-winter,0.5,train
sample_05011.jpg,SRC_059,15.0,180.0,48.046698,N-summer,0.25,train
sample_05012.jpg,SRC_157,40.0,180.0,44.22455,N-summer,0.25,calibration
sample_05013.jpg,SRC_067,-15.0,180.0,64.724247,N-spring,0.5,calibration
sample_05014.jpg,SRC_010,90.0,0.0,74.440619,N-summer,0.5,calibration
sample_05015.jpg,SRC_097,0.0,180.0,35.318175,N-winter,0.25,train
sample_05016.jpg,SRC_135,5.0,180.0,41.328761,N-winter,0.5,train
sample_05017.jpg,SRC_091,-40.0,180.0,72.511342,N-summer,0.5,train
sample_05018.jpg,SRC_142,-30.0,180.0,34.276784,N-winter,0.25,train
sample_05019.jpg,SRC_056,-40.0,180.0,74.660587,N-summer,0.5,train
sample_05020.jpg,SRC_029,-5.0,180.0,45.485648,N-autumn,0.25,calibration
sample_05021.jpg,SRC_014,-40.0,180.0,38.480327,N-winter,0.25,train
sample_05022.jpg,SRC_136,-35.0,180.0,76.922409,N-spring,0.5,train
sample_05023.jpg,SRC_151,-15.0,180.0,63.408071,N-summer,0.5,validation
sample_05024.jpg,SRC_023,-10.0,180.0,50.837437,N-spring,0.25,train
sample_05025.jpg,SRC_153,-40.0,180.0,43.960452,N-autumn,0.25,train
sample_05026.jpg,SRC_081,-90.0,0.0,74.772433,N-autumn,0.25,calibration
sample_05027.jpg,SRC_091,-40.0,180.0,72.511342,N-summer,0.5,train
sample_05028.jpg,SRC_049,5.0,180.0,42.94902,N-spring,0.25,train
sample_05029.jpg,SRC_024,10.0,180.0,53.725813,N-summer,0.25,calibration
sample_05030.jpg,SRC_134,-30.0,180.0,69.607895,N-spring,0.5,train
sample_05031.jpg,SRC_071,20.0,180.0,40.070501,N-spring,0.25,train
sample_05032.jpg,SRC_011,-20.0,180.0,70.371153,N-summer,0.25,train
sample_05033.jpg,SRC_158,-5.0,180.0,35.954137,N-winter,0.25,train
sample_05034.jpg,SRC_108,-40.0,180.0,68.856247,N-summer,0.5,calibration
sample_05035.jpg,SRC_138,25.0,180.0,44.714676,N-summer,0.25,train
sample_05036.jpg,SRC_104,25.0,180.0,45.102036,N-summer,0.5,validation
sample_05037.jpg,SRC_107,20.0,180.0,65.68027,N-autumn,0.5,train
sample_05038.jpg,SRC_069,25.0,180.0,48.120522,N-summer,0.5,train
sample_05039.jpg,SRC_133,-10.0,180.0,48.887369,N-spring,0.5,train
sample_05040.jpg,SRC_109,50.0,180.0,54.137665,N-summer,0.25,validation
sample_05041.jpg,SRC_156,10.0,180.0,48.737382,N-summer,0.25,validation
sample_05042.jpg,SRC_131,10.0,180.0,60.540464,N-autumn,0.5,train
sample_05043.jpg,SRC_109,50.0,180.0,54.137665,N-summer,0.25,validation
sample_05044.jpg,SRC_004,30.0,180.0,61.107468,N-autumn,0.5,train
sample_05045.jpg,SRC_100,20.0,180.0,41.506528,N-spring,0.25,train
sample_05046.jpg,SRC_134,-30.0,180.0,69.607895,N-spring,0.5,train
sample_05047.jpg,SRC_074,0.0,180.0,50.25459,N-spring,0.5,train
sample_05048.jpg,SRC_093,-25.0,180.0,43.343655,N-autumn,0.5,calibration
sample_05049.jpg,SRC_133,-10.0,180.0,48.887369,N-spring,0.5,train
sample_05050.jpg,SRC_103,-35.0,180.0,57.090396,N-autumn,0.25,train
sample_05051.jpg,SRC_104,25.0,180.0,45.102036,N-summer,0.5,validation
sample_05052.jpg,SRC_108,-40.0,180.0,68.856247,N-summer,0.5,calibration
sample_05053.jpg,SRC_100,20.0,180.0,41.506528,N-spring,0.25,train
sample_05054.jpg,SRC_087,0.0,180.0,54.65824,N-summer,0.25,calibration
sample_05055.jpg,SRC_159,20.0,180.0,67.076816,N-autumn,0.25,train
sample_05056.jpg,SRC_084,-10.0,180.0,58.957849,N-summer,0.25,train
sample_05057.jpg,SRC_146,10.0,180.0,58.0428,N-summer,0.5,train
sample_05058.jpg,SRC_045,-90.0,0.0,70.559818,N-autumn,0.25,train
sample_05059.jpg,SRC_069,25.0,180.0,48.120522,N-summer,0.5,train
sample_05060.jpg,SRC_080,-25.0,180.0,69.726065,N-summer,0.25,train
sample_05061.jpg,SRC_106,25.0,180.0,40.638999,N-spring,0.5,validation
sample_05062.jpg,SRC_052,5.0,180.0,51.705435,N-summer,0.25,train
sample_05063.jpg,SRC_107,20.0,180.0,65.68027,N-autumn,0.5,train
sample_05064.jpg,SRC_158,-5.0,180.0,35.954137,N-winter,0.25,train
sample_05065.jpg,SRC_003,0.0,180.0,38.090051,N-spring,0.25,validation
sample_05066.jpg,SRC_136,-35.0,180.0,76.922409,N-spring,0.5,train
sample_05067.jpg,SRC_003,0.0,180.0,38.090051,N-spring,0.25,validation
sample_05068.jpg,SRC_011,-20.0,180.0,70.371153,N-summer,0.25,train
sample_05069.jpg,SRC_171,-35.0,180.0,63.65778,N-spring,0.25,train
sample_05070.jpg,SRC_100,20.0,180.0,41.506528,N-spring,0.25,train
sample_05071.jpg,SRC_006,-15.0,180.0,65.638079,N-spring,0.5,train
sample_05072.jpg,SRC_111,-35.0,180.0,79.069883,N-spring,1.0,train
sample_05073.jpg,SRC_171,-35.0,180.0,63.65778,N-spring,0.25,train
sample_05074.jpg,SRC_102,-10.0,180.0,52.255853,N-spring,0.25,train
sample_05075.jpg,SRC_129,20.0,180.0,41.057252,N-spring,0.25,validation
sample_05076.jpg,SRC_049,5.0,180.0,42.94902,N-spring,0.25,train
sample_05077.jpg,SRC_158,-5.0,180.0,35.954137,N-winter,0.25,train
sample_05078.jpg,SRC_091,-40.0,180.0,72.511342,N-summer,0.5,train
sample_05079.jpg,SRC_091,-40.0,180.0,72.511342,N-summer,0.5,train
sample_05080.jpg,SRC_111,-35.0,180.0,79.069883,N-spring,1.0,train
sample_05081.jpg,SRC_013,50.0,180.0,54.051464,N-spring,0.5,train
sample_05082.jpg,SRC_108,-40.0,180.0,68.856247,N-summer,0.5,calibration
sample_05083.jpg,SRC_144,-35.0,180.0,76.731052,N-spring,0.5,train
sample_05084.jpg,SRC_040,90.0,0.0,57.651744,N-spring,0.5,train
sample_05085.jpg,SRC_124,0.0,180.0,51.928413,N-summer,0.25,train
sample_05086.jpg,SRC_133,-10.0,180.0,48.887369,N-spring,0.5,train
sample_05087.jpg,SRC_151,-15.0,180.0,63.408071,N-summer,0.5,validation
sample_05088.jpg,SRC_148,-15.0,180.0,49.227137,N-autumn,0.25,train
sample_05089.jpg,SRC_048,-25.0,180.0,61.920556,N-autumn,0.25,calibration
sample_05090.jpg,SRC_121,25.0,180.0,67.446292,N-autumn,0.5,train
sample_05091.jpg,SRC_114,-10.0,180.0,58.176498,N-autumn,0.5,train
sample_05092.jpg,SRC_112,-30.0,180.0,67.516648,N-spring,0.5,train
sample_05093.jpg,SRC_141,-10.0,180.0,55.206291,N-spring,0.25,train
sample_05094.jpg,SRC_096,25.0,180.0,40.422288,N-spring,0.25,train
sample_05095.jpg,SRC_045,-90.0,0.0,70.559818,N-autumn,0.25,train
sample_05096.jpg,SRC_119,90.0,0.0,58.642683,N-spring,0.25,calibration
sample_05097.jpg,SRC_107,20.0,180.0,65.68027,N-autumn,0.5,train
sample_05098.jpg,SRC_145,-5.0,180.0,52.15166,N-spring,0.25,train
sample_05099.jpg,SRC_009,-25.0,180.0,73.827745,N-spring,0.5,train
sample_05100.jpg,SRC_084,-10.0,180.0,58.957849,N-summer,0.25,train
sample_05101.jpg,SRC_061,50.0,180.0,43.110277,N-spring,0.5,train
sample_05102.jpg,SRC_150,10.0,180.0,50.798821,N-summer,0.5,train
sample_05103.jpg,SRC_158,-5.0,180.0,35.954137,N-winter,0.25,train
sample_05104.jpg,SRC_169,40.0,180.0,48.615664,N-summer,0.25,train
sample_05105.jpg,SRC_103,-35.0,180.0,57.090396,N-autumn,0.25,train
sample_05106.jpg,SRC_134,-30.0,180.0,69.607895,N-spring,0.5,train
sample_05107.jpg,SRC_133,-10.0,180.0,48.887369,N-spring,0.5,train
sample_05108.jpg,SRC_075,-90.0,0.0,65.329336,N-winter,0.25,train
sample_05109.jpg,SRC_054,5.0,180.0,37.41608,N-winter,0.25,train
sample_05110.jpg,SRC_029,-5.0,180.0,45.485648,N-autumn,0.25,calibration
sample_05111.jpg,SRC_103,-35.0,180.0,57.090396,N-autumn,0.25,train
sample_05112.jpg,SRC_055,-5.0,180.0,57.335076,N-spring,0.25,train
sample_05113.jpg,SRC_067,-15.0,180.0,64.724247,N-spring,0.5,calibration
sample_05114.jpg,SRC_095,-20.0,180.0,56.495654,N-spring,0.5,validation
sample_05115.jpg,SRC_009,-25.0,180.0,73.827745,N-spring,0.5,train
sample_05116.jpg,SRC_135,5.0,180.0,41.328761,N-winter,0.5,train
sample_05117.jpg,SRC_029,-5.0,180.0,45.485648,N-autumn,0.25,calibration
sample_05118.jpg,SRC_107,20.0,180.0,65.68027,N-autumn,0.5,train
sample_05119.jpg,SRC_085,0.0,180.0,39.187341,N-spring,0.25,train
sample_05120.jpg,SRC_126,-20.0,180.0,68.779144,N-summer,0.5,train
sample_05121.jpg,SRC_075,-90.0,0.0,65.329336,N-winter,0.25,train
sample_05122.jpg,SRC_084,-10.0,180.0,58.957849,N-summer,0.25,train
sample_05123.jpg,SRC_156,10.0,180.0,48.737382,N-summer,0.25,validation
sample_05124.jpg,SRC_146,10.0,180.0,58.0428,N-summer,0.5,train
sample_05125.jpg,SRC_094,20.0,180.0,66.934532,N-autumn,0.25,train
sample_05126.jpg,SRC_085,0.0,180.0,39.187341,N-spring,0.25,train
sample_05127.jpg,SRC_115,25.0,180.0,41.8845,N-spring,0.25,train
sample_05128.jpg,SRC_042,10.0,180.0,36.92431,N-spring,0.5,calibration
sample_05129.jpg,SRC_030,-25.0,180.0,67.936804,N-spring,0.5,train
sample_05130.jpg,SRC_047,0.0,180.0,48.028677,N-spring,0.5,validation
sample_05131.jpg,SRC_074,0.0,180.0,50.25459,N-spring,0.5,train
sample_05132.jpg,SRC_013,50.0,180.0,54.051464,N-spring,0.5,train
sample_05133.jpg,SRC_026,90.0,0.0,57.238404,N-spring,0.25,calibration
sample_05134.jpg,SRC_084,-10.0,180.0,58.957849,N-summer,0.25,train
sample_05135.jpg,SRC_028,10.0,180.0,42.894848,N-spring,0.25,calibration
sample_05136.jpg,SRC_148,-15.0,180.0,49.227137,N-autumn,0.25,train
sample_05137.jpg,SRC_157,40.0,180.0,44.22455,N-summer,0.25,calibration
sample_05138.jpg,SRC_085,0.0,180.0,39.187341,N-spring,0.25,train
sample_05139.jpg,SRC_095,-20.0,180.0,56.495654,N-spring,0.5,validation
sample_05140.jpg,SRC_085,0.0,180.0,39.187341,N-spring,0.25,train
sample_05141.jpg,SRC_072,15.0,180.0,46.966801,N-winter,0.25,train
sample_05142.jpg,SRC_074,0.0,180.0,50.25459,N-spring,0.5,train
sample_05143.jpg,SRC_092,5.0,180.0,57.429528,N-autumn,0.25,train
sample_05144.jpg,SRC_084,-10.0,180.0,58.957849,N-summer,0.25,train
sample_05145.jpg,SRC_124,0.0,180.0,51.928413,N-summer,0.25,train
sample_05146.jpg,SRC_004,30.0,180.0,61.107468,N-autumn,0.5,train
sample_05147.jpg,SRC_093,-25.0,180.0,43.343655,N-autumn,0.5,calibration
sample_05148.jpg,SRC_058,30.0,180.0,69.060883,N-autumn,0.5,train
sample_05149.jpg,SRC_021,-90.0,0.0,68.040851,N-autumn,0.5,train
sample_05150.jpg,SRC_111,-35.0,180.0,79.069883,N-spring,1.0,train
sample_05151.jpg,SRC_146,10.0,180.0,58.0428,N-summer,0.5,train
sample_05152.jpg,SRC_091,-40.0,180.0,72.511342,N-summer,0.5,train
sample_05153.jpg,SRC_144,-35.0,180.0,76.731052,N-spring,0.5,train
sample_05154.jpg,SRC_030,-25.0,180.0,67.936804,N-spring,0.5,train
sample_05155.jpg,SRC_096,25.0,180.0,40.422288,N-spring,0.25,train
sample_05156.jpg,SRC_115,25.0,180.0,41.8845,N-spring,0.25,train
sample_05157.jpg,SRC_168,90.0,0.0,64.709631,N-summer,0.25,validation
sample_05158.jpg,SRC_148,-15.0,180.0,49.227137,N-autumn,0.25,train
sample_05159.jpg,SRC_129,20.0,180.0,41.057252,N-spring,0.25,validation
sample_05160.jpg,SRC_020,35.0,180.0,42.075965,N-summer,0.25,calibration
sample_05161.jpg,SRC_027,35.0,180.0,41.369436,N-spring,0.5,train
sample_05162.jpg,SRC_121,25.0,180.0,67.446292,N-autumn,0.5,train
sample_05163.jpg,SRC_074,0.0,180.0,50.25459,N-spring,0.5,train
sample_05164.jpg,SRC_133,-10.0,180.0,48.887369,N-spring,0.5,train
sample_05165.jpg,SRC_070,60.0,180.0,58.788969,N-summer,0.5,train
sample_05166.jpg,SRC_155,-5.0,180.0,59.117539,N-summer,0.25,train
sample_05167.jpg,SRC_004,30.0,180.0,61.107468,N-autumn,0.5,train
sample_05168.jpg,SRC_148,-15.0,180.0,49.227137,N-autumn,0.25,train
sample_05169.jpg,SRC_074,0.0,180.0,50.25459,N-spring,0.5,train
sample_05170.jpg,SRC_151,-15.0,180.0,63.408071,N-summer,0.5,validation
sample_05171.jpg,SRC_026,90.0,0.0,57.238404,N-spring,0.25,calibration
sample_05172.jpg,SRC_074,0.0,180.0,50.25459,N-spring,0.5,train
sample_05173.jpg,SRC_108,-40.0,180.0,68.856247,N-summer,0.5,calibration
sample_05174.jpg,SRC_047,0.0,180.0,48.028677,N-spring,0.5,validation
sample_05175.jpg,SRC_095,-20.0,180.0,56.495654,N-spring,0.5,validation
sample_05176.jpg,SRC_066,-10.0,180.0,61.81065,N-summer,0.5,calibration
sample_05177.jpg,SRC_067,-15.0,180.0,64.724247,N-spring,0.5,calibration
sample_05178.jpg,SRC_005,0.0,180.0,55.846781,N-summer,0.5,validation
sample_05179.jpg,SRC_126,-20.0,180.0,68.779144,N-summer,0.5,train
sample_05180.jpg,SRC_139,40.0,180.0,53.533251,N-winter,0.25,train
sample_05181.jpg,SRC_158,-5.0,180.0,35.954137,N-winter,0.25,train
sample_05182.jpg,SRC_061,50.0,180.0,43.110277,N-spring,0.5,train
sample_05183.jpg,SRC_077,-5.0,180.0,34.299081,N-winter,0.25,train
sample_05184.jpg,SRC_124,0.0,180.0,51.928413,N-summer,0.25,train
sample_05185.jpg,SRC_009,-25.0,180.0,73.827745,N-spring,0.5,train
sample_05186.jpg,SRC_091,-40.0,180.0,72.511342,N-summer,0.5,train
sample_05187.jpg,SRC_015,20.0,180.0,46.484204,N-summer,0.25,train
sample_05188.jpg,SRC_158,-5.0,180.0,35.954137,N-winter,0.25,train
sample_05189.jpg,SRC_149,90.0,0.0,55.701783,N-summer,0.25,train
sample_05190.jpg,SRC_015,20.0,180.0,46.484204,N-summer,0.25,train
sample_05191.jpg,SRC_106,25.0,180.0,40.638999,N-spring,0.5,validation
sample_05192.jpg,SRC_108,-40.0,180.0,68.856247,N-summer,0.5,calibration
sample_05193.jpg,SRC_095,-20.0,180.0,56.495654,N-spring,0.5,validation
sample_05194.jpg,SRC_113,-35.0,180.0,36.668707,N-winter,0.25,train
sample_05195.jpg,SRC_158,-5.0,180.0,35.954137,N-winter,0.25,train
sample_05196.jpg,SRC_069,25.0,180.0,48.120522,N-summer,0.5,train
sample_05197.jpg,SRC_037,15.0,180.0,44.468297,N-spring,0.25,train
sample_05198.jpg,SRC_001,-5.0,180.0,51.987197,N-spring,0.5,train
sample_05199.jpg,SRC_058,30.0,180.0,69.060883,N-autumn,0.5,train
sample_05200.jpg,SRC_150,10.0,180.0,50.798821,N-summer,0.5,train
sample_05201.jpg,SRC_009,-25.0,180.0,73.827745,N-spring,0.5,train
sample_05202.jpg,SRC_108,-40.0,180.0,68.856247,N-summer,0.5,calibration
sample_05203.jpg,SRC_073,45.0,180.0,41.537171,N-spring,0.25,train
sample_05204.jpg,SRC_076,25.0,180.0,63.632584,N-autumn,0.25,train
sample_05205.jpg,SRC_020,35.0,180.0,42.075965,N-summer,0.25,calibration
sample_05206.jpg,SRC_114,-10.0,180.0,58.176498,N-autumn,0.5,train
sample_05207.jpg,SRC_004,30.0,180.0,61.107468,N-autumn,0.5,train
sample_05208.jpg,SRC_030,-25.0,180.0,67.936804,N-spring,0.5,train
sample_05209.jpg,SRC_041,15.0,180.0,46.712049,N-summer,0.25,validation
sample_05210.jpg,SRC_013,50.0,180.0,54.051464,N-spring,0.5,train
sample_05211.jpg,SRC_041,15.0,180.0,46.712049,N-summer,0.25,validation
sample_05212.jpg,SRC_125,-5.0,180.0,52.428603,N-spring,0.25,train
sample_05213.jpg,SRC_168,90.0,0.0,64.709631,N-summer,0.25,validation
sample_05214.jpg,SRC_155,-5.0,180.0,59.117539,N-summer,0.25,train
sample_05215.jpg,SRC_076,25.0,180.0,63.632584,N-autumn,0.25,train
sample_05216.jpg,SRC_001,-5.0,180.0,51.987197,N-spring,0.5,train
sample_05217.jpg,SRC_013,50.0,180.0,54.051464,N-spring,0.5,train
sample_05218.jpg,SRC_009,-25.0,180.0,73.827745,N-spring,0.5,train
sample_05219.jpg,SRC_090,50.0,180.0,47.196626,N-summer,0.25,train
sample_05220.jpg,SRC_049,5.0,180.0,42.94902,N-spring,0.25,train
sample_05221.jpg,SRC_104,25.0,180.0,45.102036,N-summer,0.5,validation
sample_05222.jpg,SRC_009,-25.0,180.0,73.827745,N-spring,0.5,train
sample_05223.jpg,SRC_150,10.0,180.0,50.798821,N-summer,0.5,train
sample_05224.jpg,SRC_168,90.0,0.0,64.709631,N-summer,0.25,validation
sample_05225.jpg,SRC_087,0.0,180.0,54.65824,N-summer,0.25,calibration
sample_05226.jpg,SRC_087,0.0,180.0,54.65824,N-summer,0.25,calibration
sample_05227.jpg,SRC_158,-5.0,180.0,35.954137,N-winter,0.25,train
sample_05228.jpg,SRC_071,20.0,180.0,40.070501,N-spring,0.25,train
sample_05229.jpg,SRC_127,-35.0,180.0,47.507974,N-autumn,0.5,validation
sample_05230.jpg,SRC_096,25.0,180.0,40.422288,N-spring,0.25,train
sample_05231.jpg,SRC_069,25.0,180.0,48.120522,N-summer,0.5,train
sample_05232.jpg,SRC_005,0.0,180.0,55.846781,N-summer,0.5,validation
sample_05233.jpg,SRC_027,35.0,180.0,41.369436,N-spring,0.5,train
sample_05234.jpg,SRC_126,-20.0,180.0,68.779144,N-summer,0.5,train
sample_05235.jpg,SRC_114,-10.0,180.0,58.176498,N-autumn,0.5,train
sample_05236.jpg,SRC_038,-15.0,180.0,32.097448,N-winter,0.25,train
sample_05237.jpg,SRC_134,-30.0,180.0,69.607895,N-spring,0.5,train
sample_05238.jpg,SRC_099,15.0,180.0,42.024472,N-spring,0.5,train
sample_05239.jpg,SRC_130,25.0,180.0,37.507656,N-spring,0.25,train
sample_05240.jpg,SRC_125,-5.0,180.0,52.428603,N-spring,0.25,train
sample_05241.jpg,SRC_103,-35.0,180.0,57.090396,N-autumn,0.25,train
sample_05242.jpg,SRC_043,10.0,180.0,50.433279,N-summer,0.5,train
sample_05243.jpg,SRC_020,35.0,180.0,42.075965,N-summer,0.25,calibration
sample_05244.jpg,SRC_075,-90.0,0.0,65.329336,N-winter,0.25,train
sample_05245.jpg,SRC_131,10.0,180.0,60.540464,N-autumn,0.5,train
sample_05246.jpg,SRC_071,20.0,180.0,40.070501,N-spring,0.25,train
sample_05247.jpg,SRC_089,10.0,180.0,48.442522,N-winter,0.25,calibration
sample_05248.jpg,SRC_056,-40.0,180.0,74.660587,N-summer,0.5,train
sample_05249.jpg,SRC_055,-5.0,180.0,57.335076,N-spring,0.25,train
sample_05250.jpg,SRC_006,-15.0,180.0,65.638079,N-spring,0.5,train
sample_05251.jpg,SRC_099,15.0,180.0,42.024472,N-spring,0.5,train
sample_05252.jpg,SRC_037,15.0,180.0,44.468297,N-spring,0.25,train
sample_05253.jpg,SRC_171,-35.0,180.0,63.65778,N-spring,0.25,train
sample_05254.jpg,SRC_004,30.0,180.0,61.107468,N-autumn,0.5,train
sample_05255.jpg,SRC_061,50.0,180.0,43.110277,N-spring,0.5,train
sample_05256.jpg,SRC_013,50.0,180.0,54.051464,N-spring,0.5,train
sample_05257.jpg,SRC_016,10.0,180.0,55.552023,N-winter,0.5,calibration
sample_05258.jpg,SRC_106,25.0,180.0,40.638999,N-spring,0.5,validation
sample_05259.jpg,SRC_056,-40.0,180.0,74.660587,N-summer,0.5,train
sample_05260.jpg,SRC_109,50.0,180.0,54.137665,N-summer,0.25,validation
sample_05261.jpg,SRC_099,15.0,180.0,42.024472,N-spring,0.5,train
sample_05262.jpg,SRC_093,-25.0,180.0,43.343655,N-autumn,0.5,calibration
sample_05263.jpg,SRC_144,-35.0,180.0,76.731052,N-spring,0.5,train
sample_05264.jpg,SRC_066,-10.0,180.0,61.81065,N-summer,0.5,calibration
sample_05265.jpg,SRC_037,15.0,180.0,44.468297,N-spring,0.25,train
sample_05266.jpg,SRC_121,25.0,180.0,67.446292,N-autumn,0.5,train
sample_05267.jpg,SRC_139,40.0,180.0,53.533251,N-winter,0.25,train
sample_05268.jpg,SRC_071,20.0,180.0,40.070501,N-spring,0.25,train
sample_05269.jpg,SRC_115,25.0,180.0,41.8845,N-spring,0.25,train
sample_05270.jpg,SRC_090,50.0,180.0,47.196626,N-summer,0.25,train
sample_05271.jpg,SRC_126,-20.0,180.0,68.779144,N-summer,0.5,train
sample_05272.jpg,SRC_096,25.0,180.0,40.422288,N-spring,0.25,train
sample_05273.jpg,SRC_052,5.0,180.0,51.705435,N-summer,0.25,train
sample_05274.jpg,SRC_146,10.0,180.0,58.0428,N-summer,0.5,train
sample_05275.jpg,SRC_130,25.0,180.0,37.507656,N-spring,0.25,train
sample_05276.jpg,SRC_131,10.0,180.0,60.540464,N-autumn,0.5,train
sample_05277.jpg,SRC_099,15.0,180.0,42.024472,N-spring,0.5,train
sample_05278.jpg,SRC_170,-20.0,180.0,56.332579,N-autumn,0.25,validation
sample_05279.jpg,SRC_106,25.0,180.0,40.638999,N-spring,0.5,validation
sample_05280.jpg,SRC_158,-5.0,180.0,35.954137,N-winter,0.25,train
sample_05281.jpg,SRC_171,-35.0,180.0,63.65778,N-spring,0.25,train
sample_05282.jpg,SRC_041,15.0,180.0,46.712049,N-summer,0.25,validation
sample_05283.jpg,SRC_050,0.0,180.0,53.680047,N-summer,0.25,calibration
sample_05284.jpg,SRC_166,90.0,0.0,60.094207,N-spring,0.5,validation
sample_05285.jpg,SRC_014,-40.0,180.0,38.480327,N-winter,0.25,train
sample_05286.jpg,SRC_001,-5.0,180.0,51.987197,N-spring,0.5,train
sample_05287.jpg,SRC_016,10.0,180.0,55.552023,N-winter,0.5,calibration
sample_05288.jpg,SRC_104,25.0,180.0,45.102036,N-summer,0.5,validation
sample_05289.jpg,SRC_066,-10.0,180.0,61.81065,N-summer,0.5,calibration
sample_05290.jpg,SRC_114,-10.0,180.0,58.176498,N-autumn,0.5,train
sample_05291.jpg,SRC_041,15.0,180.0,46.712049,N-summer,0.25,validation
sample_05292.jpg,SRC_009,-25.0,180.0,73.827745,N-spring,0.5,train
sample_05293.jpg,SRC_001,-5.0,180.0,51.987197,N-spring,0.5,train
sample_05294.jpg,SRC_171,-35.0,180.0,63.65778,N-spring,0.25,train
sample_05295.jpg,SRC_142,-30.0,180.0,34.276784,N-winter,0.25,train
sample_05296.jpg,SRC_029,-5.0,180.0,45.485648,N-autumn,0.25,calibration
sample_05297.jpg,SRC_030,-25.0,180.0,67.936804,N-spring,0.5,train
sample_05298.jpg,SRC_001,-5.0,180.0,51.987197,N-spring,0.5,train
sample_05299.jpg,SRC_014,-40.0,180.0,38.480327,N-winter,0.25,train
sample_05300.jpg,SRC_153,-40.0,180.0,43.960452,N-autumn,0.25,train
sample_05301.jpg,SRC_158,-5.0,180.0,35.954137,N-winter,0.25,train
sample_05302.jpg,SRC_069,25.0,180.0,48.120522,N-summer,0.5,train
sample_05303.jpg,SRC_171,-35.0,180.0,63.65778,N-spring,0.25,train
sample_05304.jpg,SRC_115,25.0,180.0,41.8845,N-spring,0.25,train
sample_05305.jpg,SRC_049,5.0,180.0,42.94902,N-spring,0.25,train
sample_05306.jpg,SRC_049,5.0,180.0,42.94902,N-spring,0.25,train
sample_05307.jpg,SRC_027,35.0,180.0,41.369436,N-spring,0.5,train
sample_05308.jpg,SRC_061,50.0,180.0,43.110277,N-spring,0.5,train
sample_05309.jpg,SRC_006,-15.0,180.0,65.638079,N-spring,0.5,train
sample_05310.jpg,SRC_164,20.0,180.0,59.226879,N-autumn,0.25,train
sample_05311.jpg,SRC_071,20.0,180.0,40.070501,N-spring,0.25,train
sample_05312.jpg,SRC_056,-40.0,180.0,74.660587,N-summer,0.5,train
sample_05313.jpg,SRC_108,-40.0,180.0,68.856247,N-summer,0.5,calibration
sample_05314.jpg,SRC_065,30.0,180.0,68.700871,N-winter,0.5,train
sample_05315.jpg,SRC_051,20.0,180.0,63.609319,N-autumn,0.5,train
sample_05316.jpg,SRC_170,-20.0,180.0,56.332579,N-autumn,0.25,validation
sample_05317.jpg,SRC_124,0.0,180.0,51.928413,N-summer,0.25,train
sample_05318.jpg,SRC_148,-15.0,180.0,49.227137,N-autumn,0.25,train
sample_05319.jpg,SRC_030,-25.0,180.0,67.936804,N-spring,0.5,train
sample_05320.jpg,SRC_091,-40.0,180.0,72.511342,N-summer,0.5,train
sample_05321.jpg,SRC_054,5.0,180.0,37.41608,N-winter,0.25,train
sample_05322.jpg,SRC_091,-40.0,180.0,72.511342,N-summer,0.5,train
sample_05323.jpg,SRC_058,30.0,180.0,69.060883,N-autumn,0.5,train
sample_05324.jpg,SRC_054,5.0,180.0,37.41608,N-winter,0.25,train
sample_05325.jpg,SRC_156,10.0,180.0,48.737382,N-summer,0.25,validation
sample_05326.jpg,SRC_131,10.0,180.0,60.540464,N-autumn,0.5,train
sample_05327.jpg,SRC_074,0.0,180.0,50.25459,N-spring,0.5,train
sample_05328.jpg,SRC_088,0.0,180.0,53.004483,N-summer,0.25,train
sample_05329.jpg,SRC_121,25.0,180.0,67.446292,N-autumn,0.5,train
sample_05330.jpg,SRC_036,5.0,180.0,52.749586,N-summer,0.25,train
sample_05331.jpg,SRC_046,0.0,180.0,58.061031,N-autumn,0.25,calibration
sample_05332.jpg,SRC_058,30.0,180.0,69.060883,N-autumn,0.5,train
sample_05333.jpg,SRC_115,25.0,180.0,41.8845,N-spring,0.25,train
sample_05334.jpg,SRC_080,-25.0,180.0,69.726065,N-summer,0.25,train
sample_05335.jpg,SRC_068,0.0,180.0,56.216196,N-summer,0.25,train
sample_05336.jpg,SRC_092,5.0,180.0,57.429528,N-autumn,0.25,train
sample_05337.jpg,SRC_156,10.0,180.0,48.737382,N-summer,0.25,validation
sample_05338.jpg,SRC_063,25.0,180.0,41.329237,N-spring,0.25,train
sample_05339.jpg,SRC_125,-5.0,180.0,52.428603,N-spring,0.25,train
sample_05340.jpg,SRC_142,-30.0,180.0,34.276784,N-winter,0.25,train
sample_05341.jpg,SRC_109,50.0,180.0,54.137665,N-summer,0.25,validation
sample_05342.jpg,SRC_063,25.0,180.0,41.329237,N-spring,0.25,train
sample_05343.jpg,SRC_088,0.0,180.0,53.004483,N-summer,0.25,train
sample_05344.jpg,SRC_092,5.0,180.0,57.429528,N-autumn,0.25,train
sample_05345.jpg,SRC_059,15.0,180.0,48.046698,N-summer,0.25,train
sample_05346.jpg,SRC_170,-20.0,180.0,56.332579,N-autumn,0.25,validation
sample_05347.jpg,SRC_116,5.0,180.0,41.203028,N-spring,0.25,calibration
sample_05348.jpg,SRC_121,25.0,180.0,67.446292,N-autumn,0.5,train
sample_05349.jpg,SRC_144,-35.0,180.0,76.731052,N-spring,0.5,train
sample_05350.jpg,SRC_024,10.0,180.0,53.725813,N-summer,0.25,calibration
sample_05351.jpg,SRC_097,0.0,180.0,35.318175,N-winter,0.25,train
sample_05352.jpg,SRC_004,30.0,180.0,61.107468,N-autumn,0.5,train
sample_05353.jpg,SRC_126,-20.0,180.0,68.779144,N-summer,0.5,train
sample_05354.jpg,SRC_049,5.0,180.0,42.94902,N-spring,0.25,train
sample_05355.jpg,SRC_056,-40.0,180.0,74.660587,N-summer,0.5,train
sample_05356.jpg,SRC_156,10.0,180.0,48.737382,N-summer,0.25,validation
sample_05357.jpg,SRC_073,45.0,180.0,41.537171,N-spring,0.25,train
sample_05358.jpg,SRC_009,-25.0,180.0,73.827745,N-spring,0.5,train
sample_05359.jpg,SRC_099,15.0,180.0,42.024472,N-spring,0.5,train
sample_05360.jpg,SRC_067,-15.0,180.0,64.724247,N-spring,0.5,calibration
sample_05361.jpg,SRC_030,-25.0,180.0,67.936804,N-spring,0.5,train
sample_05362.jpg,SRC_061,50.0,180.0,43.110277,N-spring,0.5,train
sample_05363.jpg,SRC_076,25.0,180.0,63.632584,N-autumn,0.25,train
sample_05364.jpg,SRC_113,-35.0,180.0,36.668707,N-winter,0.25,train
sample_05365.jpg,SRC_111,-35.0,180.0,79.069883,N-spring,1.0,train
sample_05366.jpg,SRC_031,-90.0,0.0,62.684336,N-winter,0.5,train
sample_05367.jpg,SRC_134,-30.0,180.0,69.607895,N-spring,0.5,train
sample_05368.jpg,SRC_140,35.0,180.0,44.85556,N-spring,0.25,train
sample_05369.jpg,SRC_067,-15.0,180.0,64.724247,N-spring,0.5,calibration
sample_05370.jpg,SRC_154,0.0,180.0,54.770875,N-summer,0.5,train
sample_05371.jpg,SRC_140,35.0,180.0,44.85556,N-spring,0.25,train
sample_05372.jpg,SRC_051,20.0,180.0,63.609319,N-autumn,0.5,train
sample_05373.jpg,SRC_151,-15.0,180.0,63.408071,N-summer,0.5,validation
sample_05374.jpg,SRC_148,-15.0,180.0,49.227137,N-autumn,0.25,train
sample_05375.jpg,SRC_042,10.0,180.0,36.92431,N-spring,0.5,calibration
sample_05376.jpg,SRC_114,-10.0,180.0,58.176498,N-autumn,0.5,train
sample_05377.jpg,SRC_057,-5.0,180.0,57.599617,N-summer,0.25,calibration
sample_05378.jpg,SRC_006,-15.0,180.0,65.638079,N-spring,0.5,train
sample_05379.jpg,SRC_081,-90.0,0.0,74.772433,N-autumn,0.25,calibration
sample_05380.jpg,SRC_108,-40.0,180.0,68.856247,N-summer,0.5,calibration
sample_05381.jpg,SRC_124,0.0,180.0,51.928413,N-summer,0.25,train
sample_05382.jpg,SRC_098,-45.0,180.0,70.730178,N-summer,0.25,train
sample_05383.jpg,SRC_111,-35.0,180.0,79.069883,N-spring,1.0,train
sample_05384.jpg,SRC_158,-5.0,180.0,35.954137,N-winter,0.25,train
sample_05385.jpg,SRC_049,5.0,180.0,42.94902,N-spring,0.25,train
sample_05386.jpg,SRC_109,50.0,180.0,54.137665,N-summer,0.25,validation
sample_05387.jpg,SRC_029,-5.0,180.0,45.485648,N-autumn,0.25,calibration
sample_05388.jpg,SRC_071,20.0,180.0,40.070501,N-spring,0.25,train
sample_05389.jpg,SRC_037,15.0,180.0,44.468297,N-spring,0.25,train
sample_05390.jpg,SRC_049,5.0,180.0,42.94902,N-spring,0.25,train
sample_05391.jpg,SRC_154,0.0,180.0,54.770875,N-summer,0.5,train
sample_05392.jpg,SRC_081,-90.0,0.0,74.772433,N-autumn,0.25,calibration
sample_05393.jpg,SRC_009,-25.0,180.0,73.827745,N-spring,0.5,train
sample_05394.jpg,SRC_068,0.0,180.0,56.216196,N-summer,0.25,train
sample_05395.jpg,SRC_024,10.0,180.0,53.725813,N-summer,0.25,calibration
sample_05396.jpg,SRC_106,25.0,180.0,40.638999,N-spring,0.5,validation
sample_05397.jpg,SRC_114,-10.0,180.0,58.176498,N-autumn,0.5,train
sample_05398.jpg,SRC_151,-15.0,180.0,63.408071,N-summer,0.5,validation
sample_05399.jpg,SRC_006,-15.0,180.0,65.638079,N-spring,0.5,train
sample_05400.jpg,SRC_127,-35.0,180.0,47.507974,N-autumn,0.5,validation
sample_05401.jpg,SRC_070,60.0,180.0,58.788969,N-summer,0.5,train
sample_05402.jpg,SRC_103,-35.0,180.0,57.090396,N-autumn,0.25,train
sample_05403.jpg,SRC_077,-5.0,180.0,34.299081,N-winter,0.25,train
sample_05404.jpg,SRC_058,30.0,180.0,69.060883,N-autumn,0.5,train
sample_05405.jpg,SRC_096,25.0,180.0,40.422288,N-spring,0.25,train
sample_05406.jpg,SRC_004,30.0,180.0,61.107468,N-autumn,0.5,train
sample_05407.jpg,SRC_091,-40.0,180.0,72.511342,N-summer,0.5,train
sample_05408.jpg,SRC_067,-15.0,180.0,64.724247,N-spring,0.5,calibration
sample_05409.jpg,SRC_133,-10.0,180.0,48.887369,N-spring,0.5,train
sample_05410.jpg,SRC_121,25.0,180.0,67.446292,N-autumn,0.5,train
sample_05411.jpg,SRC_016,10.0,180.0,55.552023,N-winter,0.5,calibration
sample_05412.jpg,SRC_131,10.0,180.0,60.540464,N-autumn,0.5,train
sample_05413.jpg,SRC_037,15.0,180.0,44.468297,N-spring,0.25,train
sample_05414.jpg,SRC_011,-20.0,180.0,70.371153,N-summer,0.25,train
sample_05415.jpg,SRC_111,-35.0,180.0,79.069883,N-spring,1.0,train
sample_05416.jpg,SRC_006,-15.0,180.0,65.638079,N-spring,0.5,train
sample_05417.jpg,SRC_004,30.0,180.0,61.107468,N-autumn,0.5,train
sample_05418.jpg,SRC_061,50.0,180.0,43.110277,N-spring,0.5,train
sample_05419.jpg,SRC_069,25.0,180.0,48.120522,N-summer,0.5,train
sample_05420.jpg,SRC_063,25.0,180.0,41.329237,N-spring,0.25,train
sample_05421.jpg,SRC_146,10.0,180.0,58.0428,N-summer,0.5,train
sample_05422.jpg,SRC_125,-5.0,180.0,52.428603,N-spring,0.25,train
sample_05423.jpg,SRC_066,-10.0,180.0,61.81065,N-summer,0.5,calibration
sample_05424.jpg,SRC_072,15.0,180.0,46.966801,N-winter,0.25,train
sample_05425.jpg,SRC_150,10.0,180.0,50.798821,N-summer,0.5,train
sample_05426.jpg,SRC_150,10.0,180.0,50.798821,N-summer,0.5,train
sample_05427.jpg,SRC_104,25.0,180.0,45.102036,N-summer,0.5,validation
sample_05428.jpg,SRC_063,25.0,180.0,41.329237,N-spring,0.25,train
sample_05429.jpg,SRC_123,0.0,180.0,54.598149,N-autumn,0.5,train
sample_05430.jpg,SRC_151,-15.0,180.0,63.408071,N-summer,0.5,validation
sample_05431.jpg,SRC_089,10.0,180.0,48.442522,N-winter,0.25,calibration
sample_05432.jpg,SRC_011,-20.0,180.0,70.371153,N-summer,0.25,train
sample_05433.jpg,SRC_157,40.0,180.0,44.22455,N-summer,0.25,calibration
sample_05434.jpg,SRC_156,10.0,180.0,48.737382,N-summer,0.25,validation
sample_05435.jpg,SRC_091,-40.0,180.0,72.511342,N-summer,0.5,train
sample_05436.jpg,SRC_051,20.0,180.0,63.609319,N-autumn,0.5,train
sample_05437.jpg,SRC_165,10.0,180.0,42.451267,N-winter,0.25,train
sample_05438.jpg,SRC_042,10.0,180.0,36.92431,N-spring,0.5,calibration
sample_05439.jpg,SRC_059,15.0,180.0,48.046698,N-summer,0.25,train
sample_05440.jpg,SRC_126,-20.0,180.0,68.779144,N-summer,0.5,train
sample_05441.jpg,SRC_095,-20.0,180.0,56.495654,N-spring,0.5,validation
sample_05442.jpg,SRC_115,25.0,180.0,41.8845,N-spring,0.25,train
sample_05443.jpg,SRC_095,-20.0,180.0,56.495654,N-spring,0.5,validation
sample_05444.jpg,SRC_111,-35.0,180.0,79.069883,N-spring,1.0,train
sample_05445.jpg,SRC_051,20.0,180.0,63.609319,N-autumn,0.5,train
sample_05446.jpg,SRC_082,-10.0,180.0,60.444036,N-spring,0.25,calibration
sample_05447.jpg,SRC_089,10.0,180.0,48.442522,N-winter,0.25,calibration
sample_05448.jpg,SRC_027,35.0,180.0,41.369436,N-spring,0.5,train
sample_05449.jpg,SRC_104,25.0,180.0,45.102036,N-summer,0.5,validation
sample_05450.jpg,SRC_055,-5.0,180.0,57.335076,N-spring,0.25,train
sample_05451.jpg,SRC_038,-15.0,180.0,32.097448,N-winter,0.25,train
sample_05452.jpg,SRC_158,-5.0,180.0,35.954137,N-winter,0.25,train
sample_05453.jpg,SRC_062,45.0,180.0,81.508965,N-autumn,0.5,train
sample_05454.jpg,SRC_085,0.0,180.0,39.187341,N-spring,0.25,train
sample_05455.jpg,SRC_030,-25.0,180.0,67.936804,N-spring,0.5,train
sample_05456.jpg,SRC_096,25.0,180.0,40.422288,N-spring,0.25,train
sample_05457.jpg,SRC_103,-35.0,180.0,57.090396,N-autumn,0.25,train
sample_05458.jpg,SRC_097,0.0,180.0,35.318175,N-winter,0.25,train
sample_05459.jpg,SRC_102,-10.0,180.0,52.255853,N-spring,0.25,train
sample_05460.jpg,SRC_055,-5.0,180.0,57.335076,N-spring,0.25,train
sample_05461.jpg,SRC_091,-40.0,180.0,72.511342,N-summer,0.5,train
sample_05462.jpg,SRC_061,50.0,180.0,43.110277,N-spring,0.5,train
sample_05463.jpg,SRC_058,30.0,180.0,69.060883,N-autumn,0.5,train
sample_05464.jpg,SRC_108,-40.0,180.0,68.856247,N-summer,0.5,calibration
sample_05465.jpg,SRC_028,10.0,180.0,42.894848,N-spring,0.25,calibration
sample_05466.jpg,SRC_067,-15.0,180.0,64.724247,N-spring,0.5,calibration
sample_05467.jpg,SRC_071,20.0,180.0,40.070501,N-spring,0.25,train
sample_05468.jpg,SRC_049,5.0,180.0,42.94902,N-spring,0.25,train
sample_05469.jpg,SRC_141,-10.0,180.0,55.206291,N-spring,0.25,train
sample_05470.jpg,SRC_066,-10.0,180.0,61.81065,N-summer,0.5,calibration
sample_05471.jpg,SRC_170,-20.0,180.0,56.332579,N-autumn,0.25,validation
sample_05472.jpg,SRC_014,-40.0,180.0,38.480327,N-winter,0.25,train
sample_05473.jpg,SRC_088,0.0,180.0,53.004483,N-summer,0.25,train
sample_05474.jpg,SRC_058,30.0,180.0,69.060883,N-autumn,0.5,train
sample_05475.jpg,SRC_103,-35.0,180.0,57.090396,N-autumn,0.25,train
sample_05476.jpg,SRC_115,25.0,180.0,41.8845,N-spring,0.25,train
sample_05477.jpg,SRC_109,50.0,180.0,54.137665,N-summer,0.25,validation
sample_05478.jpg,SRC_098,-45.0,180.0,70.730178,N-summer,0.25,train
sample_05479.jpg,SRC_099,15.0,180.0,42.024472,N-spring,0.5,train
sample_05480.jpg,SRC_037,15.0,180.0,44.468297,N-spring,0.25,train
sample_05481.jpg,SRC_051,20.0,180.0,63.609319,N-autumn,0.5,train
sample_05482.jpg,SRC_045,-90.0,0.0,70.559818,N-autumn,0.25,train
sample_05483.jpg,SRC_121,25.0,180.0,67.446292,N-autumn,0.5,train
sample_05484.jpg,SRC_056,-40.0,180.0,74.660587,N-summer,0.5,train
sample_05485.jpg,SRC_124,0.0,180.0,51.928413,N-summer,0.25,train
sample_05486.jpg,SRC_076,25.0,180.0,63.632584,N-autumn,0.25,train
sample_05487.jpg,SRC_009,-25.0,180.0,73.827745,N-spring,0.5,train
sample_05488.jpg,SRC_077,-5.0,180.0,34.299081,N-winter,0.25,train
sample_05489.jpg,SRC_115,25.0,180.0,41.8845,N-spring,0.25,train
sample_05490.jpg,SRC_030,-25.0,180.0,67.936804,N-spring,0.5,train
sample_05491.jpg,SRC_064,90.0,0.0,60.573524,N-spring,0.25,train
sample_05492.jpg,SRC_096,25.0,180.0,40.422288,N-spring,0.25,train
sample_05493.jpg,SRC_046,0.0,180.0,58.061031,N-autumn,0.25,calibration
sample_05494.jpg,SRC_030,-25.0,180.0,67.936804,N-spring,0.5,train
sample_05495.jpg,SRC_170,-20.0,180.0,56.332579,N-autumn,0.25,validation
sample_05496.jpg,SRC_156,10.0,180.0,48.737382,N-summer,0.25,validation
sample_05497.jpg,SRC_158,-5.0,180.0,35.954137,N-winter,0.25,train
sample_05498.jpg,SRC_014,-40.0,180.0,38.480327,N-winter,0.25,train
sample_05499.jpg,SRC_042,10.0,180.0,36.92431,N-spring,0.5,calibration
sample_05500.jpg,SRC_083,0.0,180.0,55.378885,N-spring,0.25,calibration
sample_05501.jpg,SRC_046,0.0,180.0,58.061031,N-autumn,0.25,calibration
sample_05502.jpg,SRC_072,15.0,180.0,46.966801,N-winter,0.25,train
sample_05503.jpg,SRC_129,20.0,180.0,41.057252,N-spring,0.25,validation
sample_05504.jpg,SRC_158,-5.0,180.0,35.954137,N-winter,0.25,train
sample_05505.jpg,SRC_097,0.0,180.0,35.318175,N-winter,0.25,train
sample_05506.jpg,SRC_146,10.0,180.0,58.0428,N-summer,0.5,train
sample_05507.jpg,SRC_102,-10.0,180.0,52.255853,N-spring,0.25,train
sample_05508.jpg,SRC_006,-15.0,180.0,65.638079,N-spring,0.5,train
sample_05509.jpg,SRC_051,20.0,180.0,63.609319,N-autumn,0.5,train
sample_05510.jpg,SRC_051,20.0,180.0,63.609319,N-autumn,0.5,train
sample_05511.jpg,SRC_026,90.0,0.0,57.238404,N-spring,0.25,calibration
sample_05512.jpg,SRC_133,-10.0,180.0,48.887369,N-spring,0.5,train
sample_05513.jpg,SRC_148,-15.0,180.0,49.227137,N-autumn,0.25,train
sample_05514.jpg,SRC_061,50.0,180.0,43.110277,N-spring,0.5,train
sample_05515.jpg,SRC_018,-90.0,0.0,67.882485,N-winter,0.25,train
sample_05516.jpg,SRC_071,20.0,180.0,40.070501,N-spring,0.25,train
sample_05517.jpg,SRC_061,50.0,180.0,43.110277,N-spring,0.5,train
sample_05518.jpg,SRC_009,-25.0,180.0,73.827745,N-spring,0.5,train
sample_05519.jpg,SRC_061,50.0,180.0,43.110277,N-spring,0.5,train
sample_05520.jpg,SRC_015,20.0,180.0,46.484204,N-summer,0.25,train
sample_05521.jpg,SRC_009,-25.0,180.0,73.827745,N-spring,0.5,train
sample_05522.jpg,SRC_071,20.0,180.0,40.070501,N-spring,0.25,train
sample_05523.jpg,SRC_041,15.0,180.0,46.712049,N-summer,0.25,validation
sample_05524.jpg,SRC_036,5.0,180.0,52.749586,N-summer,0.25,train
sample_05525.jpg,SRC_103,-35.0,180.0,57.090396,N-autumn,0.25,train
sample_05526.jpg,SRC_041,15.0,180.0,46.712049,N-summer,0.25,validation
sample_05527.jpg,SRC_047,0.0,180.0,48.028677,N-spring,0.5,validation
sample_05528.jpg,SRC_076,25.0,180.0,63.632584,N-autumn,0.25,train
sample_05529.jpg,SRC_052,5.0,180.0,51.705435,N-summer,0.25,train
sample_05530.jpg,SRC_037,15.0,180.0,44.468297,N-spring,0.25,train
sample_05531.jpg,SRC_070,60.0,180.0,58.788969,N-summer,0.5,train
sample_05532.jpg,SRC_063,25.0,180.0,41.329237,N-spring,0.25,train
sample_05533.jpg,SRC_004,30.0,180.0,61.107468,N-autumn,0.5,train
sample_05534.jpg,SRC_073,45.0,180.0,41.537171,N-spring,0.25,train
sample_05535.jpg,SRC_108,-40.0,180.0,68.856247,N-summer,0.5,calibration
sample_05536.jpg,SRC_108,-40.0,180.0,68.856247,N-summer,0.5,calibration
sample_05537.jpg,SRC_070,60.0,180.0,58.788969,N-summer,0.5,train
sample_05538.jpg,SRC_156,10.0,180.0,48.737382,N-summer,0.25,validation
sample_05539.jpg,SRC_077,-5.0,180.0,34.299081,N-winter,0.25,train
sample_05540.jpg,SRC_026,90.0,0.0,57.238404,N-spring,0.25,calibration
sample_05541.jpg,SRC_024,10.0,180.0,53.725813,N-summer,0.25,calibration
sample_05542.jpg,SRC_005,0.0,180.0,55.846781,N-summer,0.5,validation
sample_05543.jpg,SRC_131,10.0,180.0,60.540464,N-autumn,0.5,train
sample_05544.jpg,SRC_084,-10.0,180.0,58.957849,N-summer,0.25,train
sample_05545.jpg,SRC_109,50.0,180.0,54.137665,N-summer,0.25,validation
sample_05546.jpg,SRC_104,25.0,180.0,45.102036,N-summer,0.5,validation
sample_05547.jpg,SRC_062,45.0,180.0,81.508965,N-autumn,0.5,train
sample_05548.jpg,SRC_066,-10.0,180.0,61.81065,N-summer,0.5,calibration
sample_05549.jpg,SRC_106,25.0,180.0,40.638999,N-spring,0.5,validation
sample_05550.jpg,SRC_061,50.0,180.0,43.110277,N-spring,0.5,train
sample_05551.jpg,SRC_112,-30.0,180.0,67.516648,N-spring,0.5,train
sample_05552.jpg,SRC_013,50.0,180.0,54.051464,N-spring,0.5,train
sample_05553.jpg,SRC_091,-40.0,180.0,72.511342,N-summer,0.5,train
sample_05554.jpg,SRC_042,10.0,180.0,36.92431,N-spring,0.5,calibration
sample_05555.jpg,SRC_072,15.0,180.0,46.966801,N-winter,0.25,train
sample_05556.jpg,SRC_109,50.0,180.0,54.137665,N-summer,0.25,validation
sample_05557.jpg,SRC_148,-15.0,180.0,49.227137,N-autumn,0.25,train
sample_05558.jpg,SRC_086,15.0,180.0,43.648742,N-summer,0.5,validation
sample_05559.jpg,SRC_060,90.0,0.0,64.124177,N-summer,0.25,validation
sample_05560.jpg,SRC_015,20.0,180.0,46.484204,N-summer,0.25,train
sample_05561.jpg,SRC_145,-5.0,180.0,52.15166,N-spring,0.25,train
sample_05562.jpg,SRC_096,25.0,180.0,40.422288,N-spring,0.25,train
sample_05563.jpg,SRC_169,40.0,180.0,48.615664,N-summer,0.25,train
sample_05564.jpg,SRC_040,90.0,0.0,57.651744,N-spring,0.5,train
sample_05565.jpg,SRC_114,-10.0,180.0,58.176498,N-autumn,0.5,train
sample_05566.jpg,SRC_090,50.0,180.0,47.196626,N-summer,0.25,train
sample_05567.jpg,SRC_103,-35.0,180.0,57.090396,N-autumn,0.25,train
sample_05568.jpg,SRC_030,-25.0,180.0,67.936804,N-spring,0.5,train
sample_05569.jpg,SRC_126,-20.0,180.0,68.779144,N-summer,0.5,train
sample_05570.jpg,SRC_091,-40.0,180.0,72.511342,N-summer,0.5,train
sample_05571.jpg,SRC_150,10.0,180.0,50.798821,N-summer,0.5,train
sample_05572.jpg,SRC_158,-5.0,180.0,35.954137,N-winter,0.25,train
sample_05573.jpg,SRC_153,-40.0,180.0,43.960452,N-autumn,0.25,train
sample_05574.jpg,SRC_051,20.0,180.0,63.609319,N-autumn,0.5,train
sample_05575.jpg,SRC_042,10.0,180.0,36.92431,N-spring,0.5,calibration
sample_05576.jpg,SRC_096,25.0,180.0,40.422288,N-spring,0.25,train
sample_05577.jpg,SRC_156,10.0,180.0,48.737382,N-summer,0.25,validation
sample_05578.jpg,SRC_014,-40.0,180.0,38.480327,N-winter,0.25,train
sample_05579.jpg,SRC_099,15.0,180.0,42.024472,N-spring,0.5,train
sample_05580.jpg,SRC_077,-5.0,180.0,34.299081,N-winter,0.25,train
sample_05581.jpg,SRC_114,-10.0,180.0,58.176498,N-autumn,0.5,train
sample_05582.jpg,SRC_166,90.0,0.0,60.094207,N-spring,0.5,validation
sample_05583.jpg,SRC_087,0.0,180.0,54.65824,N-summer,0.25,calibration
sample_05584.jpg,SRC_039,90.0,0.0,70.63275,N-summer,0.5,calibration
sample_05585.jpg,SRC_139,40.0,180.0,53.533251,N-winter,0.25,train
sample_05586.jpg,SRC_112,-30.0,180.0,67.516648,N-spring,0.5,train
sample_05587.jpg,SRC_121,25.0,180.0,67.446292,N-autumn,0.5,train
sample_05588.jpg,SRC_136,-35.0,180.0,76.922409,N-spring,0.5,train
sample_05589.jpg,SRC_013,50.0,180.0,54.051464,N-spring,0.5,train
sample_05590.jpg,SRC_087,0.0,180.0,54.65824,N-summer,0.25,calibration
sample_05591.jpg,SRC_022,20.0,180.0,41.513642,N-spring,0.25,train
sample_05592.jpg,SRC_153,-40.0,180.0,43.960452,N-autumn,0.25,train
sample_05593.jpg,SRC_114,-10.0,180.0,58.176498,N-autumn,0.5,train
sample_05594.jpg,SRC_099,15.0,180.0,42.024472,N-spring,0.5,train
sample_05595.jpg,SRC_004,30.0,180.0,61.107468,N-autumn,0.5,train
sample_05596.jpg,SRC_115,25.0,180.0,41.8845,N-spring,0.25,train
sample_05597.jpg,SRC_171,-35.0,180.0,63.65778,N-spring,0.25,train
sample_05598.jpg,SRC_120,90.0,0.0,69.983669,N-summer,0.25,train
sample_05599.jpg,SRC_106,25.0,180.0,40.638999,N-spring,0.5,validation
sample_05600.jpg,SRC_081,-90.0,0.0,74.772433,N-autumn,0.25,calibration
sample_05601.jpg,SRC_071,20.0,180.0,40.070501,N-spring,0.25,train
sample_05602.jpg,SRC_086,15.0,180.0,43.648742,N-summer,0.5,validation
sample_05603.jpg,SRC_042,10.0,180.0,36.92431,N-spring,0.5,calibration
sample_05604.jpg,SRC_067,-15.0,180.0,64.724247,N-spring,0.5,calibration
sample_05605.jpg,SRC_092,5.0,180.0,57.429528,N-autumn,0.25,train
sample_05606.jpg,SRC_133,-10.0,180.0,48.887369,N-spring,0.5,train
sample_05607.jpg,SRC_027,35.0,180.0,41.369436,N-spring,0.5,train
sample_05608.jpg,SRC_038,-15.0,180.0,32.097448,N-winter,0.25,train
sample_05609.jpg,SRC_045,-90.0,0.0,70.559818,N-autumn,0.25,train
sample_05610.jpg,SRC_043,10.0,180.0,50.433279,N-summer,0.5,train
sample_05611.jpg,SRC_146,10.0,180.0,58.0428,N-summer,0.5,train
sample_05612.jpg,SRC_116,5.0,180.0,41.203028,N-spring,0.25,calibration
sample_05613.jpg,SRC_071,20.0,180.0,40.070501,N-spring,0.25,train
sample_05614.jpg,SRC_112,-30.0,180.0,67.516648,N-spring,0.5,train
sample_05615.jpg,SRC_108,-40.0,180.0,68.856247,N-summer,0.5,calibration
sample_05616.jpg,SRC_159,20.0,180.0,67.076816,N-autumn,0.25,train
sample_05617.jpg,SRC_130,25.0,180.0,37.507656,N-spring,0.25,train
sample_05618.jpg,SRC_165,10.0,180.0,42.451267,N-winter,0.25,train
sample_05619.jpg,SRC_144,-35.0,180.0,76.731052,N-spring,0.5,train
sample_05620.jpg,SRC_121,25.0,180.0,67.446292,N-autumn,0.5,train
sample_05621.jpg,SRC_165,10.0,180.0,42.451267,N-winter,0.25,train
sample_05622.jpg,SRC_144,-35.0,180.0,76.731052,N-spring,0.5,train
sample_05623.jpg,SRC_061,50.0,180.0,43.110277,N-spring,0.5,train
sample_05624.jpg,SRC_028,10.0,180.0,42.894848,N-spring,0.25,calibration
sample_05625.jpg,SRC_026,90.0,0.0,57.238404,N-spring,0.25,calibration
sample_05626.jpg,SRC_154,0.0,180.0,54.770875,N-summer,0.5,train
sample_05627.jpg,SRC_108,-40.0,180.0,68.856247,N-summer,0.5,calibration
sample_05628.jpg,SRC_087,0.0,180.0,54.65824,N-summer,0.25,calibration
sample_05629.jpg,SRC_103,-35.0,180.0,57.090396,N-autumn,0.25,train
sample_05630.jpg,SRC_006,-15.0,180.0,65.638079,N-spring,0.5,train
sample_05631.jpg,SRC_123,0.0,180.0,54.598149,N-autumn,0.5,train
sample_05632.jpg,SRC_021,-90.0,0.0,68.040851,N-autumn,0.5,train
sample_05633.jpg,SRC_009,-25.0,180.0,73.827745,N-spring,0.5,train
sample_05634.jpg,SRC_127,-35.0,180.0,47.507974,N-autumn,0.5,validation
sample_05635.jpg,SRC_097,0.0,180.0,35.318175,N-winter,0.25,train
sample_05636.jpg,SRC_001,-5.0,180.0,51.987197,N-spring,0.5,train
sample_05637.jpg,SRC_099,15.0,180.0,42.024472,N-spring,0.5,train
sample_05638.jpg,SRC_089,10.0,180.0,48.442522,N-winter,0.25,calibration
sample_05639.jpg,SRC_052,5.0,180.0,51.705435,N-summer,0.25,train
sample_05640.jpg,SRC_018,-90.0,0.0,67.882485,N-winter,0.25,train
sample_05641.jpg,SRC_140,35.0,180.0,44.85556,N-spring,0.25,train
sample_05642.jpg,SRC_013,50.0,180.0,54.051464,N-spring,0.5,train
sample_05643.jpg,SRC_069,25.0,180.0,48.120522,N-summer,0.5,train
sample_05644.jpg,SRC_092,5.0,180.0,57.429528,N-autumn,0.25,train
sample_05645.jpg,SRC_151,-15.0,180.0,63.408071,N-summer,0.5,validation
sample_05646.jpg,SRC_138,25.0,180.0,44.714676,N-summer,0.25,train
sample_05647.jpg,SRC_051,20.0,180.0,63.609319,N-autumn,0.5,train
sample_05648.jpg,SRC_069,25.0,180.0,48.120522,N-summer,0.5,train
sample_05649.jpg,SRC_090,50.0,180.0,47.196626,N-summer,0.25,train
sample_05650.jpg,SRC_021,-90.0,0.0,68.040851,N-autumn,0.5,train
sample_05651.jpg,SRC_111,-35.0,180.0,79.069883,N-spring,1.0,train
sample_05652.jpg,SRC_004,30.0,180.0,61.107468,N-autumn,0.5,train
sample_05653.jpg,SRC_154,0.0,180.0,54.770875,N-summer,0.5,train
sample_05654.jpg,SRC_013,50.0,180.0,54.051464,N-spring,0.5,train
sample_05655.jpg,SRC_139,40.0,180.0,53.533251,N-winter,0.25,train
sample_05656.jpg,SRC_148,-15.0,180.0,49.227137,N-autumn,0.25,train
sample_05657.jpg,SRC_146,10.0,180.0,58.0428,N-summer,0.5,train
sample_05658.jpg,SRC_136,-35.0,180.0,76.922409,N-spring,0.5,train
sample_05659.jpg,SRC_026,90.0,0.0,57.238404,N-spring,0.25,calibration
sample_05660.jpg,SRC_030,-25.0,180.0,67.936804,N-spring,0.5,train
sample_05661.jpg,SRC_149,90.0,0.0,55.701783,N-summer,0.25,train
sample_05662.jpg,SRC_153,-40.0,180.0,43.960452,N-autumn,0.25,train
sample_05663.jpg,SRC_119,90.0,0.0,58.642683,N-spring,0.25,calibration
sample_05664.jpg,SRC_055,-5.0,180.0,57.335076,N-spring,0.25,train
sample_05665.jpg,SRC_096,25.0,180.0,40.422288,N-spring,0.25,train
sample_05666.jpg,SRC_113,-35.0,180.0,36.668707,N-winter,0.25,train
sample_05667.jpg,SRC_103,-35.0,180.0,57.090396,N-autumn,0.25,train
sample_05668.jpg,SRC_106,25.0,180.0,40.638999,N-spring,0.5,validation
sample_05669.jpg,SRC_038,-15.0,180.0,32.097448,N-winter,0.25,train
sample_05670.jpg,SRC_009,-25.0,180.0,73.827745,N-spring,0.5,train
sample_05671.jpg,SRC_153,-40.0,180.0,43.960452,N-autumn,0.25,train
sample_05672.jpg,SRC_131,10.0,180.0,60.540464,N-autumn,0.5,train
sample_05673.jpg,SRC_103,-35.0,180.0,57.090396,N-autumn,0.25,train
sample_05674.jpg,SRC_055,-5.0,180.0,57.335076,N-spring,0.25,train
sample_05675.jpg,SRC_018,-90.0,0.0,67.882485,N-winter,0.25,train
sample_05676.jpg,SRC_103,-35.0,180.0,57.090396,N-autumn,0.25,train
sample_05677.jpg,SRC_067,-15.0,180.0,64.724247,N-spring,0.5,calibration
sample_05678.jpg,SRC_115,25.0,180.0,41.8845,N-spring,0.25,train
sample_05679.jpg,SRC_058,30.0,180.0,69.060883,N-autumn,0.5,train
sample_05680.jpg,SRC_021,-90.0,0.0,68.040851,N-autumn,0.5,train
sample_05681.jpg,SRC_011,-20.0,180.0,70.371153,N-summer,0.25,train
sample_05682.jpg,SRC_041,15.0,180.0,46.712049,N-summer,0.25,validation
sample_05683.jpg,SRC_040,90.0,0.0,57.651744,N-spring,0.5,train
sample_05684.jpg,SRC_108,-40.0,180.0,68.856247,N-summer,0.5,calibration
sample_05685.jpg,SRC_087,0.0,180.0,54.65824,N-summer,0.25,calibration
sample_05686.jpg,SRC_121,25.0,180.0,67.446292,N-autumn,0.5,train
sample_05687.jpg,SRC_158,-5.0,180.0,35.954137,N-winter,0.25,train
sample_05688.jpg,SRC_133,-10.0,180.0,48.887369,N-spring,0.5,train
sample_05689.jpg,SRC_100,20.0,180.0,41.506528,N-spring,0.25,train
sample_05690.jpg,SRC_150,10.0,180.0,50.798821,N-summer,0.5,train
sample_05691.jpg,SRC_124,0.0,180.0,51.928413,N-summer,0.25,train
sample_05692.jpg,SRC_047,0.0,180.0,48.028677,N-spring,0.5,validation
sample_05693.jpg,SRC_015,20.0,180.0,46.484204,N-summer,0.25,train
sample_05694.jpg,SRC_069,25.0,180.0,48.120522,N-summer,0.5,train
sample_05695.jpg,SRC_081,-90.0,0.0,74.772433,N-autumn,0.25,calibration
sample_05696.jpg,SRC_101,5.0,180.0,48.479381,N-winter,0.25,validation
sample_05697.jpg,SRC_063,25.0,180.0,41.329237,N-spring,0.25,train
sample_05698.jpg,SRC_014,-40.0,180.0,38.480327,N-winter,0.25,train
sample_05699.jpg,SRC_121,25.0,180.0,67.446292,N-autumn,0.5,train
sample_05700.jpg,SRC_109,50.0,180.0,54.137665,N-summer,0.25,validation
sample_05701.jpg,SRC_058,30.0,180.0,69.060883,N-autumn,0.5,train
sample_05702.jpg,SRC_103,-35.0,180.0,57.090396,N-autumn,0.25,train
sample_05703.jpg,SRC_126,-20.0,180.0,68.779144,N-summer,0.5,train
sample_05704.jpg,SRC_140,35.0,180.0,44.85556,N-spring,0.25,train
sample_05705.jpg,SRC_134,-30.0,180.0,69.607895,N-spring,0.5,train
sample_05706.jpg,SRC_124,0.0,180.0,51.928413,N-summer,0.25,train
sample_05707.jpg,SRC_008,25.0,180.0,61.005891,N-autumn,0.25,validation
sample_05708.jpg,SRC_063,25.0,180.0,41.329237,N-spring,0.25,train
sample_05709.jpg,SRC_037,15.0,180.0,44.468297,N-spring,0.25,train
sample_05710.jpg,SRC_171,-35.0,180.0,63.65778,N-spring,0.25,train
sample_05711.jpg,SRC_076,25.0,180.0,63.632584,N-autumn,0.25,train
sample_05712.jpg,SRC_020,35.0,180.0,42.075965,N-summer,0.25,calibration
sample_05713.jpg,SRC_150,10.0,180.0,50.798821,N-summer,0.5,train
sample_05714.jpg,SRC_018,-90.0,0.0,67.882485,N-winter,0.25,train
sample_05715.jpg,SRC_099,15.0,180.0,42.024472,N-spring,0.5,train
sample_05716.jpg,SRC_004,30.0,180.0,61.107468,N-autumn,0.5,train
sample_05717.jpg,SRC_091,-40.0,180.0,72.511342,N-summer,0.5,train
sample_05718.jpg,SRC_170,-20.0,180.0,56.332579,N-autumn,0.25,validation
sample_05719.jpg,SRC_076,25.0,180.0,63.632584,N-autumn,0.25,train
sample_05720.jpg,SRC_108,-40.0,180.0,68.856247,N-summer,0.5,calibration
sample_05721.jpg,SRC_013,50.0,180.0,54.051464,N-spring,0.5,train
sample_05722.jpg,SRC_088,0.0,180.0,53.004483,N-summer,0.25,train
sample_05723.jpg,SRC_020,35.0,180.0,42.075965,N-summer,0.25,calibration
sample_05724.jpg,SRC_150,10.0,180.0,50.798821,N-summer,0.5,train
sample_05725.jpg,SRC_164,20.0,180.0,59.226879,N-autumn,0.25,train
sample_05726.jpg,SRC_006,-15.0,180.0,65.638079,N-spring,0.5,train
sample_05727.jpg,SRC_037,15.0,180.0,44.468297,N-spring,0.25,train
sample_05728.jpg,SRC_109,50.0,180.0,54.137665,N-summer,0.25,validation
sample_05729.jpg,SRC_094,20.0,180.0,66.934532,N-autumn,0.25,train
sample_05730.jpg,SRC_085,0.0,180.0,39.187341,N-spring,0.25,train
sample_05731.jpg,SRC_056,-40.0,180.0,74.660587,N-summer,0.5,train
sample_05732.jpg,SRC_013,50.0,180.0,54.051464,N-spring,0.5,train
sample_05733.jpg,SRC_039,90.0,0.0,70.63275,N-summer,0.5,calibration
sample_05734.jpg,SRC_040,90.0,0.0,57.651744,N-spring,0.5,train
sample_05735.jpg,SRC_123,0.0,180.0,54.598149,N-autumn,0.5,train
sample_05736.jpg,SRC_022,20.0,180.0,41.513642,N-spring,0.25,train
sample_05737.jpg,SRC_114,-10.0,180.0,58.176498,N-autumn,0.5,train
sample_05738.jpg,SRC_004,30.0,180.0,61.107468,N-autumn,0.5,train
sample_05739.jpg,SRC_048,-25.0,180.0,61.920556,N-autumn,0.25,calibration
sample_05740.jpg,SRC_124,0.0,180.0,51.928413,N-summer,0.25,train
sample_05741.jpg,SRC_066,-10.0,180.0,61.81065,N-summer,0.5,calibration
sample_05742.jpg,SRC_109,50.0,180.0,54.137665,N-summer,0.25,validation
sample_05743.jpg,SRC_115,25.0,180.0,41.8845,N-spring,0.25,train
sample_05744.jpg,SRC_004,30.0,180.0,61.107468,N-autumn,0.5,train
sample_05745.jpg,SRC_050,0.0,180.0,53.680047,N-summer,0.25,calibration
sample_05746.jpg,SRC_108,-40.0,180.0,68.856247,N-summer,0.5,calibration
sample_05747.jpg,SRC_086,15.0,180.0,43.648742,N-summer,0.5,validation
sample_05748.jpg,SRC_011,-20.0,180.0,70.371153,N-summer,0.25,train
sample_05749.jpg,SRC_047,0.0,180.0,48.028677,N-spring,0.5,validation
sample_05750.jpg,SRC_043,10.0,180.0,50.433279,N-summer,0.5,train
sample_05751.jpg,SRC_095,-20.0,180.0,56.495654,N-spring,0.5,validation
sample_05752.jpg,SRC_089,10.0,180.0,48.442522,N-winter,0.25,calibration
sample_05753.jpg,SRC_134,-30.0,180.0,69.607895,N-spring,0.5,train
sample_05754.jpg,SRC_106,25.0,180.0,40.638999,N-spring,0.5,validation
sample_05755.jpg,SRC_040,90.0,0.0,57.651744,N-spring,0.5,train
sample_05756.jpg,SRC_049,5.0,180.0,42.94902,N-spring,0.25,train
sample_05757.jpg,SRC_089,10.0,180.0,48.442522,N-winter,0.25,calibration
sample_05758.jpg,SRC_028,10.0,180.0,42.894848,N-spring,0.25,calibration
sample_05759.jpg,SRC_151,-15.0,180.0,63.408071,N-summer,0.5,validation
sample_05760.jpg,SRC_042,10.0,180.0,36.92431,N-spring,0.5,calibration
sample_05761.jpg,SRC_158,-5.0,180.0,35.954137,N-winter,0.25,train
sample_05762.jpg,SRC_009,-25.0,180.0,73.827745,N-spring,0.5,train
sample_05763.jpg,SRC_040,90.0,0.0,57.651744,N-spring,0.5,train
sample_05764.jpg,SRC_011,-20.0,180.0,70.371153,N-summer,0.25,train
sample_05765.jpg,SRC_121,25.0,180.0,67.446292,N-autumn,0.5,train
sample_05766.jpg,SRC_041,15.0,180.0,46.712049,N-summer,0.25,validation
sample_05767.jpg,SRC_085,0.0,180.0,39.187341,N-spring,0.25,train
sample_05768.jpg,SRC_092,5.0,180.0,57.429528,N-autumn,0.25,train
sample_05769.jpg,SRC_009,-25.0,180.0,73.827745,N-spring,0.5,train
sample_05770.jpg,SRC_066,-10.0,180.0,61.81065,N-summer,0.5,calibration
sample_05771.jpg,SRC_121,25.0,180.0,67.446292,N-autumn,0.5,train
sample_05772.jpg,SRC_073,45.0,180.0,41.537171,N-spring,0.25,train
sample_05773.jpg,SRC_076,25.0,180.0,63.632584,N-autumn,0.25,train
sample_05774.jpg,SRC_071,20.0,180.0,40.070501,N-spring,0.25,train
sample_05775.jpg,SRC_111,-35.0,180.0,79.069883,N-spring,1.0,train
sample_05776.jpg,SRC_154,0.0,180.0,54.770875,N-summer,0.5,train
sample_05777.jpg,SRC_104,25.0,180.0,45.102036,N-summer,0.5,validation
sample_05778.jpg,SRC_140,35.0,180.0,44.85556,N-spring,0.25,train
sample_05779.jpg,SRC_159,20.0,180.0,67.076816,N-autumn,0.25,train
sample_05780.jpg,SRC_134,-30.0,180.0,69.607895,N-spring,0.5,train
sample_05781.jpg,SRC_148,-15.0,180.0,49.227137,N-autumn,0.25,train
sample_05782.jpg,SRC_020,35.0,180.0,42.075965,N-summer,0.25,calibration
sample_05783.jpg,SRC_072,15.0,180.0,46.966801,N-winter,0.25,train
sample_05784.jpg,SRC_004,30.0,180.0,61.107468,N-autumn,0.5,train
sample_05785.jpg,SRC_076,25.0,180.0,63.632584,N-autumn,0.25,train
sample_05786.jpg,SRC_055,-5.0,180.0,57.335076,N-spring,0.25,train
sample_05787.jpg,SRC_024,10.0,180.0,53.725813,N-summer,0.25,calibration
sample_05788.jpg,SRC_099,15.0,180.0,42.024472,N-spring,0.5,train
sample_05789.jpg,SRC_084,-10.0,180.0,58.957849,N-summer,0.25,train
sample_05790.jpg,SRC_082,-10.0,180.0,60.444036,N-spring,0.25,calibration
sample_05791.jpg,SRC_086,15.0,180.0,43.648742,N-summer,0.5,validation
sample_05792.jpg,SRC_092,5.0,180.0,57.429528,N-autumn,0.25,train
sample_05793.jpg,SRC_157,40.0,180.0,44.22455,N-summer,0.25,calibration
sample_05794.jpg,SRC_112,-30.0,180.0,67.516648,N-spring,0.5,train
sample_05795.jpg,SRC_030,-25.0,180.0,67.936804,N-spring,0.5,train
sample_05796.jpg,SRC_103,-35.0,180.0,57.090396,N-autumn,0.25,train
sample_05797.jpg,SRC_051,20.0,180.0,63.609319,N-autumn,0.5,train
sample_05798.jpg,SRC_150,10.0,180.0,50.798821,N-summer,0.5,train
sample_05799.jpg,SRC_009,-25.0,180.0,73.827745,N-spring,0.5,train
sample_05800.jpg,SRC_023,-10.0,180.0,50.837437,N-spring,0.25,train
sample_05801.jpg,SRC_165,10.0,180.0,42.451267,N-winter,0.25,train
sample_05802.jpg,SRC_030,-25.0,180.0,67.936804,N-spring,0.5,train
sample_05803.jpg,SRC_015,20.0,180.0,46.484204,N-summer,0.25,train
sample_05804.jpg,SRC_158,-5.0,180.0,35.954137,N-winter,0.25,train
sample_05805.jpg,SRC_001,-5.0,180.0,51.987197,N-spring,0.5,train
sample_05806.jpg,SRC_159,20.0,180.0,67.076816,N-autumn,0.25,train
sample_05807.jpg,SRC_150,10.0,180.0,50.798821,N-summer,0.5,train
sample_05808.jpg,SRC_027,35.0,180.0,41.369436,N-spring,0.5,train
sample_05809.jpg,SRC_114,-10.0,180.0,58.176498,N-autumn,0.5,train
sample_05810.jpg,SRC_013,50.0,180.0,54.051464,N-spring,0.5,train
sample_05811.jpg,SRC_096,25.0,180.0,40.422288,N-spring,0.25,train
sample_05812.jpg,SRC_099,15.0,180.0,42.024472,N-spring,0.5,train
sample_05813.jpg,SRC_012,-90.0,0.0,85.677016,N-autumn,0.5,train
sample_05814.jpg,SRC_090,50.0,180.0,47.196626,N-summer,0.25,train
sample_05815.jpg,SRC_024,10.0,180.0,53.725813,N-summer,0.25,calibration
sample_05816.jpg,SRC_124,0.0,180.0,51.928413,N-summer,0.25,train
sample_05817.jpg,SRC_159,20.0,180.0,67.076816,N-autumn,0.25,train
sample_05818.jpg,SRC_109,50.0,180.0,54.137665,N-summer,0.25,validation
sample_05819.jpg,SRC_094,20.0,180.0,66.934532,N-autumn,0.25,train
sample_05820.jpg,SRC_099,15.0,180.0,42.024472,N-spring,0.5,train
sample_05821.jpg,SRC_067,-15.0,180.0,64.724247,N-spring,0.5,calibration
sample_05822.jpg,SRC_073,45.0,180.0,41.537171,N-spring,0.25,train
sample_05823.jpg,SRC_004,30.0,180.0,61.107468,N-autumn,0.5,train
sample_05824.jpg,SRC_012,-90.0,0.0,85.677016,N-autumn,0.5,train
sample_05825.jpg,SRC_029,-5.0,180.0,45.485648,N-autumn,0.25,calibration
sample_05826.jpg,SRC_091,-40.0,180.0,72.511342,N-summer,0.5,train
sample_05827.jpg,SRC_134,-30.0,180.0,69.607895,N-spring,0.5,train
sample_05828.jpg,SRC_006,-15.0,180.0,65.638079,N-spring,0.5,train
sample_05829.jpg,SRC_066,-10.0,180.0,61.81065,N-summer,0.5,calibration
sample_05830.jpg,SRC_129,20.0,180.0,41.057252,N-spring,0.25,validation
sample_05831.jpg,SRC_106,25.0,180.0,40.638999,N-spring,0.5,validation
sample_05832.jpg,SRC_066,-10.0,180.0,61.81065,N-summer,0.5,calibration
sample_05833.jpg,SRC_153,-40.0,180.0,43.960452,N-autumn,0.25,train
sample_05834.jpg,SRC_006,-15.0,180.0,65.638079,N-spring,0.5,train
sample_05835.jpg,SRC_084,-10.0,180.0,58.957849,N-summer,0.25,train
sample_05836.jpg,SRC_040,90.0,0.0,57.651744,N-spring,0.5,train
sample_05837.jpg,SRC_165,10.0,180.0,42.451267,N-winter,0.25,train
sample_05838.jpg,SRC_104,25.0,180.0,45.102036,N-summer,0.5,validation
sample_05839.jpg,SRC_004,30.0,180.0,61.107468,N-autumn,0.5,train
sample_05840.jpg,SRC_158,-5.0,180.0,35.954137,N-winter,0.25,train
sample_05841.jpg,SRC_113,-35.0,180.0,36.668707,N-winter,0.25,train
sample_05842.jpg,SRC_007,20.0,180.0,49.485932,N-winter,0.25,validation
sample_05843.jpg,SRC_008,25.0,180.0,61.005891,N-autumn,0.25,validation
sample_05844.jpg,SRC_059,15.0,180.0,48.046698,N-summer,0.25,train
sample_05845.jpg,SRC_103,-35.0,180.0,57.090396,N-autumn,0.25,train
sample_05846.jpg,SRC_069,25.0,180.0,48.120522,N-summer,0.5,train
sample_05847.jpg,SRC_070,60.0,180.0,58.788969,N-summer,0.5,train
sample_05848.jpg,SRC_142,-30.0,180.0,34.276784,N-winter,0.25,train
sample_05849.jpg,SRC_008,25.0,180.0,61.005891,N-autumn,0.25,validation
sample_05850.jpg,SRC_063,25.0,180.0,41.329237,N-spring,0.25,train
sample_05851.jpg,SRC_066,-10.0,180.0,61.81065,N-summer,0.5,calibration
sample_05852.jpg,SRC_009,-25.0,180.0,73.827745,N-spring,0.5,train
sample_05853.jpg,SRC_112,-30.0,180.0,67.516648,N-spring,0.5,train
sample_05854.jpg,SRC_114,-10.0,180.0,58.176498,N-autumn,0.5,train
sample_05855.jpg,SRC_156,10.0,180.0,48.737382,N-summer,0.25,validation
sample_05856.jpg,SRC_074,0.0,180.0,50.25459,N-spring,0.5,train
sample_05857.jpg,SRC_051,20.0,180.0,63.609319,N-autumn,0.5,train
sample_05858.jpg,SRC_041,15.0,180.0,46.712049,N-summer,0.25,validation
sample_05859.jpg,SRC_151,-15.0,180.0,63.408071,N-summer,0.5,validation
sample_05860.jpg,SRC_076,25.0,180.0,63.632584,N-autumn,0.25,train
sample_05861.jpg,SRC_093,-25.0,180.0,43.343655,N-autumn,0.5,calibration
sample_05862.jpg,SRC_121,25.0,180.0,67.446292,N-autumn,0.5,train
sample_05863.jpg,SRC_069,25.0,180.0,48.120522,N-summer,0.5,train
sample_05864.jpg,SRC_115,25.0,180.0,41.8845,N-spring,0.25,train
sample_05865.jpg,SRC_037,15.0,180.0,44.468297,N-spring,0.25,train
sample_05866.jpg,SRC_121,25.0,180.0,67.446292,N-autumn,0.5,train
sample_05867.jpg,SRC_165,10.0,180.0,42.451267,N-winter,0.25,train
sample_05868.jpg,SRC_027,35.0,180.0,41.369436,N-spring,0.5,train
sample_05869.jpg,SRC_037,15.0,180.0,44.468297,N-spring,0.25,train
sample_05870.jpg,SRC_051,20.0,180.0,63.609319,N-autumn,0.5,train
sample_05871.jpg,SRC_049,5.0,180.0,42.94902,N-spring,0.25,train
sample_05872.jpg,SRC_156,10.0,180.0,48.737382,N-summer,0.25,validation
sample_05873.jpg,SRC_144,-35.0,180.0,76.731052,N-spring,0.5,train
sample_05874.jpg,SRC_171,-35.0,180.0,63.65778,N-spring,0.25,train
sample_05875.jpg,SRC_042,10.0,180.0,36.92431,N-spring,0.5,calibration
sample_05876.jpg,SRC_071,20.0,180.0,40.070501,N-spring,0.25,train
sample_05877.jpg,SRC_127,-35.0,180.0,47.507974,N-autumn,0.5,validation
sample_05878.jpg,SRC_062,45.0,180.0,81.508965,N-autumn,0.5,train
sample_05879.jpg,SRC_166,90.0,0.0,60.094207,N-spring,0.5,validation
sample_05880.jpg,SRC_074,0.0,180.0,50.25459,N-spring,0.5,train
sample_05881.jpg,SRC_112,-30.0,180.0,67.516648,N-spring,0.5,train
sample_05882.jpg,SRC_004,30.0,180.0,61.107468,N-autumn,0.5,train
sample_05883.jpg,SRC_030,-25.0,180.0,67.936804,N-spring,0.5,train
sample_05884.jpg,SRC_114,-10.0,180.0,58.176498,N-autumn,0.5,train
sample_05885.jpg,SRC_006,-15.0,180.0,65.638079,N-spring,0.5,train
sample_05886.jpg,SRC_091,-40.0,180.0,72.511342,N-summer,0.5,train
sample_05887.jpg,SRC_086,15.0,180.0,43.648742,N-summer,0.5,validation
sample_05888.jpg,SRC_080,-25.0,180.0,69.726065,N-summer,0.25,train
sample_05889.jpg,SRC_076,25.0,180.0,63.632584,N-autumn,0.25,train
sample_05890.jpg,SRC_148,-15.0,180.0,49.227137,N-autumn,0.25,train
sample_05891.jpg,SRC_021,-90.0,0.0,68.040851,N-autumn,0.5,train
sample_05892.jpg,SRC_095,-20.0,180.0,56.495654,N-spring,0.5,validation
sample_05893.jpg,SRC_076,25.0,180.0,63.632584,N-autumn,0.25,train
sample_05894.jpg,SRC_004,30.0,180.0,61.107468,N-autumn,0.5,train
sample_05895.jpg,SRC_139,40.0,180.0,53.533251,N-winter,0.25,train
sample_05896.jpg,SRC_154,0.0,180.0,54.770875,N-summer,0.5,train
sample_05897.jpg,SRC_150,10.0,180.0,50.798821,N-summer,0.5,train
sample_05898.jpg,SRC_061,50.0,180.0,43.110277,N-spring,0.5,train
sample_05899.jpg,SRC_076,25.0,180.0,63.632584,N-autumn,0.25,train
sample_05900.jpg,SRC_066,-10.0,180.0,61.81065,N-summer,0.5,calibration
sample_05901.jpg,SRC_150,10.0,180.0,50.798821,N-summer,0.5,train
sample_05902.jpg,SRC_142,-30.0,180.0,34.276784,N-winter,0.25,train
sample_05903.jpg,SRC_047,0.0,180.0,48.028677,N-spring,0.5,validation
sample_05904.jpg,SRC_051,20.0,180.0,63.609319,N-autumn,0.5,train
sample_05905.jpg,SRC_133,-10.0,180.0,48.887369,N-spring,0.5,train
sample_05906.jpg,SRC_134,-30.0,180.0,69.607895,N-spring,0.5,train
sample_05907.jpg,SRC_115,25.0,180.0,41.8845,N-spring,0.25,train
sample_05908.jpg,SRC_126,-20.0,180.0,68.779144,N-summer,0.5,train
sample_05909.jpg,SRC_004,30.0,180.0,61.107468,N-autumn,0.5,train
sample_05910.jpg,SRC_043,10.0,180.0,50.433279,N-summer,0.5,train
sample_05911.jpg,SRC_151,-15.0,180.0,63.408071,N-summer,0.5,validation
sample_05912.jpg,SRC_021,-90.0,0.0,68.040851,N-autumn,0.5,train
sample_05913.jpg,SRC_063,25.0,180.0,41.329237,N-spring,0.25,train
sample_05914.jpg,SRC_134,-30.0,180.0,69.607895,N-spring,0.5,train
sample_05915.jpg,SRC_013,50.0,180.0,54.051464,N-spring,0.5,train
sample_05916.jpg,SRC_158,-5.0,180.0,35.954137,N-winter,0.25,train
sample_05917.jpg,SRC_099,15.0,180.0,42.024472,N-spring,0.5,train
sample_05918.jpg,SRC_061,50.0,180.0,43.110277,N-spring,0.5,train
sample_05919.jpg,SRC_169,40.0,180.0,48.615664,N-summer,0.25,train
sample_05920.jpg,SRC_103,-35.0,180.0,57.090396,N-autumn,0.25,train
sample_05921.jpg,SRC_061,50.0,180.0,43.110277,N-spring,0.5,train
sample_05922.jpg,SRC_055,-5.0,180.0,57.335076,N-spring,0.25,train
sample_05923.jpg,SRC_121,25.0,180.0,67.446292,N-autumn,0.5,train
sample_05924.jpg,SRC_165,10.0,180.0,42.451267,N-winter,0.25,train
sample_05925.jpg,SRC_058,30.0,180.0,69.060883,N-autumn,0.5,train
sample_05926.jpg,SRC_108,-40.0,180.0,68.856247,N-summer,0.5,calibration
sample_05927.jpg,SRC_142,-30.0,180.0,34.276784,N-winter,0.25,train
sample_05928.jpg,SRC_030,-25.0,180.0,67.936804,N-spring,0.5,train
sample_05929.jpg,SRC_095,-20.0,180.0,56.495654,N-spring,0.5,validation
sample_05930.jpg,SRC_014,-40.0,180.0,38.480327,N-winter,0.25,train
sample_05931.jpg,SRC_094,20.0,180.0,66.934532,N-autumn,0.25,train
sample_05932.jpg,SRC_052,5.0,180.0,51.705435,N-summer,0.25,train
sample_05933.jpg,SRC_024,10.0,180.0,53.725813,N-summer,0.25,calibration
sample_05934.jpg,SRC_040,90.0,0.0,57.651744,N-spring,0.5,train
sample_05935.jpg,SRC_094,20.0,180.0,66.934532,N-autumn,0.25,train
sample_05936.jpg,SRC_159,20.0,180.0,67.076816,N-autumn,0.25,train
sample_05937.jpg,SRC_030,-25.0,180.0,67.936804,N-spring,0.5,train
sample_05938.jpg,SRC_126,-20.0,180.0,68.779144,N-summer,0.5,train
sample_05939.jpg,SRC_050,0.0,180.0,53.680047,N-summer,0.25,calibration
sample_05940.jpg,SRC_011,-20.0,180.0,70.371153,N-summer,0.25,train
sample_05941.jpg,SRC_094,20.0,180.0,66.934532,N-autumn,0.25,train
sample_05942.jpg,SRC_011,-20.0,180.0,70.371153,N-summer,0.25,train
sample_05943.jpg,SRC_104,25.0,180.0,45.102036,N-summer,0.5,validation
sample_05944.jpg,SRC_063,25.0,180.0,41.329237,N-spring,0.25,train
sample_05945.jpg,SRC_052,5.0,180.0,51.705435,N-summer,0.25,train
sample_05946.jpg,SRC_140,35.0,180.0,44.85556,N-spring,0.25,train
sample_05947.jpg,SRC_009,-25.0,180.0,73.827745,N-spring,0.5,train
sample_05948.jpg,SRC_150,10.0,180.0,50.798821,N-summer,0.5,train
sample_05949.jpg,SRC_142,-30.0,180.0,34.276784,N-winter,0.25,train
sample_05950.jpg,SRC_150,10.0,180.0,50.798821,N-summer,0.5,train
sample_05951.jpg,SRC_092,5.0,180.0,57.429528,N-autumn,0.25,train
sample_05952.jpg,SRC_035,0.0,180.0,56.990187,N-autumn,0.25,train
sample_05953.jpg,SRC_106,25.0,180.0,40.638999,N-spring,0.5,validation
sample_05954.jpg,SRC_021,-90.0,0.0,68.040851,N-autumn,0.5,train
sample_05955.jpg,SRC_094,20.0,180.0,66.934532,N-autumn,0.25,train
sample_05956.jpg,SRC_159,20.0,180.0,67.076816,N-autumn,0.25,train
sample_05957.jpg,SRC_103,-35.0,180.0,57.090396,N-autumn,0.25,train
sample_05958.jpg,SRC_056,-40.0,180.0,74.660587,N-summer,0.5,train
sample_05959.jpg,SRC_156,10.0,180.0,48.737382,N-summer,0.25,validation
sample_05960.jpg,SRC_004,30.0,180.0,61.107468,N-autumn,0.5,train
sample_05961.jpg,SRC_082,-10.0,180.0,60.444036,N-spring,0.25,calibration
sample_05962.jpg,SRC_004,30.0,180.0,61.107468,N-autumn,0.5,train
sample_05963.jpg,SRC_029,-5.0,180.0,45.485648,N-autumn,0.25,calibration
sample_05964.jpg,SRC_045,-90.0,0.0,70.559818,N-autumn,0.25,train
sample_05965.jpg,SRC_017,-90.0,0.0,64.6979,N-winter,0.25,train
sample_05966.jpg,SRC_095,-20.0,180.0,56.495654,N-spring,0.5,validation
sample_05967.jpg,SRC_040,90.0,0.0,57.651744,N-spring,0.5,train
sample_05968.jpg,SRC_027,35.0,180.0,41.369436,N-spring,0.5,train
sample_05969.jpg,SRC_158,-5.0,180.0,35.954137,N-winter,0.25,train
sample_05970.jpg,SRC_014,-40.0,180.0,38.480327,N-winter,0.25,train
sample_05971.jpg,SRC_036,5.0,180.0,52.749586,N-summer,0.25,train
sample_05972.jpg,SRC_022,20.0,180.0,41.513642,N-spring,0.25,train
sample_05973.jpg,SRC_007,20.0,180.0,49.485932,N-winter,0.25,validation
sample_05974.jpg,SRC_058,30.0,180.0,69.060883,N-autumn,0.5,train
sample_05975.jpg,SRC_127,-35.0,180.0,47.507974,N-autumn,0.5,validation
sample_05976.jpg,SRC_127,-35.0,180.0,47.507974,N-autumn,0.5,validation
sample_05977.jpg,SRC_043,10.0,180.0,50.433279,N-summer,0.5,train
sample_05978.jpg,SRC_142,-30.0,180.0,34.276784,N-winter,0.25,train
sample_05979.jpg,SRC_097,0.0,180.0,35.318175,N-winter,0.25,train
sample_05980.jpg,SRC_084,-10.0,180.0,58.957849,N-summer,0.25,train
sample_05981.jpg,SRC_111,-35.0,180.0,79.069883,N-spring,1.0,train
sample_05982.jpg,SRC_093,-25.0,180.0,43.343655,N-autumn,0.5,calibration
sample_05983.jpg,SRC_074,0.0,180.0,50.25459,N-spring,0.5,train
sample_05984.jpg,SRC_044,-90.0,0.0,81.862162,N-autumn,0.5,train
sample_05985.jpg,SRC_063,25.0,180.0,41.329237,N-spring,0.25,train
sample_05986.jpg,SRC_017,-90.0,0.0,64.6979,N-winter,0.25,train
sample_05987.jpg,SRC_148,-15.0,180.0,49.227137,N-autumn,0.25,train
sample_05988.jpg,SRC_121,25.0,180.0,67.446292,N-autumn,0.5,train
sample_05989.jpg,SRC_109,50.0,180.0,54.137665,N-summer,0.25,validation
sample_05990.jpg,SRC_063,25.0,180.0,41.329237,N-spring,0.25,train
sample_05991.jpg,SRC_027,35.0,180.0,41.369436,N-spring,0.5,train
sample_05992.jpg,SRC_078,15.0,180.0,40.437008,N-spring,0.25,train
sample_05993.jpg,SRC_050,0.0,180.0,53.680047,N-summer,0.25,calibration
sample_05994.jpg,SRC_072,15.0,180.0,46.966801,N-winter,0.25,train
sample_05995.jpg,SRC_169,40.0,180.0,48.615664,N-summer,0.25,train
sample_05996.jpg,SRC_168,90.0,0.0,64.709631,N-summer,0.25,validation
sample_05997.jpg,SRC_047,0.0,180.0,48.028677,N-spring,0.5,validation
sample_05998.jpg,SRC_163,0.0,180.0,39.987447,N-winter,0.25,train
sample_05999.jpg,SRC_011,-20.0,180.0,70.371153,N-summer,0.25,train
sample_06000.jpg,SRC_095,-20.0,180.0,56.495654,N-spring,0.5,validation
sample_06001.jpg,SRC_009,-25.0,180.0,73.827745,N-spring,0.5,train
sample_06002.jpg,SRC_169,40.0,180.0,48.615664,N-summer,0.25,train
sample_06003.jpg,SRC_158,-5.0,180.0,35.954137,N-winter,0.25,train
sample_06004.jpg,SRC_156,10.0,180.0,48.737382,N-summer,0.25,validation
sample_06005.jpg,SRC_121,25.0,180.0,67.446292,N-autumn,0.5,train
sample_06006.jpg,SRC_154,0.0,180.0,54.770875,N-summer,0.5,train
sample_06007.jpg,SRC_099,15.0,180.0,42.024472,N-spring,0.5,train
sample_06008.jpg,SRC_092,5.0,180.0,57.429528,N-autumn,0.25,train
sample_06009.jpg,SRC_015,20.0,180.0,46.484204,N-summer,0.25,train
sample_06010.jpg,SRC_009,-25.0,180.0,73.827745,N-spring,0.5,train
sample_06011.jpg,SRC_111,-35.0,180.0,79.069883,N-spring,1.0,train
sample_06012.jpg,SRC_080,-25.0,180.0,69.726065,N-summer,0.25,train
sample_06013.jpg,SRC_157,40.0,180.0,44.22455,N-summer,0.25,calibration
sample_06014.jpg,SRC_164,20.0,180.0,59.226879,N-autumn,0.25,train
sample_06015.jpg,SRC_109,50.0,180.0,54.137665,N-summer,0.25,validation
sample_06016.jpg,SRC_151,-15.0,180.0,63.408071,N-summer,0.5,validation
sample_06017.jpg,SRC_013,50.0,180.0,54.051464,N-spring,0.5,train
sample_06018.jpg,SRC_106,25.0,180.0,40.638999,N-spring,0.5,validation
sample_06019.jpg,SRC_146,10.0,180.0,58.0428,N-summer,0.5,train
sample_06020.jpg,SRC_064,90.0,0.0,60.573524,N-spring,0.25,train
sample_06021.jpg,SRC_151,-15.0,180.0,63.408071,N-summer,0.5,validation
sample_06022.jpg,SRC_102,-10.0,180.0,52.255853,N-spring,0.25,train
sample_06023.jpg,SRC_089,10.0,180.0,48.442522,N-winter,0.25,calibration
sample_06024.jpg,SRC_055,-5.0,180.0,57.335076,N-spring,0.25,train
sample_06025.jpg,SRC_013,50.0,180.0,54.051464,N-spring,0.5,train
sample_06026.jpg,SRC_067,-15.0,180.0,64.724247,N-spring,0.5,calibration
sample_06027.jpg,SRC_046,0.0,180.0,58.061031,N-autumn,0.25,calibration
sample_06028.jpg,SRC_058,30.0,180.0,69.060883,N-autumn,0.5,train
sample_06029.jpg,SRC_030,-25.0,180.0,67.936804,N-spring,0.5,train
sample_06030.jpg,SRC_144,-35.0,180.0,76.731052,N-spring,0.5,train
sample_06031.jpg,SRC_038,-15.0,180.0,32.097448,N-winter,0.25,train
sample_06032.jpg,SRC_004,30.0,180.0,61.107468,N-autumn,0.5,train
sample_06033.jpg,SRC_088,0.0,180.0,53.004483,N-summer,0.25,train
sample_06034.jpg,SRC_037,15.0,180.0,44.468297,N-spring,0.25,train
sample_06035.jpg,SRC_009,-25.0,180.0,73.827745,N-spring,0.5,train
sample_06036.jpg,SRC_046,0.0,180.0,58.061031,N-autumn,0.25,calibration
sample_06037.jpg,SRC_095,-20.0,180.0,56.495654,N-spring,0.5,validation
sample_06038.jpg,SRC_072,15.0,180.0,46.966801,N-winter,0.25,train
sample_06039.jpg,SRC_013,50.0,180.0,54.051464,N-spring,0.5,train
sample_06040.jpg,SRC_116,5.0,180.0,41.203028,N-spring,0.25,calibration
sample_06041.jpg,SRC_042,10.0,180.0,36.92431,N-spring,0.5,calibration
sample_06042.jpg,SRC_074,0.0,180.0,50.25459,N-spring,0.5,train
sample_06043.jpg,SRC_096,25.0,180.0,40.422288,N-spring,0.25,train
sample_06044.jpg,SRC_108,-40.0,180.0,68.856247,N-summer,0.5,calibration
sample_06045.jpg,SRC_057,-5.0,180.0,57.599617,N-summer,0.25,calibration
sample_06046.jpg,SRC_144,-35.0,180.0,76.731052,N-spring,0.5,train
sample_06047.jpg,SRC_102,-10.0,180.0,52.255853,N-spring,0.25,train
sample_06048.jpg,SRC_013,50.0,180.0,54.051464,N-spring,0.5,train
sample_06049.jpg,SRC_113,-35.0,180.0,36.668707,N-winter,0.25,train
sample_06050.jpg,SRC_168,90.0,0.0,64.709631,N-summer,0.25,validation
sample_06051.jpg,SRC_066,-10.0,180.0,61.81065,N-summer,0.5,calibration
sample_06052.jpg,SRC_004,30.0,180.0,61.107468,N-autumn,0.5,train
sample_06053.jpg,SRC_062,45.0,180.0,81.508965,N-autumn,0.5,train
sample_06054.jpg,SRC_068,0.0,180.0,56.216196,N-summer,0.25,train
sample_06055.jpg,SRC_047,0.0,180.0,48.028677,N-spring,0.5,validation
sample_06056.jpg,SRC_091,-40.0,180.0,72.511342,N-summer,0.5,train
sample_06057.jpg,SRC_088,0.0,180.0,53.004483,N-summer,0.25,train
sample_06058.jpg,SRC_122,-5.0,180.0,57.310506,N-summer,0.25,train
sample_06059.jpg,SRC_091,-40.0,180.0,72.511342,N-summer,0.5,train
sample_06060.jpg,SRC_088,0.0,180.0,53.004483,N-summer,0.25,train
sample_06061.jpg,SRC_151,-15.0,180.0,63.408071,N-summer,0.5,validation
sample_06062.jpg,SRC_038,-15.0,180.0,32.097448,N-winter,0.25,train
sample_06063.jpg,SRC_124,0.0,180.0,51.928413,N-summer,0.25,train
sample_06064.jpg,SRC_111,-35.0,180.0,79.069883,N-spring,1.0,train
sample_06065.jpg,SRC_052,5.0,180.0,51.705435,N-summer,0.25,train
sample_06066.jpg,SRC_062,45.0,180.0,81.508965,N-autumn,0.5,train
sample_06067.jpg,SRC_125,-5.0,180.0,52.428603,N-spring,0.25,train
sample_06068.jpg,SRC_092,5.0,180.0,57.429528,N-autumn,0.25,train
sample_06069.jpg,SRC_092,5.0,180.0,57.429528,N-autumn,0.25,train
sample_06070.jpg,SRC_095,-20.0,180.0,56.495654,N-spring,0.5,validation
sample_06071.jpg,SRC_126,-20.0,180.0,68.779144,N-summer,0.5,train
sample_06072.jpg,SRC_152,30.0,180.0,40.69576,N-spring,0.25,validation
sample_06073.jpg,SRC_005,0.0,180.0,55.846781,N-summer,0.5,validation
sample_06074.jpg,SRC_008,25.0,180.0,61.005891,N-autumn,0.25,validation
sample_06075.jpg,SRC_063,25.0,180.0,41.329237,N-spring,0.25,train
sample_06076.jpg,SRC_103,-35.0,180.0,57.090396,N-autumn,0.25,train
sample_06077.jpg,SRC_013,50.0,180.0,54.051464,N-spring,0.5,train
sample_06078.jpg,SRC_103,-35.0,180.0,57.090396,N-autumn,0.25,train
sample_06079.jpg,SRC_009,-25.0,180.0,73.827745,N-spring,0.5,train
sample_06080.jpg,SRC_103,-35.0,180.0,57.090396,N-autumn,0.25,train
sample_06081.jpg,SRC_013,50.0,180.0,54.051464,N-spring,0.5,train
sample_06082.jpg,SRC_058,30.0,180.0,69.060883,N-autumn,0.5,train
sample_06083.jpg,SRC_148,-15.0,180.0,49.227137,N-autumn,0.25,train
sample_06084.jpg,SRC_009,-25.0,180.0,73.827745,N-spring,0.5,train
sample_06085.jpg,SRC_051,20.0,180.0,63.609319,N-autumn,0.5,train
sample_06086.jpg,SRC_146,10.0,180.0,58.0428,N-summer,0.5,train
sample_06087.jpg,SRC_020,35.0,180.0,42.075965,N-summer,0.25,calibration
sample_06088.jpg,SRC_108,-40.0,180.0,68.856247,N-summer,0.5,calibration
sample_06089.jpg,SRC_015,20.0,180.0,46.484204,N-summer,0.25,train
sample_06090.jpg,SRC_141,-10.0,180.0,55.206291,N-spring,0.25,train
sample_06091.jpg,SRC_067,-15.0,180.0,64.724247,N-spring,0.5,calibration
sample_06092.jpg,SRC_018,-90.0,0.0,67.882485,N-winter,0.25,train
sample_06093.jpg,SRC_009,-25.0,180.0,73.827745,N-spring,0.5,train
sample_06094.jpg,SRC_112,-30.0,180.0,67.516648,N-spring,0.5,train
sample_06095.jpg,SRC_066,-10.0,180.0,61.81065,N-summer,0.5,calibration
sample_06096.jpg,SRC_036,5.0,180.0,52.749586,N-summer,0.25,train
sample_06097.jpg,SRC_087,0.0,180.0,54.65824,N-summer,0.25,calibration
sample_06098.jpg,SRC_151,-15.0,180.0,63.408071,N-summer,0.5,validation
sample_06099.jpg,SRC_014,-40.0,180.0,38.480327,N-winter,0.25,train
sample_06100.jpg,SRC_038,-15.0,180.0,32.097448,N-winter,0.25,train
sample_06101.jpg,SRC_074,0.0,180.0,50.25459,N-spring,0.5,train
sample_06102.jpg,SRC_080,-25.0,180.0,69.726065,N-summer,0.25,train
sample_06103.jpg,SRC_158,-5.0,180.0,35.954137,N-winter,0.25,train
sample_06104.jpg,SRC_084,-10.0,180.0,58.957849,N-summer,0.25,train
sample_06105.jpg,SRC_042,10.0,180.0,36.92431,N-spring,0.5,calibration
sample_06106.jpg,SRC_126,-20.0,180.0,68.779144,N-summer,0.5,train
sample_06107.jpg,SRC_143,90.0,0.0,68.916652,N-spring,0.5,train
sample_06108.jpg,SRC_085,0.0,180.0,39.187341,N-spring,0.25,train
sample_06109.jpg,SRC_133,-10.0,180.0,48.887369,N-spring,0.5,train
sample_06110.jpg,SRC_004,30.0,180.0,61.107468,N-autumn,0.5,train
sample_06111.jpg,SRC_058,30.0,180.0,69.060883,N-autumn,0.5,train
sample_06112.jpg,SRC_112,-30.0,180.0,67.516648,N-spring,0.5,train
sample_06113.jpg,SRC_037,15.0,180.0,44.468297,N-spring,0.25,train
sample_06114.jpg,SRC_111,-35.0,180.0,79.069883,N-spring,1.0,train
sample_06115.jpg,SRC_112,-30.0,180.0,67.516648,N-spring,0.5,train
sample_06116.jpg,SRC_049,5.0,180.0,42.94902,N-spring,0.25,train
sample_06117.jpg,SRC_049,5.0,180.0,42.94902,N-spring,0.25,train
sample_06118.jpg,SRC_103,-35.0,180.0,57.090396,N-autumn,0.25,train
sample_06119.jpg,SRC_144,-35.0,180.0,76.731052,N-spring,0.5,train
sample_06120.jpg,SRC_062,45.0,180.0,81.508965,N-autumn,0.5,train
sample_06121.jpg,SRC_115,25.0,180.0,41.8845,N-spring,0.25,train
sample_06122.jpg,SRC_026,90.0,0.0,57.238404,N-spring,0.25,calibration
sample_06123.jpg,SRC_134,-30.0,180.0,69.607895,N-spring,0.5,train
sample_06124.jpg,SRC_100,20.0,180.0,41.506528,N-spring,0.25,train
sample_06125.jpg,SRC_101,5.0,180.0,48.479381,N-winter,0.25,validation
sample_06126.jpg,SRC_029,-5.0,180.0,45.485648,N-autumn,0.25,calibration
sample_06127.jpg,SRC_076,25.0,180.0,63.632584,N-autumn,0.25,train
sample_06128.jpg,SRC_063,25.0,180.0,41.329237,N-spring,0.25,train
sample_06129.jpg,SRC_058,30.0,180.0,69.060883,N-autumn,0.5,train
sample_06130.jpg,SRC_127,-35.0,180.0,47.507974,N-autumn,0.5,validation
sample_06131.jpg,SRC_092,5.0,180.0,57.429528,N-autumn,0.25,train
sample_06132.jpg,SRC_013,50.0,180.0,54.051464,N-spring,0.5,train
sample_06133.jpg,SRC_096,25.0,180.0,40.422288,N-spring,0.25,train
sample_06134.jpg,SRC_112,-30.0,180.0,67.516648,N-spring,0.5,train
sample_06135.jpg,SRC_112,-30.0,180.0,67.516648,N-spring,0.5,train
sample_06136.jpg,SRC_020,35.0,180.0,42.075965,N-summer,0.25,calibration
sample_06137.jpg,SRC_168,90.0,0.0,64.709631,N-summer,0.25,validation
sample_06138.jpg,SRC_126,-20.0,180.0,68.779144,N-summer,0.5,train
sample_06139.jpg,SRC_150,10.0,180.0,50.798821,N-summer,0.5,train
sample_06140.jpg,SRC_066,-10.0,180.0,61.81065,N-summer,0.5,calibration
sample_06141.jpg,SRC_170,-20.0,180.0,56.332579,N-autumn,0.25,validation
sample_06142.jpg,SRC_137,-5.0,180.0,45.053172,N-spring,0.25,train
sample_06143.jpg,SRC_069,25.0,180.0,48.120522,N-summer,0.5,train
sample_06144.jpg,SRC_020,35.0,180.0,42.075965,N-summer,0.25,calibration
sample_06145.jpg,SRC_109,50.0,180.0,54.137665,N-summer,0.25,validation
sample_06146.jpg,SRC_094,20.0,180.0,66.934532,N-autumn,0.25,train
sample_06147.jpg,SRC_121,25.0,180.0,67.446292,N-autumn,0.5,train
sample_06148.jpg,SRC_073,45.0,180.0,41.537171,N-spring,0.25,train
sample_06149.jpg,SRC_067,-15.0,180.0,64.724247,N-spring,0.5,calibration
sample_06150.jpg,SRC_095,-20.0,180.0,56.495654,N-spring,0.5,validation
sample_06151.jpg,SRC_082,-10.0,180.0,60.444036,N-spring,0.25,calibration
sample_06152.jpg,SRC_108,-40.0,180.0,68.856247,N-summer,0.5,calibration
sample_06153.jpg,SRC_030,-25.0,180.0,67.936804,N-spring,0.5,train
sample_06154.jpg,SRC_018,-90.0,0.0,67.882485,N-winter,0.25,train
sample_06155.jpg,SRC_109,50.0,180.0,54.137665,N-summer,0.25,validation
sample_06156.jpg,SRC_171,-35.0,180.0,63.65778,N-spring,0.25,train
sample_06157.jpg,SRC_014,-40.0,180.0,38.480327,N-winter,0.25,train
sample_06158.jpg,SRC_098,-45.0,180.0,70.730178,N-summer,0.25,train
sample_06159.jpg,SRC_142,-30.0,180.0,34.276784,N-winter,0.25,train
sample_06160.jpg,SRC_109,50.0,180.0,54.137665,N-summer,0.25,validation
sample_06161.jpg,SRC_125,-5.0,180.0,52.428603,N-spring,0.25,train
sample_06162.jpg,SRC_124,0.0,180.0,51.928413,N-summer,0.25,train
sample_06163.jpg,SRC_086,15.0,180.0,43.648742,N-summer,0.5,validation
sample_06164.jpg,SRC_097,0.0,180.0,35.318175,N-winter,0.25,train
sample_06165.jpg,SRC_004,30.0,180.0,61.107468,N-autumn,0.5,train
sample_06166.jpg,SRC_066,-10.0,180.0,61.81065,N-summer,0.5,calibration
sample_06167.jpg,SRC_007,20.0,180.0,49.485932,N-winter,0.25,validation
sample_06168.jpg,SRC_051,20.0,180.0,63.609319,N-autumn,0.5,train
sample_06169.jpg,SRC_108,-40.0,180.0,68.856247,N-summer,0.5,calibration
sample_06170.jpg,SRC_089,10.0,180.0,48.442522,N-winter,0.25,calibration
sample_06171.jpg,SRC_009,-25.0,180.0,73.827745,N-spring,0.5,train
sample_06172.jpg,SRC_069,25.0,180.0,48.120522,N-summer,0.5,train
sample_06173.jpg,SRC_107,20.0,180.0,65.68027,N-autumn,0.5,train
sample_06174.jpg,SRC_067,-15.0,180.0,64.724247,N-spring,0.5,calibration
sample_06175.jpg,SRC_030,-25.0,180.0,67.936804,N-spring,0.5,train
sample_06176.jpg,SRC_127,-35.0,180.0,47.507974,N-autumn,0.5,validation
sample_06177.jpg,SRC_121,25.0,180.0,67.446292,N-autumn,0.5,train
sample_06178.jpg,SRC_148,-15.0,180.0,49.227137,N-autumn,0.25,train
sample_06179.jpg,SRC_169,40.0,180.0,48.615664,N-summer,0.25,train
sample_06180.jpg,SRC_112,-30.0,180.0,67.516648,N-spring,0.5,train
sample_06181.jpg,SRC_072,15.0,180.0,46.966801,N-winter,0.25,train
sample_06182.jpg,SRC_158,-5.0,180.0,35.954137,N-winter,0.25,train
sample_06183.jpg,SRC_051,20.0,180.0,63.609319,N-autumn,0.5,train
sample_06184.jpg,SRC_080,-25.0,180.0,69.726065,N-summer,0.25,train
sample_06185.jpg,SRC_013,50.0,180.0,54.051464,N-spring,0.5,train
sample_06186.jpg,SRC_126,-20.0,180.0,68.779144,N-summer,0.5,train
sample_06187.jpg,SRC_066,-10.0,180.0,61.81065,N-summer,0.5,calibration
sample_06188.jpg,SRC_061,50.0,180.0,43.110277,N-spring,0.5,train
sample_06189.jpg,SRC_142,-30.0,180.0,34.276784,N-winter,0.25,train
sample_06190.jpg,SRC_084,-10.0,180.0,58.957849,N-summer,0.25,train
sample_06191.jpg,SRC_140,35.0,180.0,44.85556,N-spring,0.25,train
sample_06192.jpg,SRC_131,10.0,180.0,60.540464,N-autumn,0.5,train
sample_06193.jpg,SRC_004,30.0,180.0,61.107468,N-autumn,0.5,train
sample_06194.jpg,SRC_097,0.0,180.0,35.318175,N-winter,0.25,train
sample_06195.jpg,SRC_094,20.0,180.0,66.934532,N-autumn,0.25,train
sample_06196.jpg,SRC_103,-35.0,180.0,57.090396,N-autumn,0.25,train
sample_06197.jpg,SRC_067,-15.0,180.0,64.724247,N-spring,0.5,calibration
sample_06198.jpg,SRC_157,40.0,180.0,44.22455,N-summer,0.25,calibration
sample_06199.jpg,SRC_100,20.0,180.0,41.506528,N-spring,0.25,train
sample_06200.jpg,SRC_071,20.0,180.0,40.070501,N-spring,0.25,train
sample_06201.jpg,SRC_011,-20.0,180.0,70.371153,N-summer,0.25,train
sample_06202.jpg,SRC_102,-10.0,180.0,52.255853,N-spring,0.25,train
sample_06203.jpg,SRC_114,-10.0,180.0,58.176498,N-autumn,0.5,train
sample_06204.jpg,SRC_170,-20.0,180.0,56.332579,N-autumn,0.25,validation
sample_06205.jpg,SRC_054,5.0,180.0,37.41608,N-winter,0.25,train
sample_06206.jpg,SRC_006,-15.0,180.0,65.638079,N-spring,0.5,train
sample_06207.jpg,SRC_127,-35.0,180.0,47.507974,N-autumn,0.5,validation
sample_06208.jpg,SRC_153,-40.0,180.0,43.960452,N-autumn,0.25,train
sample_06209.jpg,SRC_127,-35.0,180.0,47.507974,N-autumn,0.5,validation
sample_06210.jpg,SRC_030,-25.0,180.0,67.936804,N-spring,0.5,train
sample_06211.jpg,SRC_146,10.0,180.0,58.0428,N-summer,0.5,train
sample_06212.jpg,SRC_134,-30.0,180.0,69.607895,N-spring,0.5,train
sample_06213.jpg,SRC_121,25.0,180.0,67.446292,N-autumn,0.5,train
sample_06214.jpg,SRC_129,20.0,180.0,41.057252,N-spring,0.25,validation
sample_06215.jpg,SRC_022,20.0,180.0,41.513642,N-spring,0.25,train
sample_06216.jpg,SRC_043,10.0,180.0,50.433279,N-summer,0.5,train
sample_06217.jpg,SRC_052,5.0,180.0,51.705435,N-summer,0.25,train
sample_06218.jpg,SRC_020,35.0,180.0,42.075965,N-summer,0.25,calibration
sample_06219.jpg,SRC_061,50.0,180.0,43.110277,N-spring,0.5,train
sample_06220.jpg,SRC_166,90.0,0.0,60.094207,N-spring,0.5,validation
sample_06221.jpg,SRC_009,-25.0,180.0,73.827745,N-spring,0.5,train
sample_06222.jpg,SRC_113,-35.0,180.0,36.668707,N-winter,0.25,train
sample_06223.jpg,SRC_051,20.0,180.0,63.609319,N-autumn,0.5,train
sample_06224.jpg,SRC_009,-25.0,180.0,73.827745,N-spring,0.5,train
sample_06225.jpg,SRC_153,-40.0,180.0,43.960452,N-autumn,0.25,train
sample_06226.jpg,SRC_084,-10.0,180.0,58.957849,N-summer,0.25,train
sample_06227.jpg,SRC_059,15.0,180.0,48.046698,N-summer,0.25,train
sample_06228.jpg,SRC_170,-20.0,180.0,56.332579,N-autumn,0.25,validation
sample_06229.jpg,SRC_037,15.0,180.0,44.468297,N-spring,0.25,train
sample_06230.jpg,SRC_063,25.0,180.0,41.329237,N-spring,0.25,train
sample_06231.jpg,SRC_040,90.0,0.0,57.651744,N-spring,0.5,train
sample_06232.jpg,SRC_059,15.0,180.0,48.046698,N-summer,0.25,train
sample_06233.jpg,SRC_130,25.0,180.0,37.507656,N-spring,0.25,train
sample_06234.jpg,SRC_157,40.0,180.0,44.22455,N-summer,0.25,calibration
sample_06235.jpg,SRC_126,-20.0,180.0,68.779144,N-summer,0.5,train
sample_06236.jpg,SRC_156,10.0,180.0,48.737382,N-summer,0.25,validation
sample_06237.jpg,SRC_009,-25.0,180.0,73.827745,N-spring,0.5,train
sample_06238.jpg,SRC_103,-35.0,180.0,57.090396,N-autumn,0.25,train
sample_06239.jpg,SRC_051,20.0,180.0,63.609319,N-autumn,0.5,train
sample_06240.jpg,SRC_112,-30.0,180.0,67.516648,N-spring,0.5,train
sample_06241.jpg,SRC_095,-20.0,180.0,56.495654,N-spring,0.5,validation
sample_06242.jpg,SRC_085,0.0,180.0,39.187341,N-spring,0.25,train
sample_06243.jpg,SRC_146,10.0,180.0,58.0428,N-summer,0.5,train
sample_06244.jpg,SRC_104,25.0,180.0,45.102036,N-summer,0.5,validation
sample_06245.jpg,SRC_059,15.0,180.0,48.046698,N-summer,0.25,train
sample_06246.jpg,SRC_135,5.0,180.0,41.328761,N-winter,0.5,train
sample_06247.jpg,SRC_096,25.0,180.0,40.422288,N-spring,0.25,train
sample_06248.jpg,SRC_011,-20.0,180.0,70.371153,N-summer,0.25,train
sample_06249.jpg,SRC_148,-15.0,180.0,49.227137,N-autumn,0.25,train
sample_06250.jpg,SRC_031,-90.0,0.0,62.684336,N-winter,0.5,train
sample_06251.jpg,SRC_115,25.0,180.0,41.8845,N-spring,0.25,train
sample_06252.jpg,SRC_133,-10.0,180.0,48.887369,N-spring,0.5,train
sample_06253.jpg,SRC_021,-90.0,0.0,68.040851,N-autumn,0.5,train
sample_06254.jpg,SRC_009,-25.0,180.0,73.827745,N-spring,0.5,train
sample_06255.jpg,SRC_054,5.0,180.0,37.41608,N-winter,0.25,train
sample_06256.jpg,SRC_071,20.0,180.0,40.070501,N-spring,0.25,train
sample_06257.jpg,SRC_099,15.0,180.0,42.024472,N-spring,0.5,train
sample_06258.jpg,SRC_009,-25.0,180.0,73.827745,N-spring,0.5,train
sample_06259.jpg,SRC_059,15.0,180.0,48.046698,N-summer,0.25,train
sample_06260.jpg,SRC_040,90.0,0.0,57.651744,N-spring,0.5,train
sample_06261.jpg,SRC_141,-10.0,180.0,55.206291,N-spring,0.25,train
sample_06262.jpg,SRC_063,25.0,180.0,41.329237,N-spring,0.25,train
sample_06263.jpg,SRC_125,-5.0,180.0,52.428603,N-spring,0.25,train
sample_06264.jpg,SRC_103,-35.0,180.0,57.090396,N-autumn,0.25,train
sample_06265.jpg,SRC_103,-35.0,180.0,57.090396,N-autumn,0.25,train
sample_06266.jpg,SRC_040,90.0,0.0,57.651744,N-spring,0.5,train
sample_06267.jpg,SRC_154,0.0,180.0,54.770875,N-summer,0.5,train
sample_06268.jpg,SRC_049,5.0,180.0,42.94902,N-spring,0.25,train
sample_06269.jpg,SRC_127,-35.0,180.0,47.507974,N-autumn,0.5,validation
sample_06270.jpg,SRC_013,50.0,180.0,54.051464,N-spring,0.5,train
sample_06271.jpg,SRC_170,-20.0,180.0,56.332579,N-autumn,0.25,validation
sample_06272.jpg,SRC_040,90.0,0.0,57.651744,N-spring,0.5,train
sample_06273.jpg,SRC_030,-25.0,180.0,67.936804,N-spring,0.5,train
sample_06274.jpg,SRC_134,-30.0,180.0,69.607895,N-spring,0.5,train
sample_06275.jpg,SRC_169,40.0,180.0,48.615664,N-summer,0.25,train
sample_06276.jpg,SRC_030,-25.0,180.0,67.936804,N-spring,0.5,train
sample_06277.jpg,SRC_030,-25.0,180.0,67.936804,N-spring,0.5,train
sample_06278.jpg,SRC_121,25.0,180.0,67.446292,N-autumn,0.5,train
sample_06279.jpg,SRC_095,-20.0,180.0,56.495654,N-spring,0.5,validation
sample_06280.jpg,SRC_090,50.0,180.0,47.196626,N-summer,0.25,train
sample_06281.jpg,SRC_047,0.0,180.0,48.028677,N-spring,0.5,validation
sample_06282.jpg,SRC_159,20.0,180.0,67.076816,N-autumn,0.25,train
sample_06283.jpg,SRC_134,-30.0,180.0,69.607895,N-spring,0.5,train
sample_06284.jpg,SRC_076,25.0,180.0,63.632584,N-autumn,0.25,train
sample_06285.jpg,SRC_091,-40.0,180.0,72.511342,N-summer,0.5,train
sample_06286.jpg,SRC_073,45.0,180.0,41.537171,N-spring,0.25,train
sample_06287.jpg,SRC_026,90.0,0.0,57.238404,N-spring,0.25,calibration
sample_06288.jpg,SRC_009,-25.0,180.0,73.827745,N-spring,0.5,train
sample_06289.jpg,SRC_172,55.0,180.0,47.744159,N-summer,0.25,validation
sample_06290.jpg,SRC_075,-90.0,0.0,65.329336,N-winter,0.25,train
sample_06291.jpg,SRC_097,0.0,180.0,35.318175,N-winter,0.25,train
sample_06292.jpg,SRC_156,10.0,180.0,48.737382,N-summer,0.25,validation
sample_06293.jpg,SRC_151,-15.0,180.0,63.408071,N-summer,0.5,validation
sample_06294.jpg,SRC_040,90.0,0.0,57.651744,N-spring,0.5,train
sample_06295.jpg,SRC_042,10.0,180.0,36.92431,N-spring,0.5,calibration
sample_06296.jpg,SRC_040,90.0,0.0,57.651744,N-spring,0.5,train
sample_06297.jpg,SRC_112,-30.0,180.0,67.516648,N-spring,0.5,train
sample_06298.jpg,SRC_026,90.0,0.0,57.238404,N-spring,0.25,calibration
sample_06299.jpg,SRC_020,35.0,180.0,42.075965,N-summer,0.25,calibration
sample_06300.jpg,SRC_076,25.0,180.0,63.632584,N-autumn,0.25,train
sample_06301.jpg,SRC_037,15.0,180.0,44.468297,N-spring,0.25,train
sample_06302.jpg,SRC_036,5.0,180.0,52.749586,N-summer,0.25,train
sample_06303.jpg,SRC_011,-20.0,180.0,70.371153,N-summer,0.25,train
sample_06304.jpg,SRC_049,5.0,180.0,42.94902,N-spring,0.25,train
sample_06305.jpg,SRC_170,-20.0,180.0,56.332579,N-autumn,0.25,validation
sample_06306.jpg,SRC_112,-30.0,180.0,67.516648,N-spring,0.5,train
sample_06307.jpg,SRC_030,-25.0,180.0,67.936804,N-spring,0.5,train
sample_06308.jpg,SRC_157,40.0,180.0,44.22455,N-summer,0.25,calibration
sample_06309.jpg,SRC_095,-20.0,180.0,56.495654,N-spring,0.5,validation
sample_06310.jpg,SRC_098,-45.0,180.0,70.730178,N-summer,0.25,train
sample_06311.jpg,SRC_073,45.0,180.0,41.537171,N-spring,0.25,train
sample_06312.jpg,SRC_052,5.0,180.0,51.705435,N-summer,0.25,train
sample_06313.jpg,SRC_169,40.0,180.0,48.615664,N-summer,0.25,train
sample_06314.jpg,SRC_051,20.0,180.0,63.609319,N-autumn,0.5,train
sample_06315.jpg,SRC_005,0.0,180.0,55.846781,N-summer,0.5,validation
sample_06316.jpg,SRC_126,-20.0,180.0,68.779144,N-summer,0.5,train
sample_06317.jpg,SRC_146,10.0,180.0,58.0428,N-summer,0.5,train
sample_06318.jpg,SRC_093,-25.0,180.0,43.343655,N-autumn,0.5,calibration
sample_06319.jpg,SRC_100,20.0,180.0,41.506528,N-spring,0.25,train
sample_06320.jpg,SRC_106,25.0,180.0,40.638999,N-spring,0.5,validation
sample_06321.jpg,SRC_115,25.0,180.0,41.8845,N-spring,0.25,train
sample_06322.jpg,SRC_159,20.0,180.0,67.076816,N-autumn,0.25,train
sample_06323.jpg,SRC_159,20.0,180.0,67.076816,N-autumn,0.25,train
sample_06324.jpg,SRC_082,-10.0,180.0,60.444036,N-spring,0.25,calibration
sample_06325.jpg,SRC_091,-40.0,180.0,72.511342,N-summer,0.5,train
sample_06326.jpg,SRC_029,-5.0,180.0,45.485648,N-autumn,0.25,calibration
sample_06327.jpg,SRC_111,-35.0,180.0,79.069883,N-spring,1.0,train
sample_06328.jpg,SRC_013,50.0,180.0,54.051464,N-spring,0.5,train
sample_06329.jpg,SRC_074,0.0,180.0,50.25459,N-spring,0.5,train
sample_06330.jpg,SRC_146,10.0,180.0,58.0428,N-summer,0.5,train
sample_06331.jpg,SRC_076,25.0,180.0,63.632584,N-autumn,0.25,train
sample_06332.jpg,SRC_090,50.0,180.0,47.196626,N-summer,0.25,train
sample_06333.jpg,SRC_095,-20.0,180.0,56.495654,N-spring,0.5,validation
sample_06334.jpg,SRC_094,20.0,180.0,66.934532,N-autumn,0.25,train
sample_06335.jpg,SRC_052,5.0,180.0,51.705435,N-summer,0.25,train
sample_06336.jpg,SRC_099,15.0,180.0,42.024472,N-spring,0.5,train
sample_06337.jpg,SRC_104,25.0,180.0,45.102036,N-summer,0.5,validation
sample_06338.jpg,SRC_151,-15.0,180.0,63.408071,N-summer,0.5,validation
sample_06339.jpg,SRC_056,-40.0,180.0,74.660587,N-summer,0.5,train
sample_06340.jpg,SRC_016,10.0,180.0,55.552023,N-winter,0.5,calibration
sample_06341.jpg,SRC_139,40.0,180.0,53.533251,N-winter,0.25,train
sample_06342.jpg,SRC_082,-10.0,180.0,60.444036,N-spring,0.25,calibration
sample_06343.jpg,SRC_114,-10.0,180.0,58.176498,N-autumn,0.5,train
sample_06344.jpg,SRC_123,0.0,180.0,54.598149,N-autumn,0.5,train
sample_06345.jpg,SRC_133,-10.0,180.0,48.887369,N-spring,0.5,train
sample_06346.jpg,SRC_074,0.0,180.0,50.25459,N-spring,0.5,train
sample_06347.jpg,SRC_145,-5.0,180.0,52.15166,N-spring,0.25,train
sample_06348.jpg,SRC_081,-90.0,0.0,74.772433,N-autumn,0.25,calibration
sample_06349.jpg,SRC_153,-40.0,180.0,43.960452,N-autumn,0.25,train
sample_06350.jpg,SRC_125,-5.0,180.0,52.428603,N-spring,0.25,train
sample_06351.jpg,SRC_106,25.0,180.0,40.638999,N-spring,0.5,validation
sample_06352.jpg,SRC_026,90.0,0.0,57.238404,N-spring,0.25,calibration
sample_06353.jpg,SRC_005,0.0,180.0,55.846781,N-summer,0.5,validation
sample_06354.jpg,SRC_112,-30.0,180.0,67.516648,N-spring,0.5,train
sample_06355.jpg,SRC_005,0.0,180.0,55.846781,N-summer,0.5,validation
sample_06356.jpg,SRC_022,20.0,180.0,41.513642,N-spring,0.25,train
sample_06357.jpg,SRC_070,60.0,180.0,58.788969,N-summer,0.5,train
sample_06358.jpg,SRC_108,-40.0,180.0,68.856247,N-summer,0.5,calibration
sample_06359.jpg,SRC_067,-15.0,180.0,64.724247,N-spring,0.5,calibration
sample_06360.jpg,SRC_069,25.0,180.0,48.120522,N-summer,0.5,train
sample_06361.jpg,SRC_051,20.0,180.0,63.609319,N-autumn,0.5,train
sample_06362.jpg,SRC_061,50.0,180.0,43.110277,N-spring,0.5,train
sample_06363.jpg,SRC_030,-25.0,180.0,67.936804,N-spring,0.5,train
sample_06364.jpg,SRC_121,25.0,180.0,67.446292,N-autumn,0.5,train
sample_06365.jpg,SRC_113,-35.0,180.0,36.668707,N-winter,0.25,train
sample_06366.jpg,SRC_126,-20.0,180.0,68.779144,N-summer,0.5,train
sample_06367.jpg,SRC_156,10.0,180.0,48.737382,N-summer,0.25,validation
sample_06368.jpg,SRC_035,0.0,180.0,56.990187,N-autumn,0.25,train
sample_06369.jpg,SRC_059,15.0,180.0,48.046698,N-summer,0.25,train
sample_06370.jpg,SRC_009,-25.0,180.0,73.827745,N-spring,0.5,train
sample_06371.jpg,SRC_107,20.0,180.0,65.68027,N-autumn,0.5,train
sample_06372.jpg,SRC_072,15.0,180.0,46.966801,N-winter,0.25,train
sample_06373.jpg,SRC_169,40.0,180.0,48.615664,N-summer,0.25,train
sample_06374.jpg,SRC_102,-10.0,180.0,52.255853,N-spring,0.25,train
sample_06375.jpg,SRC_145,-5.0,180.0,52.15166,N-spring,0.25,train
sample_06376.jpg,SRC_108,-40.0,180.0,68.856247,N-summer,0.5,calibration
sample_06377.jpg,SRC_006,-15.0,180.0,65.638079,N-spring,0.5,train
sample_06378.jpg,SRC_158,-5.0,180.0,35.954137,N-winter,0.25,train
sample_06379.jpg,SRC_115,25.0,180.0,41.8845,N-spring,0.25,train
sample_06380.jpg,SRC_111,-35.0,180.0,79.069883,N-spring,1.0,train
sample_06381.jpg,SRC_021,-90.0,0.0,68.040851,N-autumn,0.5,train
sample_06382.jpg,SRC_108,-40.0,180.0,68.856247,N-summer,0.5,calibration
sample_06383.jpg,SRC_099,15.0,180.0,42.024472,N-spring,0.5,train
sample_06384.jpg,SRC_047,0.0,180.0,48.028677,N-spring,0.5,validation
sample_06385.jpg,SRC_004,30.0,180.0,61.107468,N-autumn,0.5,train
sample_06386.jpg,SRC_096,25.0,180.0,40.422288,N-spring,0.25,train
sample_06387.jpg,SRC_148,-15.0,180.0,49.227137,N-autumn,0.25,train
sample_06388.jpg,SRC_099,15.0,180.0,42.024472,N-spring,0.5,train
sample_06389.jpg,SRC_148,-15.0,180.0,49.227137,N-autumn,0.25,train
sample_06390.jpg,SRC_012,-90.0,0.0,85.677016,N-autumn,0.5,train
sample_06391.jpg,SRC_133,-10.0,180.0,48.887369,N-spring,0.5,train
sample_06392.jpg,SRC_009,-25.0,180.0,73.827745,N-spring,0.5,train
sample_06393.jpg,SRC_091,-40.0,180.0,72.511342,N-summer,0.5,train
sample_06394.jpg,SRC_108,-40.0,180.0,68.856247,N-summer,0.5,calibration
sample_06395.jpg,SRC_146,10.0,180.0,58.0428,N-summer,0.5,train
sample_06396.jpg,SRC_085,0.0,180.0,39.187341,N-spring,0.25,train
sample_06397.jpg,SRC_157,40.0,180.0,44.22455,N-summer,0.25,calibration
sample_06398.jpg,SRC_153,-40.0,180.0,43.960452,N-autumn,0.25,train
sample_06399.jpg,SRC_151,-15.0,180.0,63.408071,N-summer,0.5,validation
sample_06400.jpg,SRC_013,50.0,180.0,54.051464,N-spring,0.5,train
sample_06401.jpg,SRC_114,-10.0,180.0,58.176498,N-autumn,0.5,train
sample_06402.jpg,SRC_100,20.0,180.0,41.506528,N-spring,0.25,train
sample_06403.jpg,SRC_009,-25.0,180.0,73.827745,N-spring,0.5,train
sample_06404.jpg,SRC_129,20.0,180.0,41.057252,N-spring,0.25,validation
sample_06405.jpg,SRC_049,5.0,180.0,42.94902,N-spring,0.25,train
sample_06406.jpg,SRC_106,25.0,180.0,40.638999,N-spring,0.5,validation
sample_06407.jpg,SRC_052,5.0,180.0,51.705435,N-summer,0.25,train
sample_06408.jpg,SRC_006,-15.0,180.0,65.638079,N-spring,0.5,train
sample_06409.jpg,SRC_027,35.0,180.0,41.369436,N-spring,0.5,train
sample_06410.jpg,SRC_074,0.0,180.0,50.25459,N-spring,0.5,train
sample_06411.jpg,SRC_091,-40.0,180.0,72.511342,N-summer,0.5,train
sample_06412.jpg,SRC_111,-35.0,180.0,79.069883,N-spring,1.0,train
sample_06413.jpg,SRC_137,-5.0,180.0,45.053172,N-spring,0.25,train
sample_06414.jpg,SRC_054,5.0,180.0,37.41608,N-winter,0.25,train
sample_06415.jpg,SRC_146,10.0,180.0,58.0428,N-summer,0.5,train
sample_06416.jpg,SRC_112,-30.0,180.0,67.516648,N-spring,0.5,train
sample_06417.jpg,SRC_171,-35.0,180.0,63.65778,N-spring,0.25,train
sample_06418.jpg,SRC_050,0.0,180.0,53.680047,N-summer,0.25,calibration
sample_06419.jpg,SRC_041,15.0,180.0,46.712049,N-summer,0.25,validation
sample_06420.jpg,SRC_139,40.0,180.0,53.533251,N-winter,0.25,train
sample_06421.jpg,SRC_055,-5.0,180.0,57.335076,N-spring,0.25,train
sample_06422.jpg,SRC_010,90.0,0.0,74.440619,N-summer,0.5,calibration
sample_06423.jpg,SRC_169,40.0,180.0,48.615664,N-summer,0.25,train
sample_06424.jpg,SRC_039,90.0,0.0,70.63275,N-summer,0.5,calibration
sample_06425.jpg,SRC_059,15.0,180.0,48.046698,N-summer,0.25,train
sample_06426.jpg,SRC_111,-35.0,180.0,79.069883,N-spring,1.0,train
sample_06427.jpg,SRC_063,25.0,180.0,41.329237,N-spring,0.25,train
sample_06428.jpg,SRC_039,90.0,0.0,70.63275,N-summer,0.5,calibration
sample_06429.jpg,SRC_108,-40.0,180.0,68.856247,N-summer,0.5,calibration
sample_06430.jpg,SRC_034,40.0,180.0,46.055099,N-summer,0.25,validation
sample_06431.jpg,SRC_005,0.0,180.0,55.846781,N-summer,0.5,validation
sample_06432.jpg,SRC_141,-10.0,180.0,55.206291,N-spring,0.25,train
sample_06433.jpg,SRC_141,-10.0,180.0,55.206291,N-spring,0.25,train
sample_06434.jpg,SRC_168,90.0,0.0,64.709631,N-summer,0.25,validation
sample_06435.jpg,SRC_008,25.0,180.0,61.005891,N-autumn,0.25,validation
sample_06436.jpg,SRC_052,5.0,180.0,51.705435,N-summer,0.25,train
sample_06437.jpg,SRC_007,20.0,180.0,49.485932,N-winter,0.25,validation
sample_06438.jpg,SRC_030,-25.0,180.0,67.936804,N-spring,0.5,train
sample_06439.jpg,SRC_108,-40.0,180.0,68.856247,N-summer,0.5,calibration
sample_06440.jpg,SRC_030,-25.0,180.0,67.936804,N-spring,0.5,train
sample_06441.jpg,SRC_139,40.0,180.0,53.533251,N-winter,0.25,train
sample_06442.jpg,SRC_019,90.0,0.0,60.00919,N-summer,0.25,train
sample_06443.jpg,SRC_109,50.0,180.0,54.137665,N-summer,0.25,validation
sample_06444.jpg,SRC_115,25.0,180.0,41.8845,N-spring,0.25,train
sample_06445.jpg,SRC_027,35.0,180.0,41.369436,N-spring,0.5,train
sample_06446.jpg,SRC_055,-5.0,180.0,57.335076,N-spring,0.25,train
sample_06447.jpg,SRC_148,-15.0,180.0,49.227137,N-autumn,0.25,train
sample_06448.jpg,SRC_091,-40.0,180.0,72.511342,N-summer,0.5,train
sample_06449.jpg,SRC_055,-5.0,180.0,57.335076,N-spring,0.25,train
sample_06450.jpg,SRC_134,-30.0,180.0,69.607895,N-spring,0.5,train
sample_06451.jpg,SRC_091,-40.0,180.0,72.511342,N-summer,0.5,train
sample_06452.jpg,SRC_041,15.0,180.0,46.712049,N-summer,0.25,validation
sample_06453.jpg,SRC_052,5.0,180.0,51.705435,N-summer,0.25,train
sample_06454.jpg,SRC_069,25.0,180.0,48.120522,N-summer,0.5,train
sample_06455.jpg,SRC_037,15.0,180.0,44.468297,N-spring,0.25,train
sample_06456.jpg,SRC_093,-25.0,180.0,43.343655,N-autumn,0.5,calibration
sample_06457.jpg,SRC_058,30.0,180.0,69.060883,N-autumn,0.5,train
sample_06458.jpg,SRC_133,-10.0,180.0,48.887369,N-spring,0.5,train
sample_06459.jpg,SRC_121,25.0,180.0,67.446292,N-autumn,0.5,train
sample_06460.jpg,SRC_121,25.0,180.0,67.446292,N-autumn,0.5,train
sample_06461.jpg,SRC_030,-25.0,180.0,67.936804,N-spring,0.5,train
sample_06462.jpg,SRC_104,25.0,180.0,45.102036,N-summer,0.5,validation
sample_06463.jpg,SRC_063,25.0,180.0,41.329237,N-spring,0.25,train
sample_06464.jpg,SRC_139,40.0,180.0,53.533251,N-winter,0.25,train
sample_06465.jpg,SRC_013,50.0,180.0,54.051464,N-spring,0.5,train
sample_06466.jpg,SRC_099,15.0,180.0,42.024472,N-spring,0.5,train
sample_06467.jpg,SRC_037,15.0,180.0,44.468297,N-spring,0.25,train
sample_06468.jpg,SRC_139,40.0,180.0,53.533251,N-winter,0.25,train
sample_06469.jpg,SRC_144,-35.0,180.0,76.731052,N-spring,0.5,train
sample_06470.jpg,SRC_144,-35.0,180.0,76.731052,N-spring,0.5,train
sample_06471.jpg,SRC_121,25.0,180.0,67.446292,N-autumn,0.5,train
sample_06472.jpg,SRC_096,25.0,180.0,40.422288,N-spring,0.25,train
sample_06473.jpg,SRC_121,25.0,180.0,67.446292,N-autumn,0.5,train
sample_06474.jpg,SRC_169,40.0,180.0,48.615664,N-summer,0.25,train
sample_06475.jpg,SRC_130,25.0,180.0,37.507656,N-spring,0.25,train
sample_06476.jpg,SRC_158,-5.0,180.0,35.954137,N-winter,0.25,train
sample_06477.jpg,SRC_158,-5.0,180.0,35.954137,N-winter,0.25,train
sample_06478.jpg,SRC_021,-90.0,0.0,68.040851,N-autumn,0.5,train
sample_06479.jpg,SRC_010,90.0,0.0,74.440619,N-summer,0.5,calibration
sample_06480.jpg,SRC_080,-25.0,180.0,69.726065,N-summer,0.25,train
sample_06481.jpg,SRC_004,30.0,180.0,61.107468,N-autumn,0.5,train
sample_06482.jpg,SRC_095,-20.0,180.0,56.495654,N-spring,0.5,validation
sample_06483.jpg,SRC_112,-30.0,180.0,67.516648,N-spring,0.5,train
sample_06484.jpg,SRC_168,90.0,0.0,64.709631,N-summer,0.25,validation
sample_06485.jpg,SRC_013,50.0,180.0,54.051464,N-spring,0.5,train
sample_06486.jpg,SRC_108,-40.0,180.0,68.856247,N-summer,0.5,calibration
sample_06487.jpg,SRC_055,-5.0,180.0,57.335076,N-spring,0.25,train
sample_06488.jpg,SRC_050,0.0,180.0,53.680047,N-summer,0.25,calibration
sample_06489.jpg,SRC_112,-30.0,180.0,67.516648,N-spring,0.5,train
sample_06490.jpg,SRC_042,10.0,180.0,36.92431,N-spring,0.5,calibration
sample_06491.jpg,SRC_011,-20.0,180.0,70.371153,N-summer,0.25,train
sample_06492.jpg,SRC_100,20.0,180.0,41.506528,N-spring,0.25,train
sample_06493.jpg,SRC_020,35.0,180.0,42.075965,N-summer,0.25,calibration
sample_06494.jpg,SRC_109,50.0,180.0,54.137665,N-summer,0.25,validation
sample_06495.jpg,SRC_012,-90.0,0.0,85.677016,N-autumn,0.5,train
sample_06496.jpg,SRC_037,15.0,180.0,44.468297,N-spring,0.25,train
sample_06497.jpg,SRC_097,0.0,180.0,35.318175,N-winter,0.25,train
sample_06498.jpg,SRC_006,-15.0,180.0,65.638079,N-spring,0.5,train
sample_06499.jpg,SRC_164,20.0,180.0,59.226879,N-autumn,0.25,train
sample_06500.jpg,SRC_064,90.0,0.0,60.573524,N-spring,0.25,train
sample_06501.jpg,SRC_156,10.0,180.0,48.737382,N-summer,0.25,validation
sample_06502.jpg,SRC_136,-35.0,180.0,76.922409,N-spring,0.5,train
sample_06503.jpg,SRC_006,-15.0,180.0,65.638079,N-spring,0.5,train
sample_06504.jpg,SRC_142,-30.0,180.0,34.276784,N-winter,0.25,train
sample_06505.jpg,SRC_021,-90.0,0.0,68.040851,N-autumn,0.5,train
sample_06506.jpg,SRC_009,-25.0,180.0,73.827745,N-spring,0.5,train
sample_06507.jpg,SRC_022,20.0,180.0,41.513642,N-spring,0.25,train
sample_06508.jpg,SRC_158,-5.0,180.0,35.954137,N-winter,0.25,train
sample_06509.jpg,SRC_004,30.0,180.0,61.107468,N-autumn,0.5,train
sample_06510.jpg,SRC_040,90.0,0.0,57.651744,N-spring,0.5,train
sample_06511.jpg,SRC_171,-35.0,180.0,63.65778,N-spring,0.25,train
sample_06512.jpg,SRC_168,90.0,0.0,64.709631,N-summer,0.25,validation
sample_06513.jpg,SRC_171,-35.0,180.0,63.65778,N-spring,0.25,train
sample_06514.jpg,SRC_154,0.0,180.0,54.770875,N-summer,0.5,train
sample_06515.jpg,SRC_006,-15.0,180.0,65.638079,N-spring,0.5,train
sample_06516.jpg,SRC_067,-15.0,180.0,64.724247,N-spring,0.5,calibration
sample_06517.jpg,SRC_006,-15.0,180.0,65.638079,N-spring,0.5,train
sample_06518.jpg,SRC_018,-90.0,0.0,67.882485,N-winter,0.25,train
sample_06519.jpg,SRC_041,15.0,180.0,46.712049,N-summer,0.25,validation
sample_06520.jpg,SRC_009,-25.0,180.0,73.827745,N-spring,0.5,train
sample_06521.jpg,SRC_001,-5.0,180.0,51.987197,N-spring,0.5,train
sample_06522.jpg,SRC_168,90.0,0.0,64.709631,N-summer,0.25,validation
sample_06523.jpg,SRC_081,-90.0,0.0,74.772433,N-autumn,0.25,calibration
sample_06524.jpg,SRC_171,-35.0,180.0,63.65778,N-spring,0.25,train
sample_06525.jpg,SRC_134,-30.0,180.0,69.607895,N-spring,0.5,train
sample_06526.jpg,SRC_002,40.0,180.0,45.868768,N-summer,0.25,train
sample_06527.jpg,SRC_135,5.0,180.0,41.328761,N-winter,0.5,train
sample_06528.jpg,SRC_107,20.0,180.0,65.68027,N-autumn,0.5,train
sample_06529.jpg,SRC_065,30.0,180.0,68.700871,N-winter,0.5,train
sample_06530.jpg,SRC_115,25.0,180.0,41.8845,N-spring,0.25,train
sample_06531.jpg,SRC_116,5.0,180.0,41.203028,N-spring,0.25,calibration
sample_06532.jpg,SRC_051,20.0,180.0,63.609319,N-autumn,0.5,train
sample_06533.jpg,SRC_100,20.0,180.0,41.506528,N-spring,0.25,train
sample_06534.jpg,SRC_108,-40.0,180.0,68.856247,N-summer,0.5,calibration
sample_06535.jpg,SRC_133,-10.0,180.0,48.887369,N-spring,0.5,train
sample_06536.jpg,SRC_051,20.0,180.0,63.609319,N-autumn,0.5,train
sample_06537.jpg,SRC_071,20.0,180.0,40.070501,N-spring,0.25,train
sample_06538.jpg,SRC_115,25.0,180.0,41.8845,N-spring,0.25,train
sample_06539.jpg,SRC_168,90.0,0.0,64.709631,N-summer,0.25,validation
sample_06540.jpg,SRC_059,15.0,180.0,48.046698,N-summer,0.25,train
sample_06541.jpg,SRC_056,-40.0,180.0,74.660587,N-summer,0.5,train
sample_06542.jpg,SRC_148,-15.0,180.0,49.227137,N-autumn,0.25,train
sample_06543.jpg,SRC_103,-35.0,180.0,57.090396,N-autumn,0.25,train
sample_06544.jpg,SRC_042,10.0,180.0,36.92431,N-spring,0.5,calibration
sample_06545.jpg,SRC_062,45.0,180.0,81.508965,N-autumn,0.5,train
sample_06546.jpg,SRC_013,50.0,180.0,54.051464,N-spring,0.5,train
sample_06547.jpg,SRC_089,10.0,180.0,48.442522,N-winter,0.25,calibration
sample_06548.jpg,SRC_013,50.0,180.0,54.051464,N-spring,0.5,train
sample_06549.jpg,SRC_074,0.0,180.0,50.25459,N-spring,0.5,train
sample_06550.jpg,SRC_134,-30.0,180.0,69.607895,N-spring,0.5,train
sample_06551.jpg,SRC_124,0.0,180.0,51.928413,N-summer,0.25,train
sample_06552.jpg,SRC_022,20.0,180.0,41.513642,N-spring,0.25,train
sample_06553.jpg,SRC_084,-10.0,180.0,58.957849,N-summer,0.25,train
sample_06554.jpg,SRC_131,10.0,180.0,60.540464,N-autumn,0.5,train
sample_06555.jpg,SRC_013,50.0,180.0,54.051464,N-spring,0.5,train
sample_06556.jpg,SRC_012,-90.0,0.0,85.677016,N-autumn,0.5,train
sample_06557.jpg,SRC_043,10.0,180.0,50.433279,N-summer,0.5,train
sample_06558.jpg,SRC_036,5.0,180.0,52.749586,N-summer,0.25,train
sample_06559.jpg,SRC_170,-20.0,180.0,56.332579,N-autumn,0.25,validation
sample_06560.jpg,SRC_030,-25.0,180.0,67.936804,N-spring,0.5,train
sample_06561.jpg,SRC_006,-15.0,180.0,65.638079,N-spring,0.5,train
sample_06562.jpg,SRC_076,25.0,180.0,63.632584,N-autumn,0.25,train
sample_06563.jpg,SRC_009,-25.0,180.0,73.827745,N-spring,0.5,train
sample_06564.jpg,SRC_004,30.0,180.0,61.107468,N-autumn,0.5,train
sample_06565.jpg,SRC_056,-40.0,180.0,74.660587,N-summer,0.5,train
sample_06566.jpg,SRC_114,-10.0,180.0,58.176498,N-autumn,0.5,train
sample_06567.jpg,SRC_040,90.0,0.0,57.651744,N-spring,0.5,train
sample_06568.jpg,SRC_052,5.0,180.0,51.705435,N-summer,0.25,train
sample_06569.jpg,SRC_006,-15.0,180.0,65.638079,N-spring,0.5,train
sample_06570.jpg,SRC_075,-90.0,0.0,65.329336,N-winter,0.25,train
sample_06571.jpg,SRC_009,-25.0,180.0,73.827745,N-spring,0.5,train
sample_06572.jpg,SRC_146,10.0,180.0,58.0428,N-summer,0.5,train
sample_06573.jpg,SRC_112,-30.0,180.0,67.516648,N-spring,0.5,train
sample_06574.jpg,SRC_153,-40.0,180.0,43.960452,N-autumn,0.25,train
sample_06575.jpg,SRC_161,5.0,180.0,52.294471,N-summer,0.25,train
sample_06576.jpg,SRC_061,50.0,180.0,43.110277,N-spring,0.5,train
sample_06577.jpg,SRC_056,-40.0,180.0,74.660587,N-summer,0.5,train
sample_06578.jpg,SRC_085,0.0,180.0,39.187341,N-spring,0.25,train
sample_06579.jpg,SRC_006,-15.0,180.0,65.638079,N-spring,0.5,train
sample_06580.jpg,SRC_130,25.0,180.0,37.507656,N-spring,0.25,train
sample_06581.jpg,SRC_036,5.0,180.0,52.749586,N-summer,0.25,train
sample_06582.jpg,SRC_069,25.0,180.0,48.120522,N-summer,0.5,train
sample_06583.jpg,SRC_013,50.0,180.0,54.051464,N-spring,0.5,train
sample_06584.jpg,SRC_127,-35.0,180.0,47.507974,N-autumn,0.5,validation
sample_06585.jpg,SRC_059,15.0,180.0,48.046698,N-summer,0.25,train
sample_06586.jpg,SRC_108,-40.0,180.0,68.856247,N-summer,0.5,calibration
sample_06587.jpg,SRC_042,10.0,180.0,36.92431,N-spring,0.5,calibration
sample_06588.jpg,SRC_026,90.0,0.0,57.238404,N-spring,0.25,calibration
sample_06589.jpg,SRC_009,-25.0,180.0,73.827745,N-spring,0.5,train
sample_06590.jpg,SRC_040,90.0,0.0,57.651744,N-spring,0.5,train
sample_06591.jpg,SRC_011,-20.0,180.0,70.371153,N-summer,0.25,train
sample_06592.jpg,SRC_069,25.0,180.0,48.120522,N-summer,0.5,train
sample_06593.jpg,SRC_115,25.0,180.0,41.8845,N-spring,0.25,train
sample_06594.jpg,SRC_168,90.0,0.0,64.709631,N-summer,0.25,validation
sample_06595.jpg,SRC_070,60.0,180.0,58.788969,N-summer,0.5,train
sample_06596.jpg,SRC_013,50.0,180.0,54.051464,N-spring,0.5,train
sample_06597.jpg,SRC_156,10.0,180.0,48.737382,N-summer,0.25,validation
sample_06598.jpg,SRC_040,90.0,0.0,57.651744,N-spring,0.5,train
sample_06599.jpg,SRC_121,25.0,180.0,67.446292,N-autumn,0.5,train
sample_06600.jpg,SRC_145,-5.0,180.0,52.15166,N-spring,0.25,train
sample_06601.jpg,SRC_124,0.0,180.0,51.928413,N-summer,0.25,train
sample_06602.jpg,SRC_051,20.0,180.0,63.609319,N-autumn,0.5,train
sample_06603.jpg,SRC_097,0.0,180.0,35.318175,N-winter,0.25,train
sample_06604.jpg,SRC_091,-40.0,180.0,72.511342,N-summer,0.5,train
sample_06605.jpg,SRC_144,-35.0,180.0,76.731052,N-spring,0.5,train
sample_06606.jpg,SRC_108,-40.0,180.0,68.856247,N-summer,0.5,calibration
sample_06607.jpg,SRC_158,-5.0,180.0,35.954137,N-winter,0.25,train
sample_06608.jpg,SRC_063,25.0,180.0,41.329237,N-spring,0.25,train
sample_06609.jpg,SRC_041,15.0,180.0,46.712049,N-summer,0.25,validation
sample_06610.jpg,SRC_085,0.0,180.0,39.187341,N-spring,0.25,train
sample_06611.jpg,SRC_102,-10.0,180.0,52.255853,N-spring,0.25,train
sample_06612.jpg,SRC_013,50.0,180.0,54.051464,N-spring,0.5,train
sample_06613.jpg,SRC_126,-20.0,180.0,68.779144,N-summer,0.5,train
sample_06614.jpg,SRC_102,-10.0,180.0,52.255853,N-spring,0.25,train
sample_06615.jpg,SRC_125,-5.0,180.0,52.428603,N-spring,0.25,train
sample_06616.jpg,SRC_121,25.0,180.0,67.446292,N-autumn,0.5,train
sample_06617.jpg,SRC_074,0.0,180.0,50.25459,N-spring,0.5,train
sample_06618.jpg,SRC_129,20.0,180.0,41.057252,N-spring,0.25,validation
sample_06619.jpg,SRC_100,20.0,180.0,41.506528,N-spring,0.25,train
sample_06620.jpg,SRC_099,15.0,180.0,42.024472,N-spring,0.5,train
sample_06621.jpg,SRC_094,20.0,180.0,66.934532,N-autumn,0.25,train
sample_06622.jpg,SRC_084,-10.0,180.0,58.957849,N-summer,0.25,train
sample_06623.jpg,SRC_131,10.0,180.0,60.540464,N-autumn,0.5,train
sample_06624.jpg,SRC_093,-25.0,180.0,43.343655,N-autumn,0.5,calibration
sample_06625.jpg,SRC_014,-40.0,180.0,38.480327,N-winter,0.25,train
sample_06626.jpg,SRC_115,25.0,180.0,41.8845,N-spring,0.25,train
sample_06627.jpg,SRC_066,-10.0,180.0,61.81065,N-summer,0.5,calibration
sample_06628.jpg,SRC_103,-35.0,180.0,57.090396,N-autumn,0.25,train
sample_06629.jpg,SRC_056,-40.0,180.0,74.660587,N-summer,0.5,train
sample_06630.jpg,SRC_156,10.0,180.0,48.737382,N-summer,0.25,validation
sample_06631.jpg,SRC_071,20.0,180.0,40.070501,N-spring,0.25,train
sample_06632.jpg,SRC_114,-10.0,180.0,58.176498,N-autumn,0.5,train
sample_06633.jpg,SRC_112,-30.0,180.0,67.516648,N-spring,0.5,train
sample_06634.jpg,SRC_108,-40.0,180.0,68.856247,N-summer,0.5,calibration
sample_06635.jpg,SRC_013,50.0,180.0,54.051464,N-spring,0.5,train
sample_06636.jpg,SRC_009,-25.0,180.0,73.827745,N-spring,0.5,train
sample_06637.jpg,SRC_007,20.0,180.0,49.485932,N-winter,0.25,validation
sample_06638.jpg,SRC_051,20.0,180.0,63.609319,N-autumn,0.5,train
sample_06639.jpg,SRC_150,10.0,180.0,50.798821,N-summer,0.5,train
sample_06640.jpg,SRC_059,15.0,180.0,48.046698,N-summer,0.25,train
sample_06641.jpg,SRC_087,0.0,180.0,54.65824,N-summer,0.25,calibration
sample_06642.jpg,SRC_048,-25.0,180.0,61.920556,N-autumn,0.25,calibration
sample_06643.jpg,SRC_150,10.0,180.0,50.798821,N-summer,0.5,train
sample_06644.jpg,SRC_041,15.0,180.0,46.712049,N-summer,0.25,validation
sample_06645.jpg,SRC_084,-10.0,180.0,58.957849,N-summer,0.25,train
sample_06646.jpg,SRC_004,30.0,180.0,61.107468,N-autumn,0.5,train
sample_06647.jpg,SRC_153,-40.0,180.0,43.960452,N-autumn,0.25,train
sample_06648.jpg,SRC_112,-30.0,180.0,67.516648,N-spring,0.5,train
sample_06649.jpg,SRC_030,-25.0,180.0,67.936804,N-spring,0.5,train
sample_06650.jpg,SRC_011,-20.0,180.0,70.371153,N-summer,0.25,train
sample_06651.jpg,SRC_158,-5.0,180.0,35.954137,N-winter,0.25,train
sample_06652.jpg,SRC_103,-35.0,180.0,57.090396,N-autumn,0.25,train
sample_06653.jpg,SRC_040,90.0,0.0,57.651744,N-spring,0.5,train
sample_06654.jpg,SRC_104,25.0,180.0,45.102036,N-summer,0.5,validation
sample_06655.jpg,SRC_091,-40.0,180.0,72.511342,N-summer,0.5,train
sample_06656.jpg,SRC_073,45.0,180.0,41.537171,N-spring,0.25,train
sample_06657.jpg,SRC_133,-10.0,180.0,48.887369,N-spring,0.5,train
sample_06658.jpg,SRC_084,-10.0,180.0,58.957849,N-summer,0.25,train
sample_06659.jpg,SRC_037,15.0,180.0,44.468297,N-spring,0.25,train
sample_06660.jpg,SRC_069,25.0,180.0,48.120522,N-summer,0.5,train
sample_06661.jpg,SRC_013,50.0,180.0,54.051464,N-spring,0.5,train
sample_06662.jpg,SRC_040,90.0,0.0,57.651744,N-spring,0.5,train
sample_06663.jpg,SRC_093,-25.0,180.0,43.343655,N-autumn,0.5,calibration
sample_06664.jpg,SRC_075,-90.0,0.0,65.329336,N-winter,0.25,train
sample_06665.jpg,SRC_115,25.0,180.0,41.8845,N-spring,0.25,train
sample_06666.jpg,SRC_112,-30.0,180.0,67.516648,N-spring,0.5,train
sample_06667.jpg,SRC_159,20.0,180.0,67.076816,N-autumn,0.25,train
sample_06668.jpg,SRC_108,-40.0,180.0,68.856247,N-summer,0.5,calibration
sample_06669.jpg,SRC_021,-90.0,0.0,68.040851,N-autumn,0.5,train
sample_06670.jpg,SRC_088,0.0,180.0,53.004483,N-summer,0.25,train
sample_06671.jpg,SRC_171,-35.0,180.0,63.65778,N-spring,0.25,train
sample_06672.jpg,SRC_165,10.0,180.0,42.451267,N-winter,0.25,train
sample_06673.jpg,SRC_070,60.0,180.0,58.788969,N-summer,0.5,train
sample_06674.jpg,SRC_056,-40.0,180.0,74.660587,N-summer,0.5,train
sample_06675.jpg,SRC_140,35.0,180.0,44.85556,N-spring,0.25,train
sample_06676.jpg,SRC_092,5.0,180.0,57.429528,N-autumn,0.25,train
sample_06677.jpg,SRC_056,-40.0,180.0,74.660587,N-summer,0.5,train
sample_06678.jpg,SRC_034,40.0,180.0,46.055099,N-summer,0.25,validation
sample_06679.jpg,SRC_041,15.0,180.0,46.712049,N-summer,0.25,validation
sample_06680.jpg,SRC_001,-5.0,180.0,51.987197,N-spring,0.5,train
sample_06681.jpg,SRC_089,10.0,180.0,48.442522,N-winter,0.25,calibration
sample_06682.jpg,SRC_129,20.0,180.0,41.057252,N-spring,0.25,validation
sample_06683.jpg,SRC_022,20.0,180.0,41.513642,N-spring,0.25,train
sample_06684.jpg,SRC_134,-30.0,180.0,69.607895,N-spring,0.5,train
sample_06685.jpg,SRC_027,35.0,180.0,41.369436,N-spring,0.5,train
sample_06686.jpg,SRC_153,-40.0,180.0,43.960452,N-autumn,0.25,train
sample_06687.jpg,SRC_106,25.0,180.0,40.638999,N-spring,0.5,validation
sample_06688.jpg,SRC_129,20.0,180.0,41.057252,N-spring,0.25,validation
sample_06689.jpg,SRC_009,-25.0,180.0,73.827745,N-spring,0.5,train
sample_06690.jpg,SRC_051,20.0,180.0,63.609319,N-autumn,0.5,train
sample_06691.jpg,SRC_059,15.0,180.0,48.046698,N-summer,0.25,train
sample_06692.jpg,SRC_070,60.0,180.0,58.788969,N-summer,0.5,train
sample_06693.jpg,SRC_043,10.0,180.0,50.433279,N-summer,0.5,train
sample_06694.jpg,SRC_104,25.0,180.0,45.102036,N-summer,0.5,validation
sample_06695.jpg,SRC_111,-35.0,180.0,79.069883,N-spring,1.0,train
sample_06696.jpg,SRC_095,-20.0,180.0,56.495654,N-spring,0.5,validation
sample_06697.jpg,SRC_142,-30.0,180.0,34.276784,N-winter,0.25,train
sample_06698.jpg,SRC_158,-5.0,180.0,35.954137,N-winter,0.25,train
sample_06699.jpg,SRC_109,50.0,180.0,54.137665,N-summer,0.25,validation
sample_06700.jpg,SRC_099,15.0,180.0,42.024472,N-spring,0.5,train
sample_06701.jpg,SRC_059,15.0,180.0,48.046698,N-summer,0.25,train
sample_06702.jpg,SRC_141,-10.0,180.0,55.206291,N-spring,0.25,train
sample_06703.jpg,SRC_116,5.0,180.0,41.203028,N-spring,0.25,calibration
sample_06704.jpg,SRC_021,-90.0,0.0,68.040851,N-autumn,0.5,train
sample_06705.jpg,SRC_092,5.0,180.0,57.429528,N-autumn,0.25,train
sample_06706.jpg,SRC_165,10.0,180.0,42.451267,N-winter,0.25,train
sample_06707.jpg,SRC_056,-40.0,180.0,74.660587,N-summer,0.5,train
sample_06708.jpg,SRC_096,25.0,180.0,40.422288,N-spring,0.25,train
sample_06709.jpg,SRC_171,-35.0,180.0,63.65778,N-spring,0.25,train
sample_06710.jpg,SRC_089,10.0,180.0,48.442522,N-winter,0.25,calibration
sample_06711.jpg,SRC_111,-35.0,180.0,79.069883,N-spring,1.0,train
sample_06712.jpg,SRC_148,-15.0,180.0,49.227137,N-autumn,0.25,train
sample_06713.jpg,SRC_004,30.0,180.0,61.107468,N-autumn,0.5,train
sample_06714.jpg,SRC_040,90.0,0.0,57.651744,N-spring,0.5,train
sample_06715.jpg,SRC_108,-40.0,180.0,68.856247,N-summer,0.5,calibration
sample_06716.jpg,SRC_040,90.0,0.0,57.651744,N-spring,0.5,train
sample_06717.jpg,SRC_051,20.0,180.0,63.609319,N-autumn,0.5,train
sample_06718.jpg,SRC_157,40.0,180.0,44.22455,N-summer,0.25,calibration
sample_06719.jpg,SRC_038,-15.0,180.0,32.097448,N-winter,0.25,train
sample_06720.jpg,SRC_169,40.0,180.0,48.615664,N-summer,0.25,train
sample_06721.jpg,SRC_154,0.0,180.0,54.770875,N-summer,0.5,train
sample_06722.jpg,SRC_169,40.0,180.0,48.615664,N-summer,0.25,train
sample_06723.jpg,SRC_151,-15.0,180.0,63.408071,N-summer,0.5,validation
sample_06724.jpg,SRC_142,-30.0,180.0,34.276784,N-winter,0.25,train
sample_06725.jpg,SRC_059,15.0,180.0,48.046698,N-summer,0.25,train
sample_06726.jpg,SRC_157,40.0,180.0,44.22455,N-summer,0.25,calibration
sample_06727.jpg,SRC_106,25.0,180.0,40.638999,N-spring,0.5,validation
sample_06728.jpg,SRC_006,-15.0,180.0,65.638079,N-spring,0.5,train
sample_06729.jpg,SRC_099,15.0,180.0,42.024472,N-spring,0.5,train
sample_06730.jpg,SRC_071,20.0,180.0,40.070501,N-spring,0.25,train
sample_06731.jpg,SRC_144,-35.0,180.0,76.731052,N-spring,0.5,train
sample_06732.jpg,SRC_006,-15.0,180.0,65.638079,N-spring,0.5,train
sample_06733.jpg,SRC_022,20.0,180.0,41.513642,N-spring,0.25,train
sample_06734.jpg,SRC_052,5.0,180.0,51.705435,N-summer,0.25,train
sample_06735.jpg,SRC_009,-25.0,180.0,73.827745,N-spring,0.5,train
sample_06736.jpg,SRC_150,10.0,180.0,50.798821,N-summer,0.5,train
sample_06737.jpg,SRC_020,35.0,180.0,42.075965,N-summer,0.25,calibration
sample_06738.jpg,SRC_005,0.0,180.0,55.846781,N-summer,0.5,validation
sample_06739.jpg,SRC_087,0.0,180.0,54.65824,N-summer,0.25,calibration
sample_06740.jpg,SRC_153,-40.0,180.0,43.960452,N-autumn,0.25,train
sample_06741.jpg,SRC_008,25.0,180.0,61.005891,N-autumn,0.25,validation
sample_06742.jpg,SRC_150,10.0,180.0,50.798821,N-summer,0.5,train
sample_06743.jpg,SRC_115,25.0,180.0,41.8845,N-spring,0.25,train
sample_06744.jpg,SRC_168,90.0,0.0,64.709631,N-summer,0.25,validation
sample_06745.jpg,SRC_064,90.0,0.0,60.573524,N-spring,0.25,train
sample_06746.jpg,SRC_145,-5.0,180.0,52.15166,N-spring,0.25,train
sample_06747.jpg,SRC_095,-20.0,180.0,56.495654,N-spring,0.5,validation
sample_06748.jpg,SRC_073,45.0,180.0,41.537171,N-spring,0.25,train
sample_06749.jpg,SRC_119,90.0,0.0,58.642683,N-spring,0.25,calibration
sample_06750.jpg,SRC_101,5.0,180.0,48.479381,N-winter,0.25,validation
sample_06751.jpg,SRC_092,5.0,180.0,57.429528,N-autumn,0.25,train
sample_06752.jpg,SRC_027,35.0,180.0,41.369436,N-spring,0.5,train
sample_06753.jpg,SRC_048,-25.0,180.0,61.920556,N-autumn,0.25,calibration
sample_06754.jpg,SRC_143,90.0,0.0,68.916652,N-spring,0.5,train
sample_06755.jpg,SRC_041,15.0,180.0,46.712049,N-summer,0.25,validation
sample_06756.jpg,SRC_047,0.0,180.0,48.028677,N-spring,0.5,validation
sample_06757.jpg,SRC_153,-40.0,180.0,43.960452,N-autumn,0.25,train
sample_06758.jpg,SRC_030,-25.0,180.0,67.936804,N-spring,0.5,train
sample_06759.jpg,SRC_067,-15.0,180.0,64.724247,N-spring,0.5,calibration
sample_06760.jpg,SRC_158,-5.0,180.0,35.954137,N-winter,0.25,train
sample_06761.jpg,SRC_126,-20.0,180.0,68.779144,N-summer,0.5,train
sample_06762.jpg,SRC_073,45.0,180.0,41.537171,N-spring,0.25,train
sample_06763.jpg,SRC_073,45.0,180.0,41.537171,N-spring,0.25,train
sample_06764.jpg,SRC_059,15.0,180.0,48.046698,N-summer,0.25,train
sample_06765.jpg,SRC_091,-40.0,180.0,72.511342,N-summer,0.5,train
sample_06766.jpg,SRC_124,0.0,180.0,51.928413,N-summer,0.25,train
sample_06767.jpg,SRC_020,35.0,180.0,42.075965,N-summer,0.25,calibration
sample_06768.jpg,SRC_116,5.0,180.0,41.203028,N-spring,0.25,calibration
sample_06769.jpg,SRC_103,-35.0,180.0,57.090396,N-autumn,0.25,train
sample_06770.jpg,SRC_115,25.0,180.0,41.8845,N-spring,0.25,train
sample_06771.jpg,SRC_076,25.0,180.0,63.632584,N-autumn,0.25,train
sample_06772.jpg,SRC_158,-5.0,180.0,35.954137,N-winter,0.25,train
sample_06773.jpg,SRC_096,25.0,180.0,40.422288,N-spring,0.25,train
sample_06774.jpg,SRC_074,0.0,180.0,50.25459,N-spring,0.5,train
sample_06775.jpg,SRC_091,-40.0,180.0,72.511342,N-summer,0.5,train
sample_06776.jpg,SRC_005,0.0,180.0,55.846781,N-summer,0.5,validation
sample_06777.jpg,SRC_114,-10.0,180.0,58.176498,N-autumn,0.5,train
sample_06778.jpg,SRC_076,25.0,180.0,63.632584,N-autumn,0.25,train
sample_06779.jpg,SRC_106,25.0,180.0,40.638999,N-spring,0.5,validation
sample_06780.jpg,SRC_148,-15.0,180.0,49.227137,N-autumn,0.25,train
sample_06781.jpg,SRC_006,-15.0,180.0,65.638079,N-spring,0.5,train
sample_06782.jpg,SRC_080,-25.0,180.0,69.726065,N-summer,0.25,train
sample_06783.jpg,SRC_040,90.0,0.0,57.651744,N-spring,0.5,train
sample_06784.jpg,SRC_013,50.0,180.0,54.051464,N-spring,0.5,train
sample_06785.jpg,SRC_126,-20.0,180.0,68.779144,N-summer,0.5,train
sample_06786.jpg,SRC_137,-5.0,180.0,45.053172,N-spring,0.25,train
sample_06787.jpg,SRC_061,50.0,180.0,43.110277,N-spring,0.5,train
sample_06788.jpg,SRC_091,-40.0,180.0,72.511342,N-summer,0.5,train
sample_06789.jpg,SRC_006,-15.0,180.0,65.638079,N-spring,0.5,train
sample_06790.jpg,SRC_071,20.0,180.0,40.070501,N-spring,0.25,train
sample_06791.jpg,SRC_092,5.0,180.0,57.429528,N-autumn,0.25,train
sample_06792.jpg,SRC_076,25.0,180.0,63.632584,N-autumn,0.25,train
sample_06793.jpg,SRC_163,0.0,180.0,39.987447,N-winter,0.25,train
sample_06794.jpg,SRC_006,-15.0,180.0,65.638079,N-spring,0.5,train
sample_06795.jpg,SRC_096,25.0,180.0,40.422288,N-spring,0.25,train
sample_06796.jpg,SRC_063,25.0,180.0,41.329237,N-spring,0.25,train
sample_06797.jpg,SRC_115,25.0,180.0,41.8845,N-spring,0.25,train
sample_06798.jpg,SRC_146,10.0,180.0,58.0428,N-summer,0.5,train
sample_06799.jpg,SRC_042,10.0,180.0,36.92431,N-spring,0.5,calibration
sample_06800.jpg,SRC_117,-90.0,0.0,60.317034,N-winter,0.25,calibration
sample_06801.jpg,SRC_061,50.0,180.0,43.110277,N-spring,0.5,train
sample_06802.jpg,SRC_121,25.0,180.0,67.446292,N-autumn,0.5,train
sample_06803.jpg,SRC_040,90.0,0.0,57.651744,N-spring,0.5,train
sample_06804.jpg,SRC_109,50.0,180.0,54.137665,N-summer,0.25,validation
sample_06805.jpg,SRC_127,-35.0,180.0,47.507974,N-autumn,0.5,validation
sample_06806.jpg,SRC_005,0.0,180.0,55.846781,N-summer,0.5,validation
sample_06807.jpg,SRC_094,20.0,180.0,66.934532,N-autumn,0.25,train
sample_06808.jpg,SRC_153,-40.0,180.0,43.960452,N-autumn,0.25,train
sample_06809.jpg,SRC_124,0.0,180.0,51.928413,N-summer,0.25,train
sample_06810.jpg,SRC_111,-35.0,180.0,79.069883,N-spring,1.0,train
sample_06811.jpg,SRC_095,-20.0,180.0,56.495654,N-spring,0.5,validation
sample_06812.jpg,SRC_036,5.0,180.0,52.749586,N-summer,0.25,train
sample_06813.jpg,SRC_062,45.0,180.0,81.508965,N-autumn,0.5,train
sample_06814.jpg,SRC_148,-15.0,180.0,49.227137,N-autumn,0.25,train
sample_06815.jpg,SRC_009,-25.0,180.0,73.827745,N-spring,0.5,train
sample_06816.jpg,SRC_111,-35.0,180.0,79.069883,N-spring,1.0,train
sample_06817.jpg,SRC_104,25.0,180.0,45.102036,N-summer,0.5,validation
sample_06818.jpg,SRC_038,-15.0,180.0,32.097448,N-winter,0.25,train
sample_06819.jpg,SRC_061,50.0,180.0,43.110277,N-spring,0.5,train
sample_06820.jpg,SRC_106,25.0,180.0,40.638999,N-spring,0.5,validation
sample_06821.jpg,SRC_103,-35.0,180.0,57.090396,N-autumn,0.25,train
sample_06822.jpg,SRC_169,40.0,180.0,48.615664,N-summer,0.25,train
sample_06823.jpg,SRC_126,-20.0,180.0,68.779144,N-summer,0.5,train
sample_06824.jpg,SRC_140,35.0,180.0,44.85556,N-spring,0.25,train
sample_06825.jpg,SRC_151,-15.0,180.0,63.408071,N-summer,0.5,validation
sample_06826.jpg,SRC_114,-10.0,180.0,58.176498,N-autumn,0.5,train
sample_06827.jpg,SRC_097,0.0,180.0,35.318175,N-winter,0.25,train
sample_06828.jpg,SRC_092,5.0,180.0,57.429528,N-autumn,0.25,train
sample_06829.jpg,SRC_093,-25.0,180.0,43.343655,N-autumn,0.5,calibration
sample_06830.jpg,SRC_009,-25.0,180.0,73.827745,N-spring,0.5,train
sample_06831.jpg,SRC_037,15.0,180.0,44.468297,N-spring,0.25,train
sample_06832.jpg,SRC_169,40.0,180.0,48.615664,N-summer,0.25,train
sample_06833.jpg,SRC_153,-40.0,180.0,43.960452,N-autumn,0.25,train
sample_06834.jpg,SRC_114,-10.0,180.0,58.176498,N-autumn,0.5,train
sample_06835.jpg,SRC_168,90.0,0.0,64.709631,N-summer,0.25,validation
sample_06836.jpg,SRC_009,-25.0,180.0,73.827745,N-spring,0.5,train
sample_06837.jpg,SRC_114,-10.0,180.0,58.176498,N-autumn,0.5,train
sample_06838.jpg,SRC_170,-20.0,180.0,56.332579,N-autumn,0.25,validation
sample_06839.jpg,SRC_049,5.0,180.0,42.94902,N-spring,0.25,train
sample_06840.jpg,SRC_124,0.0,180.0,51.928413,N-summer,0.25,train
sample_06841.jpg,SRC_009,-25.0,180.0,73.827745,N-spring,0.5,train
sample_06842.jpg,SRC_124,0.0,180.0,51.928413,N-summer,0.25,train
sample_06843.jpg,SRC_030,-25.0,180.0,67.936804,N-spring,0.5,train
sample_06844.jpg,SRC_108,-40.0,180.0,68.856247,N-summer,0.5,calibration
sample_06845.jpg,SRC_134,-30.0,180.0,69.607895,N-spring,0.5,train
sample_06846.jpg,SRC_107,20.0,180.0,65.68027,N-autumn,0.5,train
sample_06847.jpg,SRC_127,-35.0,180.0,47.507974,N-autumn,0.5,validation
sample_06848.jpg,SRC_103,-35.0,180.0,57.090396,N-autumn,0.25,train
sample_06849.jpg,SRC_123,0.0,180.0,54.598149,N-autumn,0.5,train
sample_06850.jpg,SRC_067,-15.0,180.0,64.724247,N-spring,0.5,calibration
sample_06851.jpg,SRC_108,-40.0,180.0,68.856247,N-summer,0.5,calibration
sample_06852.jpg,SRC_096,25.0,180.0,40.422288,N-spring,0.25,train
sample_06853.jpg,SRC_051,20.0,180.0,63.609319,N-autumn,0.5,train
sample_06854.jpg,SRC_157,40.0,180.0,44.22455,N-summer,0.25,calibration
sample_06855.jpg,SRC_012,-90.0,0.0,85.677016,N-autumn,0.5,train
sample_06856.jpg,SRC_130,25.0,180.0,37.507656,N-spring,0.25,train
sample_06857.jpg,SRC_075,-90.0,0.0,65.329336,N-winter,0.25,train
sample_06858.jpg,SRC_095,-20.0,180.0,56.495654,N-spring,0.5,validation
sample_06859.jpg,SRC_115,25.0,180.0,41.8845,N-spring,0.25,train
sample_06860.jpg,SRC_145,-5.0,180.0,52.15166,N-spring,0.25,train
sample_06861.jpg,SRC_026,90.0,0.0,57.238404,N-spring,0.25,calibration
sample_06862.jpg,SRC_024,10.0,180.0,53.725813,N-summer,0.25,calibration
sample_06863.jpg,SRC_110,90.0,0.0,59.038071,N-summer,0.25,train
sample_06864.jpg,SRC_004,30.0,180.0,61.107468,N-autumn,0.5,train
sample_06865.jpg,SRC_004,30.0,180.0,61.107468,N-autumn,0.5,train
sample_06866.jpg,SRC_116,5.0,180.0,41.203028,N-spring,0.25,calibration
sample_06867.jpg,SRC_043,10.0,180.0,50.433279,N-summer,0.5,train
sample_06868.jpg,SRC_027,35.0,180.0,41.369436,N-spring,0.5,train
sample_06869.jpg,SRC_121,25.0,180.0,67.446292,N-autumn,0.5,train
sample_06870.jpg,SRC_034,40.0,180.0,46.055099,N-summer,0.25,validation
sample_06871.jpg,SRC_148,-15.0,180.0,49.227137,N-autumn,0.25,train
sample_06872.jpg,SRC_108,-40.0,180.0,68.856247,N-summer,0.5,calibration
sample_06873.jpg,SRC_073,45.0,180.0,41.537171,N-spring,0.25,train
sample_06874.jpg,SRC_088,0.0,180.0,53.004483,N-summer,0.25,train
sample_06875.jpg,SRC_015,20.0,180.0,46.484204,N-summer,0.25,train
sample_06876.jpg,SRC_027,35.0,180.0,41.369436,N-spring,0.5,train
sample_06877.jpg,SRC_013,50.0,180.0,54.051464,N-spring,0.5,train
sample_06878.jpg,SRC_015,20.0,180.0,46.484204,N-summer,0.25,train
sample_06879.jpg,SRC_103,-35.0,180.0,57.090396,N-autumn,0.25,train
sample_06880.jpg,SRC_148,-15.0,180.0,49.227137,N-autumn,0.25,train
sample_06881.jpg,SRC_036,5.0,180.0,52.749586,N-summer,0.25,train
sample_06882.jpg,SRC_005,0.0,180.0,55.846781,N-summer,0.5,validation
sample_06883.jpg,SRC_095,-20.0,180.0,56.495654,N-spring,0.5,validation
sample_06884.jpg,SRC_057,-5.0,180.0,57.599617,N-summer,0.25,calibration
sample_06885.jpg,SRC_009,-25.0,180.0,73.827745,N-spring,0.5,train
sample_06886.jpg,SRC_009,-25.0,180.0,73.827745,N-spring,0.5,train
sample_06887.jpg,SRC_130,25.0,180.0,37.507656,N-spring,0.25,train
sample_06888.jpg,SRC_100,20.0,180.0,41.506528,N-spring,0.25,train
sample_06889.jpg,SRC_030,-25.0,180.0,67.936804,N-spring,0.5,train
sample_06890.jpg,SRC_030,-25.0,180.0,67.936804,N-spring,0.5,train
sample_06891.jpg,SRC_088,0.0,180.0,53.004483,N-summer,0.25,train
sample_06892.jpg,SRC_054,5.0,180.0,37.41608,N-winter,0.25,train
sample_06893.jpg,SRC_124,0.0,180.0,51.928413,N-summer,0.25,train
sample_06894.jpg,SRC_066,-10.0,180.0,61.81065,N-summer,0.5,calibration
sample_06895.jpg,SRC_106,25.0,180.0,40.638999,N-spring,0.5,validation
sample_06896.jpg,SRC_047,0.0,180.0,48.028677,N-spring,0.5,validation
sample_06897.jpg,SRC_093,-25.0,180.0,43.343655,N-autumn,0.5,calibration
sample_06898.jpg,SRC_121,25.0,180.0,67.446292,N-autumn,0.5,train
sample_06899.jpg,SRC_076,25.0,180.0,63.632584,N-autumn,0.25,train
sample_06900.jpg,SRC_030,-25.0,180.0,67.936804,N-spring,0.5,train
sample_06901.jpg,SRC_126,-20.0,180.0,68.779144,N-summer,0.5,train
sample_06902.jpg,SRC_146,10.0,180.0,58.0428,N-summer,0.5,train
sample_06903.jpg,SRC_097,0.0,180.0,35.318175,N-winter,0.25,train
sample_06904.jpg,SRC_004,30.0,180.0,61.107468,N-autumn,0.5,train
sample_06905.jpg,SRC_047,0.0,180.0,48.028677,N-spring,0.5,validation
sample_06906.jpg,SRC_169,40.0,180.0,48.615664,N-summer,0.25,train
sample_06907.jpg,SRC_108,-40.0,180.0,68.856247,N-summer,0.5,calibration
sample_06908.jpg,SRC_170,-20.0,180.0,56.332579,N-autumn,0.25,validation
sample_06909.jpg,SRC_093,-25.0,180.0,43.343655,N-autumn,0.5,calibration
sample_06910.jpg,SRC_139,40.0,180.0,53.533251,N-winter,0.25,train
sample_06911.jpg,SRC_108,-40.0,180.0,68.856247,N-summer,0.5,calibration
sample_06912.jpg,SRC_171,-35.0,180.0,63.65778,N-spring,0.25,train
sample_06913.jpg,SRC_013,50.0,180.0,54.051464,N-spring,0.5,train
sample_06914.jpg,SRC_170,-20.0,180.0,56.332579,N-autumn,0.25,validation
sample_06915.jpg,SRC_089,10.0,180.0,48.442522,N-winter,0.25,calibration
sample_06916.jpg,SRC_092,5.0,180.0,57.429528,N-autumn,0.25,train
sample_06917.jpg,SRC_122,-5.0,180.0,57.310506,N-summer,0.25,train
sample_06918.jpg,SRC_006,-15.0,180.0,65.638079,N-spring,0.5,train
sample_06919.jpg,SRC_013,50.0,180.0,54.051464,N-spring,0.5,train
sample_06920.jpg,SRC_093,-25.0,180.0,43.343655,N-autumn,0.5,calibration
sample_06921.jpg,SRC_108,-40.0,180.0,68.856247,N-summer,0.5,calibration
sample_06922.jpg,SRC_003,0.0,180.0,38.090051,N-spring,0.25,validation
sample_06923.jpg,SRC_172,55.0,180.0,47.744159,N-summer,0.25,validation
sample_06924.jpg,SRC_014,-40.0,180.0,38.480327,N-winter,0.25,train
sample_06925.jpg,SRC_107,20.0,180.0,65.68027,N-autumn,0.5,train
sample_06926.jpg,SRC_101,5.0,180.0,48.479381,N-winter,0.25,validation
sample_06927.jpg,SRC_029,-5.0,180.0,45.485648,N-autumn,0.25,calibration
sample_06928.jpg,SRC_143,90.0,0.0,68.916652,N-spring,0.5,train
sample_06929.jpg,SRC_133,-10.0,180.0,48.887369,N-spring,0.5,train
sample_06930.jpg,SRC_028,10.0,180.0,42.894848,N-spring,0.25,calibration
sample_06931.jpg,SRC_036,5.0,180.0,52.749586,N-summer,0.25,train
sample_06932.jpg,SRC_052,5.0,180.0,51.705435,N-summer,0.25,train
sample_06933.jpg,SRC_099,15.0,180.0,42.024472,N-spring,0.5,train
sample_06934.jpg,SRC_171,-35.0,180.0,63.65778,N-spring,0.25,train
sample_06935.jpg,SRC_112,-30.0,180.0,67.516648,N-spring,0.5,train
sample_06936.jpg,SRC_127,-35.0,180.0,47.507974,N-autumn,0.5,validation
sample_06937.jpg,SRC_084,-10.0,180.0,58.957849,N-summer,0.25,train
sample_06938.jpg,SRC_032,-5.0,180.0,52.490186,N-spring,0.25,validation
sample_06939.jpg,SRC_015,20.0,180.0,46.484204,N-summer,0.25,train
sample_06940.jpg,SRC_049,5.0,180.0,42.94902,N-spring,0.25,train
sample_06941.jpg,SRC_056,-40.0,180.0,74.660587,N-summer,0.5,train
sample_06942.jpg,SRC_148,-15.0,180.0,49.227137,N-autumn,0.25,train
sample_06943.jpg,SRC_148,-15.0,180.0,49.227137,N-autumn,0.25,train
sample_06944.jpg,SRC_022,20.0,180.0,41.513642,N-spring,0.25,train
sample_06945.jpg,SRC_157,40.0,180.0,44.22455,N-summer,0.25,calibration
sample_06946.jpg,SRC_026,90.0,0.0,57.238404,N-spring,0.25,calibration
sample_06947.jpg,SRC_037,15.0,180.0,44.468297,N-spring,0.25,train
sample_06948.jpg,SRC_170,-20.0,180.0,56.332579,N-autumn,0.25,validation
sample_06949.jpg,SRC_006,-15.0,180.0,65.638079,N-spring,0.5,train
sample_06950.jpg,SRC_073,45.0,180.0,41.537171,N-spring,0.25,train
sample_06951.jpg,SRC_115,25.0,180.0,41.8845,N-spring,0.25,train
sample_06952.jpg,SRC_124,0.0,180.0,51.928413,N-summer,0.25,train
sample_06953.jpg,SRC_051,20.0,180.0,63.609319,N-autumn,0.5,train
sample_06954.jpg,SRC_104,25.0,180.0,45.102036,N-summer,0.5,validation
sample_06955.jpg,SRC_073,45.0,180.0,41.537171,N-spring,0.25,train
sample_06956.jpg,SRC_076,25.0,180.0,63.632584,N-autumn,0.25,train
sample_06957.jpg,SRC_027,35.0,180.0,41.369436,N-spring,0.5,train
sample_06958.jpg,SRC_140,35.0,180.0,44.85556,N-spring,0.25,train
sample_06959.jpg,SRC_074,0.0,180.0,50.25459,N-spring,0.5,train
sample_06960.jpg,SRC_006,-15.0,180.0,65.638079,N-spring,0.5,train
sample_06961.jpg,SRC_084,-10.0,180.0,58.957849,N-summer,0.25,train
sample_06962.jpg,SRC_058,30.0,180.0,69.060883,N-autumn,0.5,train
sample_06963.jpg,SRC_166,90.0,0.0,60.094207,N-spring,0.5,validation
sample_06964.jpg,SRC_162,-90.0,0.0,77.7898,N-winter,0.25,train
sample_06965.jpg,SRC_091,-40.0,180.0,72.511342,N-summer,0.5,train
sample_06966.jpg,SRC_013,50.0,180.0,54.051464,N-spring,0.5,train
sample_06967.jpg,SRC_042,10.0,180.0,36.92431,N-spring,0.5,calibration
sample_06968.jpg,SRC_082,-10.0,180.0,60.444036,N-spring,0.25,calibration
sample_06969.jpg,SRC_026,90.0,0.0,57.238404,N-spring,0.25,calibration
sample_06970.jpg,SRC_047,0.0,180.0,48.028677,N-spring,0.5,validation
sample_06971.jpg,SRC_144,-35.0,180.0,76.731052,N-spring,0.5,train
sample_06972.jpg,SRC_009,-25.0,180.0,73.827745,N-spring,0.5,train
sample_06973.jpg,SRC_133,-10.0,180.0,48.887369,N-spring,0.5,train
sample_06974.jpg,SRC_081,-90.0,0.0,74.772433,N-autumn,0.25,calibration
sample_06975.jpg,SRC_156,10.0,180.0,48.737382,N-summer,0.25,validation
sample_06976.jpg,SRC_142,-30.0,180.0,34.276784,N-winter,0.25,train
sample_06977.jpg,SRC_144,-35.0,180.0,76.731052,N-spring,0.5,train
sample_06978.jpg,SRC_129,20.0,180.0,41.057252,N-spring,0.25,validation
sample_06979.jpg,SRC_051,20.0,180.0,63.609319,N-autumn,0.5,train
sample_06980.jpg,SRC_103,-35.0,180.0,57.090396,N-autumn,0.25,train
sample_06981.jpg,SRC_081,-90.0,0.0,74.772433,N-autumn,0.25,calibration
sample_06982.jpg,SRC_148,-15.0,180.0,49.227137,N-autumn,0.25,train
sample_06983.jpg,SRC_091,-40.0,180.0,72.511342,N-summer,0.5,train
sample_06984.jpg,SRC_114,-10.0,180.0,58.176498,N-autumn,0.5,train
sample_06985.jpg,SRC_076,25.0,180.0,63.632584,N-autumn,0.25,train
sample_06986.jpg,SRC_040,90.0,0.0,57.651744,N-spring,0.5,train
sample_06987.jpg,SRC_130,25.0,180.0,37.507656,N-spring,0.25,train
sample_06988.jpg,SRC_131,10.0,180.0,60.540464,N-autumn,0.5,train
sample_06989.jpg,SRC_062,45.0,180.0,81.508965,N-autumn,0.5,train
sample_06990.jpg,SRC_007,20.0,180.0,49.485932,N-winter,0.25,validation
sample_06991.jpg,SRC_111,-35.0,180.0,79.069883,N-spring,1.0,train
sample_06992.jpg,SRC_115,25.0,180.0,41.8845,N-spring,0.25,train
sample_06993.jpg,SRC_131,10.0,180.0,60.540464,N-autumn,0.5,train
sample_06994.jpg,SRC_142,-30.0,180.0,34.276784,N-winter,0.25,train
sample_06995.jpg,SRC_014,-40.0,180.0,38.480327,N-winter,0.25,train
sample_06996.jpg,SRC_081,-90.0,0.0,74.772433,N-autumn,0.25,calibration
sample_06997.jpg,SRC_116,5.0,180.0,41.203028,N-spring,0.25,calibration
sample_06998.jpg,SRC_070,60.0,180.0,58.788969,N-summer,0.5,train
sample_06999.jpg,SRC_134,-30.0,180.0,69.607895,N-spring,0.5,train
sample_07000.jpg,SRC_004,30.0,180.0,61.107468,N-autumn,0.5,train
sample_07001.jpg,SRC_015,20.0,180.0,46.484204,N-summer,0.25,train
sample_07002.jpg,SRC_091,-40.0,180.0,72.511342,N-summer,0.5,train
sample_07003.jpg,SRC_054,5.0,180.0,37.41608,N-winter,0.25,train
sample_07004.jpg,SRC_050,0.0,180.0,53.680047,N-summer,0.25,calibration
sample_07005.jpg,SRC_103,-35.0,180.0,57.090396,N-autumn,0.25,train
sample_07006.jpg,SRC_091,-40.0,180.0,72.511342,N-summer,0.5,train
sample_07007.jpg,SRC_050,0.0,180.0,53.680047,N-summer,0.25,calibration
sample_07008.jpg,SRC_014,-40.0,180.0,38.480327,N-winter,0.25,train
sample_07009.jpg,SRC_150,10.0,180.0,50.798821,N-summer,0.5,train
sample_07010.jpg,SRC_030,-25.0,180.0,67.936804,N-spring,0.5,train
sample_07011.jpg,SRC_067,-15.0,180.0,64.724247,N-spring,0.5,calibration
sample_07012.jpg,SRC_074,0.0,180.0,50.25459,N-spring,0.5,train
sample_07013.jpg,SRC_159,20.0,180.0,67.076816,N-autumn,0.25,train
sample_07014.jpg,SRC_145,-5.0,180.0,52.15166,N-spring,0.25,train
sample_07015.jpg,SRC_040,90.0,0.0,57.651744,N-spring,0.5,train
sample_07016.jpg,SRC_025,-35.0,180.0,74.862823,N-summer,0.5,train
sample_07017.jpg,SRC_099,15.0,180.0,42.024472,N-spring,0.5,train
sample_07018.jpg,SRC_158,-5.0,180.0,35.954137,N-winter,0.25,train
sample_07019.jpg,SRC_047,0.0,180.0,48.028677,N-spring,0.5,validation
sample_07020.jpg,SRC_042,10.0,180.0,36.92431,N-spring,0.5,calibration
sample_07021.jpg,SRC_092,5.0,180.0,57.429528,N-autumn,0.25,train
sample_07022.jpg,SRC_107,20.0,180.0,65.68027,N-autumn,0.5,train
sample_07023.jpg,SRC_059,15.0,180.0,48.046698,N-summer,0.25,train
sample_07024.jpg,SRC_112,-30.0,180.0,67.516648,N-spring,0.5,train
sample_07025.jpg,SRC_030,-25.0,180.0,67.936804,N-spring,0.5,train
sample_07026.jpg,SRC_115,25.0,180.0,41.8845,N-spring,0.25,train
sample_07027.jpg,SRC_041,15.0,180.0,46.712049,N-summer,0.25,validation
sample_07028.jpg,SRC_069,25.0,180.0,48.120522,N-summer,0.5,train
sample_07029.jpg,SRC_092,5.0,180.0,57.429528,N-autumn,0.25,train
sample_07030.jpg,SRC_087,0.0,180.0,54.65824,N-summer,0.25,calibration
sample_07031.jpg,SRC_148,-15.0,180.0,49.227137,N-autumn,0.25,train
sample_07032.jpg,SRC_082,-10.0,180.0,60.444036,N-spring,0.25,calibration
sample_07033.jpg,SRC_063,25.0,180.0,41.329237,N-spring,0.25,train
sample_07034.jpg,SRC_083,0.0,180.0,55.378885,N-spring,0.25,calibration
sample_07035.jpg,SRC_027,35.0,180.0,41.369436,N-spring,0.5,train
sample_07036.jpg,SRC_066,-10.0,180.0,61.81065,N-summer,0.5,calibration
sample_07037.jpg,SRC_142,-30.0,180.0,34.276784,N-winter,0.25,train
sample_07038.jpg,SRC_080,-25.0,180.0,69.726065,N-summer,0.25,train
sample_07039.jpg,SRC_108,-40.0,180.0,68.856247,N-summer,0.5,calibration
sample_07040.jpg,SRC_100,20.0,180.0,41.506528,N-spring,0.25,train
sample_07041.jpg,SRC_047,0.0,180.0,48.028677,N-spring,0.5,validation
sample_07042.jpg,SRC_005,0.0,180.0,55.846781,N-summer,0.5,validation
sample_07043.jpg,SRC_029,-5.0,180.0,45.485648,N-autumn,0.25,calibration
sample_07044.jpg,SRC_005,0.0,180.0,55.846781,N-summer,0.5,validation
sample_07045.jpg,SRC_097,0.0,180.0,35.318175,N-winter,0.25,train
sample_07046.jpg,SRC_009,-25.0,180.0,73.827745,N-spring,0.5,train
sample_07047.jpg,SRC_023,-10.0,180.0,50.837437,N-spring,0.25,train
sample_07048.jpg,SRC_028,10.0,180.0,42.894848,N-spring,0.25,calibration
sample_07049.jpg,SRC_121,25.0,180.0,67.446292,N-autumn,0.5,train
sample_07050.jpg,SRC_144,-35.0,180.0,76.731052,N-spring,0.5,train
sample_07051.jpg,SRC_069,25.0,180.0,48.120522,N-summer,0.5,train
sample_07052.jpg,SRC_070,60.0,180.0,58.788969,N-summer,0.5,train
sample_07053.jpg,SRC_144,-35.0,180.0,76.731052,N-spring,0.5,train
sample_07054.jpg,SRC_140,35.0,180.0,44.85556,N-spring,0.25,train
sample_07055.jpg,SRC_111,-35.0,180.0,79.069883,N-spring,1.0,train
sample_07056.jpg,SRC_108,-40.0,180.0,68.856247,N-summer,0.5,calibration
sample_07057.jpg,SRC_126,-20.0,180.0,68.779144,N-summer,0.5,train
sample_07058.jpg,SRC_146,10.0,180.0,58.0428,N-summer,0.5,train
sample_07059.jpg,SRC_099,15.0,180.0,42.024472,N-spring,0.5,train
sample_07060.jpg,SRC_115,25.0,180.0,41.8845,N-spring,0.25,train
sample_07061.jpg,SRC_135,5.0,180.0,41.328761,N-winter,0.5,train
sample_07062.jpg,SRC_091,-40.0,180.0,72.511342,N-summer,0.5,train
sample_07063.jpg,SRC_144,-35.0,180.0,76.731052,N-spring,0.5,train
sample_07064.jpg,SRC_032,-5.0,180.0,52.490186,N-spring,0.25,validation
sample_07065.jpg,SRC_112,-30.0,180.0,67.516648,N-spring,0.5,train
sample_07066.jpg,SRC_023,-10.0,180.0,50.837437,N-spring,0.25,train
sample_07067.jpg,SRC_158,-5.0,180.0,35.954137,N-winter,0.25,train
sample_07068.jpg,SRC_127,-35.0,180.0,47.507974,N-autumn,0.5,validation
sample_07069.jpg,SRC_108,-40.0,180.0,68.856247,N-summer,0.5,calibration
sample_07070.jpg,SRC_124,0.0,180.0,51.928413,N-summer,0.25,train
sample_07071.jpg,SRC_009,-25.0,180.0,73.827745,N-spring,0.5,train
sample_07072.jpg,SRC_112,-30.0,180.0,67.516648,N-spring,0.5,train
sample_07073.jpg,SRC_091,-40.0,180.0,72.511342,N-summer,0.5,train
sample_07074.jpg,SRC_127,-35.0,180.0,47.507974,N-autumn,0.5,validation
sample_07075.jpg,SRC_063,25.0,180.0,41.329237,N-spring,0.25,train
sample_07076.jpg,SRC_168,90.0,0.0,64.709631,N-summer,0.25,validation
sample_07077.jpg,SRC_035,0.0,180.0,56.990187,N-autumn,0.25,train
sample_07078.jpg,SRC_109,50.0,180.0,54.137665,N-summer,0.25,validation
sample_07079.jpg,SRC_089,10.0,180.0,48.442522,N-winter,0.25,calibration
sample_07080.jpg,SRC_030,-25.0,180.0,67.936804,N-spring,0.5,train
sample_07081.jpg,SRC_121,25.0,180.0,67.446292,N-autumn,0.5,train
sample_07082.jpg,SRC_126,-20.0,180.0,68.779144,N-summer,0.5,train
sample_07083.jpg,SRC_030,-25.0,180.0,67.936804,N-spring,0.5,train
sample_07084.jpg,SRC_168,90.0,0.0,64.709631,N-summer,0.25,validation
sample_07085.jpg,SRC_091,-40.0,180.0,72.511342,N-summer,0.5,train
sample_07086.jpg,SRC_046,0.0,180.0,58.061031,N-autumn,0.25,calibration
sample_07087.jpg,SRC_143,90.0,0.0,68.916652,N-spring,0.5,train
sample_07088.jpg,SRC_099,15.0,180.0,42.024472,N-spring,0.5,train
sample_07089.jpg,SRC_168,90.0,0.0,64.709631,N-summer,0.25,validation
sample_07090.jpg,SRC_165,10.0,180.0,42.451267,N-winter,0.25,train
sample_07091.jpg,SRC_153,-40.0,180.0,43.960452,N-autumn,0.25,train
sample_07092.jpg,SRC_047,0.0,180.0,48.028677,N-spring,0.5,validation
sample_07093.jpg,SRC_122,-5.0,180.0,57.310506,N-summer,0.25,train
sample_07094.jpg,SRC_126,-20.0,180.0,68.779144,N-summer,0.5,train
sample_07095.jpg,SRC_076,25.0,180.0,63.632584,N-autumn,0.25,train
sample_07096.jpg,SRC_009,-25.0,180.0,73.827745,N-spring,0.5,train
sample_07097.jpg,SRC_139,40.0,180.0,53.533251,N-winter,0.25,train
sample_07098.jpg,SRC_146,10.0,180.0,58.0428,N-summer,0.5,train
sample_07099.jpg,SRC_108,-40.0,180.0,68.856247,N-summer,0.5,calibration
sample_07100.jpg,SRC_146,10.0,180.0,58.0428,N-summer,0.5,train
sample_07101.jpg,SRC_091,-40.0,180.0,72.511342,N-summer,0.5,train
sample_07102.jpg,SRC_027,35.0,180.0,41.369436,N-spring,0.5,train
sample_07103.jpg,SRC_148,-15.0,180.0,49.227137,N-autumn,0.25,train
sample_07104.jpg,SRC_171,-35.0,180.0,63.65778,N-spring,0.25,train
sample_07105.jpg,SRC_022,20.0,180.0,41.513642,N-spring,0.25,train
sample_07106.jpg,SRC_037,15.0,180.0,44.468297,N-spring,0.25,train
sample_07107.jpg,SRC_009,-25.0,180.0,73.827745,N-spring,0.5,train
sample_07108.jpg,SRC_053,-90.0,0.0,74.406575,N-winter,0.5,train
sample_07109.jpg,SRC_009,-25.0,180.0,73.827745,N-spring,0.5,train
sample_07110.jpg,SRC_096,25.0,180.0,40.422288,N-spring,0.25,train
sample_07111.jpg,SRC_030,-25.0,180.0,67.936804,N-spring,0.5,train
sample_07112.jpg,SRC_158,-5.0,180.0,35.954137,N-winter,0.25,train
sample_07113.jpg,SRC_153,-40.0,180.0,43.960452,N-autumn,0.25,train
sample_07114.jpg,SRC_085,0.0,180.0,39.187341,N-spring,0.25,train
sample_07115.jpg,SRC_061,50.0,180.0,43.110277,N-spring,0.5,train
sample_07116.jpg,SRC_040,90.0,0.0,57.651744,N-spring,0.5,train
sample_07117.jpg,SRC_145,-5.0,180.0,52.15166,N-spring,0.25,train
sample_07118.jpg,SRC_082,-10.0,180.0,60.444036,N-spring,0.25,calibration
sample_07119.jpg,SRC_013,50.0,180.0,54.051464,N-spring,0.5,train
sample_07120.jpg,SRC_004,30.0,180.0,61.107468,N-autumn,0.5,train
sample_07121.jpg,SRC_144,-35.0,180.0,76.731052,N-spring,0.5,train
sample_07122.jpg,SRC_013,50.0,180.0,54.051464,N-spring,0.5,train
sample_07123.jpg,SRC_009,-25.0,180.0,73.827745,N-spring,0.5,train
sample_07124.jpg,SRC_048,-25.0,180.0,61.920556,N-autumn,0.25,calibration
sample_07125.jpg,SRC_011,-20.0,180.0,70.371153,N-summer,0.25,train
sample_07126.jpg,SRC_103,-35.0,180.0,57.090396,N-autumn,0.25,train
sample_07127.jpg,SRC_042,10.0,180.0,36.92431,N-spring,0.5,calibration
sample_07128.jpg,SRC_076,25.0,180.0,63.632584,N-autumn,0.25,train
sample_07129.jpg,SRC_040,90.0,0.0,57.651744,N-spring,0.5,train
sample_07130.jpg,SRC_042,10.0,180.0,36.92431,N-spring,0.5,calibration
sample_07131.jpg,SRC_004,30.0,180.0,61.107468,N-autumn,0.5,train
sample_07132.jpg,SRC_140,35.0,180.0,44.85556,N-spring,0.25,train
sample_07133.jpg,SRC_051,20.0,180.0,63.609319,N-autumn,0.5,train
sample_07134.jpg,SRC_011,-20.0,180.0,70.371153,N-summer,0.25,train
sample_07135.jpg,SRC_146,10.0,180.0,58.0428,N-summer,0.5,train
sample_07136.jpg,SRC_099,15.0,180.0,42.024472,N-spring,0.5,train
sample_07137.jpg,SRC_075,-90.0,0.0,65.329336,N-winter,0.25,train
sample_07138.jpg,SRC_115,25.0,180.0,41.8845,N-spring,0.25,train
sample_07139.jpg,SRC_103,-35.0,180.0,57.090396,N-autumn,0.25,train
sample_07140.jpg,SRC_013,50.0,180.0,54.051464,N-spring,0.5,train
sample_07141.jpg,SRC_108,-40.0,180.0,68.856247,N-summer,0.5,calibration
sample_07142.jpg,SRC_121,25.0,180.0,67.446292,N-autumn,0.5,train
sample_07143.jpg,SRC_115,25.0,180.0,41.8845,N-spring,0.25,train
sample_07144.jpg,SRC_009,-25.0,180.0,73.827745,N-spring,0.5,train
sample_07145.jpg,SRC_102,-10.0,180.0,52.255853,N-spring,0.25,train
sample_07146.jpg,SRC_093,-25.0,180.0,43.343655,N-autumn,0.5,calibration
sample_07147.jpg,SRC_130,25.0,180.0,37.507656,N-spring,0.25,train
sample_07148.jpg,SRC_074,0.0,180.0,50.25459,N-spring,0.5,train
sample_07149.jpg,SRC_163,0.0,180.0,39.987447,N-winter,0.25,train
sample_07150.jpg,SRC_028,10.0,180.0,42.894848,N-spring,0.25,calibration
sample_07151.jpg,SRC_104,25.0,180.0,45.102036,N-summer,0.5,validation
sample_07152.jpg,SRC_100,20.0,180.0,41.506528,N-spring,0.25,train
sample_07153.jpg,SRC_067,-15.0,180.0,64.724247,N-spring,0.5,calibration
sample_07154.jpg,SRC_106,25.0,180.0,40.638999,N-spring,0.5,validation
sample_07155.jpg,SRC_103,-35.0,180.0,57.090396,N-autumn,0.25,train
sample_07156.jpg,SRC_108,-40.0,180.0,68.856247,N-summer,0.5,calibration
sample_07157.jpg,SRC_150,10.0,180.0,50.798821,N-summer,0.5,train
sample_07158.jpg,SRC_042,10.0,180.0,36.92431,N-spring,0.5,calibration
sample_07159.jpg,SRC_006,-15.0,180.0,65.638079,N-spring,0.5,train
sample_07160.jpg,SRC_171,-35.0,180.0,63.65778,N-spring,0.25,train
sample_07161.jpg,SRC_139,40.0,180.0,53.533251,N-winter,0.25,train
sample_07162.jpg,SRC_047,0.0,180.0,48.028677,N-spring,0.5,validation
sample_07163.jpg,SRC_062,45.0,180.0,81.508965,N-autumn,0.5,train
sample_07164.jpg,SRC_125,-5.0,180.0,52.428603,N-spring,0.25,train
sample_07165.jpg,SRC_051,20.0,180.0,63.609319,N-autumn,0.5,train
sample_07166.jpg,SRC_093,-25.0,180.0,43.343655,N-autumn,0.5,calibration
sample_07167.jpg,SRC_049,5.0,180.0,42.94902,N-spring,0.25,train
sample_07168.jpg,SRC_106,25.0,180.0,40.638999,N-spring,0.5,validation
sample_07169.jpg,SRC_050,0.0,180.0,53.680047,N-summer,0.25,calibration
sample_07170.jpg,SRC_039,90.0,0.0,70.63275,N-summer,0.5,calibration
sample_07171.jpg,SRC_020,35.0,180.0,42.075965,N-summer,0.25,calibration
sample_07172.jpg,SRC_104,25.0,180.0,45.102036,N-summer,0.5,validation
sample_07173.jpg,SRC_082,-10.0,180.0,60.444036,N-spring,0.25,calibration
sample_07174.jpg,SRC_113,-35.0,180.0,36.668707,N-winter,0.25,train
sample_07175.jpg,SRC_170,-20.0,180.0,56.332579,N-autumn,0.25,validation
sample_07176.jpg,SRC_146,10.0,180.0,58.0428,N-summer,0.5,train
sample_07177.jpg,SRC_115,25.0,180.0,41.8845,N-spring,0.25,train
sample_07178.jpg,SRC_087,0.0,180.0,54.65824,N-summer,0.25,calibration
sample_07179.jpg,SRC_050,0.0,180.0,53.680047,N-summer,0.25,calibration
sample_07180.jpg,SRC_022,20.0,180.0,41.513642,N-spring,0.25,train
sample_07181.jpg,SRC_092,5.0,180.0,57.429528,N-autumn,0.25,train
sample_07182.jpg,SRC_004,30.0,180.0,61.107468,N-autumn,0.5,train
sample_07183.jpg,SRC_068,0.0,180.0,56.216196,N-summer,0.25,train
sample_07184.jpg,SRC_041,15.0,180.0,46.712049,N-summer,0.25,validation
sample_07185.jpg,SRC_013,50.0,180.0,54.051464,N-spring,0.5,train
sample_07186.jpg,SRC_017,-90.0,0.0,64.6979,N-winter,0.25,train
sample_07187.jpg,SRC_061,50.0,180.0,43.110277,N-spring,0.5,train
sample_07188.jpg,SRC_050,0.0,180.0,53.680047,N-summer,0.25,calibration
sample_07189.jpg,SRC_011,-20.0,180.0,70.371153,N-summer,0.25,train
sample_07190.jpg,SRC_153,-40.0,180.0,43.960452,N-autumn,0.25,train
sample_07191.jpg,SRC_040,90.0,0.0,57.651744,N-spring,0.5,train
sample_07192.jpg,SRC_003,0.0,180.0,38.090051,N-spring,0.25,validation
sample_07193.jpg,SRC_100,20.0,180.0,41.506528,N-spring,0.25,train
sample_07194.jpg,SRC_007,20.0,180.0,49.485932,N-winter,0.25,validation
sample_07195.jpg,SRC_021,-90.0,0.0,68.040851,N-autumn,0.5,train
sample_07196.jpg,SRC_146,10.0,180.0,58.0428,N-summer,0.5,train
sample_07197.jpg,SRC_084,-10.0,180.0,58.957849,N-summer,0.25,train
sample_07198.jpg,SRC_134,-30.0,180.0,69.607895,N-spring,0.5,train
sample_07199.jpg,SRC_109,50.0,180.0,54.137665,N-summer,0.25,validation
sample_07200.jpg,SRC_091,-40.0,180.0,72.511342,N-summer,0.5,train
sample_07201.jpg,SRC_066,-10.0,180.0,61.81065,N-summer,0.5,calibration
sample_07202.jpg,SRC_100,20.0,180.0,41.506528,N-spring,0.25,train
sample_07203.jpg,SRC_036,5.0,180.0,52.749586,N-summer,0.25,train
sample_07204.jpg,SRC_115,25.0,180.0,41.8845,N-spring,0.25,train
sample_07205.jpg,SRC_131,10.0,180.0,60.540464,N-autumn,0.5,train
sample_07206.jpg,SRC_051,20.0,180.0,63.609319,N-autumn,0.5,train
sample_07207.jpg,SRC_052,5.0,180.0,51.705435,N-summer,0.25,train
sample_07208.jpg,SRC_027,35.0,180.0,41.369436,N-spring,0.5,train
sample_07209.jpg,SRC_046,0.0,180.0,58.061031,N-autumn,0.25,calibration
sample_07210.jpg,SRC_111,-35.0,180.0,79.069883,N-spring,1.0,train
sample_07211.jpg,SRC_111,-35.0,180.0,79.069883,N-spring,1.0,train
sample_07212.jpg,SRC_115,25.0,180.0,41.8845,N-spring,0.25,train
sample_07213.jpg,SRC_165,10.0,180.0,42.451267,N-winter,0.25,train
sample_07214.jpg,SRC_076,25.0,180.0,63.632584,N-autumn,0.25,train
sample_07215.jpg,SRC_063,25.0,180.0,41.329237,N-spring,0.25,train
sample_07216.jpg,SRC_168,90.0,0.0,64.709631,N-summer,0.25,validation
sample_07217.jpg,SRC_096,25.0,180.0,40.422288,N-spring,0.25,train
sample_07218.jpg,SRC_088,0.0,180.0,53.004483,N-summer,0.25,train
sample_07219.jpg,SRC_040,90.0,0.0,57.651744,N-spring,0.5,train
sample_07220.jpg,SRC_115,25.0,180.0,41.8845,N-spring,0.25,train
sample_07221.jpg,SRC_103,-35.0,180.0,57.090396,N-autumn,0.25,train
sample_07222.jpg,SRC_093,-25.0,180.0,43.343655,N-autumn,0.5,calibration
sample_07223.jpg,SRC_111,-35.0,180.0,79.069883,N-spring,1.0,train
sample_07224.jpg,SRC_103,-35.0,180.0,57.090396,N-autumn,0.25,train
sample_07225.jpg,SRC_040,90.0,0.0,57.651744,N-spring,0.5,train
sample_07226.jpg,SRC_027,35.0,180.0,41.369436,N-spring,0.5,train
sample_07227.jpg,SRC_006,-15.0,180.0,65.638079,N-spring,0.5,train
sample_07228.jpg,SRC_093,-25.0,180.0,43.343655,N-autumn,0.5,calibration
sample_07229.jpg,SRC_006,-15.0,180.0,65.638079,N-spring,0.5,train
sample_07230.jpg,SRC_095,-20.0,180.0,56.495654,N-spring,0.5,validation
sample_07231.jpg,SRC_106,25.0,180.0,40.638999,N-spring,0.5,validation
sample_07232.jpg,SRC_108,-40.0,180.0,68.856247,N-summer,0.5,calibration
sample_07233.jpg,SRC_091,-40.0,180.0,72.511342,N-summer,0.5,train
sample_07234.jpg,SRC_106,25.0,180.0,40.638999,N-spring,0.5,validation
sample_07235.jpg,SRC_114,-10.0,180.0,58.176498,N-autumn,0.5,train
sample_07236.jpg,SRC_069,25.0,180.0,48.120522,N-summer,0.5,train
sample_07237.jpg,SRC_071,20.0,180.0,40.070501,N-spring,0.25,train
sample_07238.jpg,SRC_108,-40.0,180.0,68.856247,N-summer,0.5,calibration
sample_07239.jpg,SRC_158,-5.0,180.0,35.954137,N-winter,0.25,train
sample_07240.jpg,SRC_097,0.0,180.0,35.318175,N-winter,0.25,train
sample_07241.jpg,SRC_115,25.0,180.0,41.8845,N-spring,0.25,train
sample_07242.jpg,SRC_082,-10.0,180.0,60.444036,N-spring,0.25,calibration
sample_07243.jpg,SRC_124,0.0,180.0,51.928413,N-summer,0.25,train
sample_07244.jpg,SRC_018,-90.0,0.0,67.882485,N-winter,0.25,train
sample_07245.jpg,SRC_009,-25.0,180.0,73.827745,N-spring,0.5,train
sample_07246.jpg,SRC_065,30.0,180.0,68.700871,N-winter,0.5,train
sample_07247.jpg,SRC_041,15.0,180.0,46.712049,N-summer,0.25,validation
sample_07248.jpg,SRC_170,-20.0,180.0,56.332579,N-autumn,0.25,validation
sample_07249.jpg,SRC_037,15.0,180.0,44.468297,N-spring,0.25,train
sample_07250.jpg,SRC_102,-10.0,180.0,52.255853,N-spring,0.25,train
sample_07251.jpg,SRC_112,-30.0,180.0,67.516648,N-spring,0.5,train
sample_07252.jpg,SRC_150,10.0,180.0,50.798821,N-summer,0.5,train
sample_07253.jpg,SRC_011,-20.0,180.0,70.371153,N-summer,0.25,train
sample_07254.jpg,SRC_070,60.0,180.0,58.788969,N-summer,0.5,train
sample_07255.jpg,SRC_115,25.0,180.0,41.8845,N-spring,0.25,train
sample_07256.jpg,SRC_058,30.0,180.0,69.060883,N-autumn,0.5,train
sample_07257.jpg,SRC_075,-90.0,0.0,65.329336,N-winter,0.25,train
sample_07258.jpg,SRC_103,-35.0,180.0,57.090396,N-autumn,0.25,train
sample_07259.jpg,SRC_126,-20.0,180.0,68.779144,N-summer,0.5,train
sample_07260.jpg,SRC_121,25.0,180.0,67.446292,N-autumn,0.5,train
sample_07261.jpg,SRC_011,-20.0,180.0,70.371153,N-summer,0.25,train
sample_07262.jpg,SRC_030,-25.0,180.0,67.936804,N-spring,0.5,train
sample_07263.jpg,SRC_139,40.0,180.0,53.533251,N-winter,0.25,train
sample_07264.jpg,SRC_140,35.0,180.0,44.85556,N-spring,0.25,train
sample_07265.jpg,SRC_109,50.0,180.0,54.137665,N-summer,0.25,validation
sample_07266.jpg,SRC_076,25.0,180.0,63.632584,N-autumn,0.25,train
sample_07267.jpg,SRC_013,50.0,180.0,54.051464,N-spring,0.5,train
sample_07268.jpg,SRC_112,-30.0,180.0,67.516648,N-spring,0.5,train
sample_07269.jpg,SRC_011,-20.0,180.0,70.371153,N-summer,0.25,train
sample_07270.jpg,SRC_150,10.0,180.0,50.798821,N-summer,0.5,train
sample_07271.jpg,SRC_037,15.0,180.0,44.468297,N-spring,0.25,train
sample_07272.jpg,SRC_091,-40.0,180.0,72.511342,N-summer,0.5,train
sample_07273.jpg,SRC_139,40.0,180.0,53.533251,N-winter,0.25,train
sample_07274.jpg,SRC_041,15.0,180.0,46.712049,N-summer,0.25,validation
sample_07275.jpg,SRC_042,10.0,180.0,36.92431,N-spring,0.5,calibration
sample_07276.jpg,SRC_076,25.0,180.0,63.632584,N-autumn,0.25,train
sample_07277.jpg,SRC_013,50.0,180.0,54.051464,N-spring,0.5,train
sample_07278.jpg,SRC_074,0.0,180.0,50.25459,N-spring,0.5,train
sample_07279.jpg,SRC_106,25.0,180.0,40.638999,N-spring,0.5,validation
sample_07280.jpg,SRC_052,5.0,180.0,51.705435,N-summer,0.25,train
sample_07281.jpg,SRC_103,-35.0,180.0,57.090396,N-autumn,0.25,train
sample_07282.jpg,SRC_041,15.0,180.0,46.712049,N-summer,0.25,validation
sample_07283.jpg,SRC_108,-40.0,180.0,68.856247,N-summer,0.5,calibration
sample_07284.jpg,SRC_061,50.0,180.0,43.110277,N-spring,0.5,train
sample_07285.jpg,SRC_021,-90.0,0.0,68.040851,N-autumn,0.5,train
sample_07286.jpg,SRC_015,20.0,180.0,46.484204,N-summer,0.25,train
sample_07287.jpg,SRC_140,35.0,180.0,44.85556,N-spring,0.25,train
sample_07288.jpg,SRC_101,5.0,180.0,48.479381,N-winter,0.25,validation
sample_07289.jpg,SRC_056,-40.0,180.0,74.660587,N-summer,0.5,train
sample_07290.jpg,SRC_157,40.0,180.0,44.22455,N-summer,0.25,calibration
sample_07291.jpg,SRC_026,90.0,0.0,57.238404,N-spring,0.25,calibration
sample_07292.jpg,SRC_091,-40.0,180.0,72.511342,N-summer,0.5,train
sample_07293.jpg,SRC_012,-90.0,0.0,85.677016,N-autumn,0.5,train
sample_07294.jpg,SRC_035,0.0,180.0,56.990187,N-autumn,0.25,train
sample_07295.jpg,SRC_006,-15.0,180.0,65.638079,N-spring,0.5,train
sample_07296.jpg,SRC_093,-25.0,180.0,43.343655,N-autumn,0.5,calibration
sample_07297.jpg,SRC_097,0.0,180.0,35.318175,N-winter,0.25,train
sample_07298.jpg,SRC_103,-35.0,180.0,57.090396,N-autumn,0.25,train
sample_07299.jpg,SRC_094,20.0,180.0,66.934532,N-autumn,0.25,train
sample_07300.jpg,SRC_051,20.0,180.0,63.609319,N-autumn,0.5,train
sample_07301.jpg,SRC_051,20.0,180.0,63.609319,N-autumn,0.5,train
sample_07302.jpg,SRC_005,0.0,180.0,55.846781,N-summer,0.5,validation
sample_07303.jpg,SRC_150,10.0,180.0,50.798821,N-summer,0.5,train
sample_07304.jpg,SRC_108,-40.0,180.0,68.856247,N-summer,0.5,calibration
sample_07305.jpg,SRC_115,25.0,180.0,41.8845,N-spring,0.25,train
sample_07306.jpg,SRC_099,15.0,180.0,42.024472,N-spring,0.5,train
sample_07307.jpg,SRC_023,-10.0,180.0,50.837437,N-spring,0.25,train
sample_07308.jpg,SRC_126,-20.0,180.0,68.779144,N-summer,0.5,train
sample_07309.jpg,SRC_133,-10.0,180.0,48.887369,N-spring,0.5,train
sample_07310.jpg,SRC_093,-25.0,180.0,43.343655,N-autumn,0.5,calibration
sample_07311.jpg,SRC_043,10.0,180.0,50.433279,N-summer,0.5,train
sample_07312.jpg,SRC_091,-40.0,180.0,72.511342,N-summer,0.5,train
sample_07313.jpg,SRC_164,20.0,180.0,59.226879,N-autumn,0.25,train
sample_07314.jpg,SRC_011,-20.0,180.0,70.371153,N-summer,0.25,train
sample_07315.jpg,SRC_121,25.0,180.0,67.446292,N-autumn,0.5,train
sample_07316.jpg,SRC_037,15.0,180.0,44.468297,N-spring,0.25,train
sample_07317.jpg,SRC_074,0.0,180.0,50.25459,N-spring,0.5,train
sample_07318.jpg,SRC_101,5.0,180.0,48.479381,N-winter,0.25,validation
sample_07319.jpg,SRC_114,-10.0,180.0,58.176498,N-autumn,0.5,train
sample_07320.jpg,SRC_086,15.0,180.0,43.648742,N-summer,0.5,validation
sample_07321.jpg,SRC_091,-40.0,180.0,72.511342,N-summer,0.5,train
sample_07322.jpg,SRC_109,50.0,180.0,54.137665,N-summer,0.25,validation
sample_07323.jpg,SRC_097,0.0,180.0,35.318175,N-winter,0.25,train
sample_07324.jpg,SRC_083,0.0,180.0,55.378885,N-spring,0.25,calibration
sample_07325.jpg,SRC_026,90.0,0.0,57.238404,N-spring,0.25,calibration
sample_07326.jpg,SRC_114,-10.0,180.0,58.176498,N-autumn,0.5,train
sample_07327.jpg,SRC_103,-35.0,180.0,57.090396,N-autumn,0.25,train
sample_07328.jpg,SRC_168,90.0,0.0,64.709631,N-summer,0.25,validation
sample_07329.jpg,SRC_009,-25.0,180.0,73.827745,N-spring,0.5,train
sample_07330.jpg,SRC_151,-15.0,180.0,63.408071,N-summer,0.5,validation
sample_07331.jpg,SRC_067,-15.0,180.0,64.724247,N-spring,0.5,calibration
sample_07332.jpg,SRC_097,0.0,180.0,35.318175,N-winter,0.25,train
sample_07333.jpg,SRC_106,25.0,180.0,40.638999,N-spring,0.5,validation
sample_07334.jpg,SRC_092,5.0,180.0,57.429528,N-autumn,0.25,train
sample_07335.jpg,SRC_041,15.0,180.0,46.712049,N-summer,0.25,validation
sample_07336.jpg,SRC_020,35.0,180.0,42.075965,N-summer,0.25,calibration
sample_07337.jpg,SRC_116,5.0,180.0,41.203028,N-spring,0.25,calibration
sample_07338.jpg,SRC_049,5.0,180.0,42.94902,N-spring,0.25,train
sample_07339.jpg,SRC_014,-40.0,180.0,38.480327,N-winter,0.25,train
sample_07340.jpg,SRC_125,-5.0,180.0,52.428603,N-spring,0.25,train
sample_07341.jpg,SRC_006,-15.0,180.0,65.638079,N-spring,0.5,train
sample_07342.jpg,SRC_123,0.0,180.0,54.598149,N-autumn,0.5,train
sample_07343.jpg,SRC_109,50.0,180.0,54.137665,N-summer,0.25,validation
sample_07344.jpg,SRC_061,50.0,180.0,43.110277,N-spring,0.5,train
sample_07345.jpg,SRC_042,10.0,180.0,36.92431,N-spring,0.5,calibration
sample_07346.jpg,SRC_021,-90.0,0.0,68.040851,N-autumn,0.5,train
sample_07347.jpg,SRC_009,-25.0,180.0,73.827745,N-spring,0.5,train
sample_07348.jpg,SRC_145,-5.0,180.0,52.15166,N-spring,0.25,train
sample_07349.jpg,SRC_042,10.0,180.0,36.92431,N-spring,0.5,calibration
sample_07350.jpg,SRC_103,-35.0,180.0,57.090396,N-autumn,0.25,train
sample_07351.jpg,SRC_088,0.0,180.0,53.004483,N-summer,0.25,train
sample_07352.jpg,SRC_067,-15.0,180.0,64.724247,N-spring,0.5,calibration
sample_07353.jpg,SRC_108,-40.0,180.0,68.856247,N-summer,0.5,calibration
sample_07354.jpg,SRC_069,25.0,180.0,48.120522,N-summer,0.5,train
sample_07355.jpg,SRC_119,90.0,0.0,58.642683,N-spring,0.25,calibration
sample_07356.jpg,SRC_038,-15.0,180.0,32.097448,N-winter,0.25,train
sample_07357.jpg,SRC_009,-25.0,180.0,73.827745,N-spring,0.5,train
sample_07358.jpg,SRC_108,-40.0,180.0,68.856247,N-summer,0.5,calibration
sample_07359.jpg,SRC_067,-15.0,180.0,64.724247,N-spring,0.5,calibration
sample_07360.jpg,SRC_158,-5.0,180.0,35.954137,N-winter,0.25,train
sample_07361.jpg,SRC_064,90.0,0.0,60.573524,N-spring,0.25,train
sample_07362.jpg,SRC_133,-10.0,180.0,48.887369,N-spring,0.5,train
sample_07363.jpg,SRC_108,-40.0,180.0,68.856247,N-summer,0.5,calibration
sample_07364.jpg,SRC_096,25.0,180.0,40.422288,N-spring,0.25,train
sample_07365.jpg,SRC_041,15.0,180.0,46.712049,N-summer,0.25,validation
sample_07366.jpg,SRC_171,-35.0,180.0,63.65778,N-spring,0.25,train
sample_07367.jpg,SRC_144,-35.0,180.0,76.731052,N-spring,0.5,train
sample_07368.jpg,SRC_091,-40.0,180.0,72.511342,N-summer,0.5,train
sample_07369.jpg,SRC_090,50.0,180.0,47.196626,N-summer,0.25,train
sample_07370.jpg,SRC_091,-40.0,180.0,72.511342,N-summer,0.5,train
sample_07371.jpg,SRC_059,15.0,180.0,48.046698,N-summer,0.25,train
sample_07372.jpg,SRC_011,-20.0,180.0,70.371153,N-summer,0.25,train
sample_07373.jpg,SRC_169,40.0,180.0,48.615664,N-summer,0.25,train
sample_07374.jpg,SRC_129,20.0,180.0,41.057252,N-spring,0.25,validation
sample_07375.jpg,SRC_028,10.0,180.0,42.894848,N-spring,0.25,calibration
sample_07376.jpg,SRC_022,20.0,180.0,41.513642,N-spring,0.25,train
sample_07377.jpg,SRC_124,0.0,180.0,51.928413,N-summer,0.25,train
sample_07378.jpg,SRC_030,-25.0,180.0,67.936804,N-spring,0.5,train
sample_07379.jpg,SRC_158,-5.0,180.0,35.954137,N-winter,0.25,train
sample_07380.jpg,SRC_041,15.0,180.0,46.712049,N-summer,0.25,validation
sample_07381.jpg,SRC_045,-90.0,0.0,70.559818,N-autumn,0.25,train
sample_07382.jpg,SRC_030,-25.0,180.0,67.936804,N-spring,0.5,train
sample_07383.jpg,SRC_082,-10.0,180.0,60.444036,N-spring,0.25,calibration
sample_07384.jpg,SRC_094,20.0,180.0,66.934532,N-autumn,0.25,train
sample_07385.jpg,SRC_004,30.0,180.0,61.107468,N-autumn,0.5,train
sample_07386.jpg,SRC_159,20.0,180.0,67.076816,N-autumn,0.25,train
sample_07387.jpg,SRC_014,-40.0,180.0,38.480327,N-winter,0.25,train
sample_07388.jpg,SRC_040,90.0,0.0,57.651744,N-spring,0.5,train
sample_07389.jpg,SRC_040,90.0,0.0,57.651744,N-spring,0.5,train
sample_07390.jpg,SRC_171,-35.0,180.0,63.65778,N-spring,0.25,train
sample_07391.jpg,SRC_038,-15.0,180.0,32.097448,N-winter,0.25,train
sample_07392.jpg,SRC_095,-20.0,180.0,56.495654,N-spring,0.5,validation
sample_07393.jpg,SRC_096,25.0,180.0,40.422288,N-spring,0.25,train
sample_07394.jpg,SRC_158,-5.0,180.0,35.954137,N-winter,0.25,train
sample_07395.jpg,SRC_131,10.0,180.0,60.540464,N-autumn,0.5,train
sample_07396.jpg,SRC_126,-20.0,180.0,68.779144,N-summer,0.5,train
sample_07397.jpg,SRC_157,40.0,180.0,44.22455,N-summer,0.25,calibration
sample_07398.jpg,SRC_084,-10.0,180.0,58.957849,N-summer,0.25,train
sample_07399.jpg,SRC_041,15.0,180.0,46.712049,N-summer,0.25,validation
sample_07400.jpg,SRC_157,40.0,180.0,44.22455,N-summer,0.25,calibration
sample_07401.jpg,SRC_098,-45.0,180.0,70.730178,N-summer,0.25,train
sample_07402.jpg,SRC_142,-30.0,180.0,34.276784,N-winter,0.25,train
sample_07403.jpg,SRC_111,-35.0,180.0,79.069883,N-spring,1.0,train
sample_07404.jpg,SRC_013,50.0,180.0,54.051464,N-spring,0.5,train
sample_07405.jpg,SRC_013,50.0,180.0,54.051464,N-spring,0.5,train
sample_07406.jpg,SRC_034,40.0,180.0,46.055099,N-summer,0.25,validation
sample_07407.jpg,SRC_011,-20.0,180.0,70.371153,N-summer,0.25,train
sample_07408.jpg,SRC_056,-40.0,180.0,74.660587,N-summer,0.5,train
sample_07409.jpg,SRC_168,90.0,0.0,64.709631,N-summer,0.25,validation
sample_07410.jpg,SRC_140,35.0,180.0,44.85556,N-spring,0.25,train
sample_07411.jpg,SRC_121,25.0,180.0,67.446292,N-autumn,0.5,train
sample_07412.jpg,SRC_016,10.0,180.0,55.552023,N-winter,0.5,calibration
sample_07413.jpg,SRC_049,5.0,180.0,42.94902,N-spring,0.25,train
sample_07414.jpg,SRC_112,-30.0,180.0,67.516648,N-spring,0.5,train
sample_07415.jpg,SRC_005,0.0,180.0,55.846781,N-summer,0.5,validation
sample_07416.jpg,SRC_065,30.0,180.0,68.700871,N-winter,0.5,train
sample_07417.jpg,SRC_121,25.0,180.0,67.446292,N-autumn,0.5,train
sample_07418.jpg,SRC_038,-15.0,180.0,32.097448,N-winter,0.25,train
sample_07419.jpg,SRC_076,25.0,180.0,63.632584,N-autumn,0.25,train
sample_07420.jpg,SRC_142,-30.0,180.0,34.276784,N-winter,0.25,train
sample_07421.jpg,SRC_005,0.0,180.0,55.846781,N-summer,0.5,validation
sample_07422.jpg,SRC_105,90.0,0.0,71.333916,N-summer,0.5,train
sample_07423.jpg,SRC_041,15.0,180.0,46.712049,N-summer,0.25,validation
sample_07424.jpg,SRC_077,-5.0,180.0,34.299081,N-winter,0.25,train
sample_07425.jpg,SRC_051,20.0,180.0,63.609319,N-autumn,0.5,train
sample_07426.jpg,SRC_089,10.0,180.0,48.442522,N-winter,0.25,calibration
sample_07427.jpg,SRC_037,15.0,180.0,44.468297,N-spring,0.25,train
sample_07428.jpg,SRC_166,90.0,0.0,60.094207,N-spring,0.5,validation
sample_07429.jpg,SRC_121,25.0,180.0,67.446292,N-autumn,0.5,train
sample_07430.jpg,SRC_027,35.0,180.0,41.369436,N-spring,0.5,train
sample_07431.jpg,SRC_114,-10.0,180.0,58.176498,N-autumn,0.5,train
sample_07432.jpg,SRC_123,0.0,180.0,54.598149,N-autumn,0.5,train
sample_07433.jpg,SRC_076,25.0,180.0,63.632584,N-autumn,0.25,train
sample_07434.jpg,SRC_126,-20.0,180.0,68.779144,N-summer,0.5,train
sample_07435.jpg,SRC_156,10.0,180.0,48.737382,N-summer,0.25,validation
sample_07436.jpg,SRC_111,-35.0,180.0,79.069883,N-spring,1.0,train
sample_07437.jpg,SRC_099,15.0,180.0,42.024472,N-spring,0.5,train
sample_07438.jpg,SRC_030,-25.0,180.0,67.936804,N-spring,0.5,train
sample_07439.jpg,SRC_018,-90.0,0.0,67.882485,N-winter,0.25,train
sample_07440.jpg,SRC_071,20.0,180.0,40.070501,N-spring,0.25,train
sample_07441.jpg,SRC_170,-20.0,180.0,56.332579,N-autumn,0.25,validation
sample_07442.jpg,SRC_069,25.0,180.0,48.120522,N-summer,0.5,train
sample_07443.jpg,SRC_157,40.0,180.0,44.22455,N-summer,0.25,calibration
sample_07444.jpg,SRC_091,-40.0,180.0,72.511342,N-summer,0.5,train
sample_07445.jpg,SRC_069,25.0,180.0,48.120522,N-summer,0.5,train
sample_07446.jpg,SRC_158,-5.0,180.0,35.954137,N-winter,0.25,train
sample_07447.jpg,SRC_108,-40.0,180.0,68.856247,N-summer,0.5,calibration
sample_07448.jpg,SRC_134,-30.0,180.0,69.607895,N-spring,0.5,train
sample_07449.jpg,SRC_158,-5.0,180.0,35.954137,N-winter,0.25,train
sample_07450.jpg,SRC_158,-5.0,180.0,35.954137,N-winter,0.25,train
sample_07451.jpg,SRC_056,-40.0,180.0,74.660587,N-summer,0.5,train
sample_07452.jpg,SRC_095,-20.0,180.0,56.495654,N-spring,0.5,validation
sample_07453.jpg,SRC_058,30.0,180.0,69.060883,N-autumn,0.5,train
sample_07454.jpg,SRC_170,-20.0,180.0,56.332579,N-autumn,0.25,validation
sample_07455.jpg,SRC_041,15.0,180.0,46.712049,N-summer,0.25,validation
sample_07456.jpg,SRC_156,10.0,180.0,48.737382,N-summer,0.25,validation
sample_07457.jpg,SRC_087,0.0,180.0,54.65824,N-summer,0.25,calibration
sample_07458.jpg,SRC_091,-40.0,180.0,72.511342,N-summer,0.5,train
sample_07459.jpg,SRC_112,-30.0,180.0,67.516648,N-spring,0.5,train
sample_07460.jpg,SRC_050,0.0,180.0,53.680047,N-summer,0.25,calibration
sample_07461.jpg,SRC_009,-25.0,180.0,73.827745,N-spring,0.5,train
sample_07462.jpg,SRC_112,-30.0,180.0,67.516648,N-spring,0.5,train
sample_07463.jpg,SRC_152,30.0,180.0,40.69576,N-spring,0.25,validation
sample_07464.jpg,SRC_036,5.0,180.0,52.749586,N-summer,0.25,train
sample_07465.jpg,SRC_091,-40.0,180.0,72.511342,N-summer,0.5,train
sample_07466.jpg,SRC_084,-10.0,180.0,58.957849,N-summer,0.25,train
sample_07467.jpg,SRC_116,5.0,180.0,41.203028,N-spring,0.25,calibration
sample_07468.jpg,SRC_037,15.0,180.0,44.468297,N-spring,0.25,train
sample_07469.jpg,SRC_062,45.0,180.0,81.508965,N-autumn,0.5,train
sample_07470.jpg,SRC_112,-30.0,180.0,67.516648,N-spring,0.5,train
sample_07471.jpg,SRC_170,-20.0,180.0,56.332579,N-autumn,0.25,validation
sample_07472.jpg,SRC_011,-20.0,180.0,70.371153,N-summer,0.25,train
sample_07473.jpg,SRC_112,-30.0,180.0,67.516648,N-spring,0.5,train
sample_07474.jpg,SRC_041,15.0,180.0,46.712049,N-summer,0.25,validation
sample_07475.jpg,SRC_109,50.0,180.0,54.137665,N-summer,0.25,validation
sample_07476.jpg,SRC_040,90.0,0.0,57.651744,N-spring,0.5,train
sample_07477.jpg,SRC_004,30.0,180.0,61.107468,N-autumn,0.5,train
sample_07478.jpg,SRC_111,-35.0,180.0,79.069883,N-spring,1.0,train
sample_07479.jpg,SRC_130,25.0,180.0,37.507656,N-spring,0.25,train
sample_07480.jpg,SRC_108,-40.0,180.0,68.856247,N-summer,0.5,calibration
sample_07481.jpg,SRC_080,-25.0,180.0,69.726065,N-summer,0.25,train
sample_07482.jpg,SRC_092,5.0,180.0,57.429528,N-autumn,0.25,train
sample_07483.jpg,SRC_058,30.0,180.0,69.060883,N-autumn,0.5,train
sample_07484.jpg,SRC_042,10.0,180.0,36.92431,N-spring,0.5,calibration
sample_07485.jpg,SRC_091,-40.0,180.0,72.511342,N-summer,0.5,train
sample_07486.jpg,SRC_006,-15.0,180.0,65.638079,N-spring,0.5,train
sample_07487.jpg,SRC_152,30.0,180.0,40.69576,N-spring,0.25,validation
sample_07488.jpg,SRC_041,15.0,180.0,46.712049,N-summer,0.25,validation
sample_07489.jpg,SRC_145,-5.0,180.0,52.15166,N-spring,0.25,train
sample_07490.jpg,SRC_124,0.0,180.0,51.928413,N-summer,0.25,train
sample_07491.jpg,SRC_094,20.0,180.0,66.934532,N-autumn,0.25,train
sample_07492.jpg,SRC_099,15.0,180.0,42.024472,N-spring,0.5,train
sample_07493.jpg,SRC_148,-15.0,180.0,49.227137,N-autumn,0.25,train
sample_07494.jpg,SRC_107,20.0,180.0,65.68027,N-autumn,0.5,train
sample_07495.jpg,SRC_140,35.0,180.0,44.85556,N-spring,0.25,train
sample_07496.jpg,SRC_058,30.0,180.0,69.060883,N-autumn,0.5,train
sample_07497.jpg,SRC_171,-35.0,180.0,63.65778,N-spring,0.25,train
sample_07498.jpg,SRC_015,20.0,180.0,46.484204,N-summer,0.25,train
sample_07499.jpg,SRC_015,20.0,180.0,46.484204,N-summer,0.25,train
sample_07500.jpg,SRC_037,15.0,180.0,44.468297,N-spring,0.25,train
sample_07501.jpg,SRC_096,25.0,180.0,40.422288,N-spring,0.25,train
sample_07502.jpg,SRC_037,15.0,180.0,44.468297,N-spring,0.25,train
sample_07503.jpg,SRC_061,50.0,180.0,43.110277,N-spring,0.5,train
sample_07504.jpg,SRC_037,15.0,180.0,44.468297,N-spring,0.25,train
sample_07505.jpg,SRC_171,-35.0,180.0,63.65778,N-spring,0.25,train
sample_07506.jpg,SRC_139,40.0,180.0,53.533251,N-winter,0.25,train
sample_07507.jpg,SRC_157,40.0,180.0,44.22455,N-summer,0.25,calibration
sample_07508.jpg,SRC_013,50.0,180.0,54.051464,N-spring,0.5,train
sample_07509.jpg,SRC_111,-35.0,180.0,79.069883,N-spring,1.0,train
sample_07510.jpg,SRC_042,10.0,180.0,36.92431,N-spring,0.5,calibration
sample_07511.jpg,SRC_076,25.0,180.0,63.632584,N-autumn,0.25,train
sample_07512.jpg,SRC_001,-5.0,180.0,51.987197,N-spring,0.5,train
sample_07513.jpg,SRC_040,90.0,0.0,57.651744,N-spring,0.5,train
sample_07514.jpg,SRC_029,-5.0,180.0,45.485648,N-autumn,0.25,calibration
sample_07515.jpg,SRC_104,25.0,180.0,45.102036,N-summer,0.5,validation
sample_07516.jpg,SRC_088,0.0,180.0,53.004483,N-summer,0.25,train
sample_07517.jpg,SRC_158,-5.0,180.0,35.954137,N-winter,0.25,train
sample_07518.jpg,SRC_050,0.0,180.0,53.680047,N-summer,0.25,calibration
sample_07519.jpg,SRC_091,-40.0,180.0,72.511342,N-summer,0.5,train
sample_07520.jpg,SRC_135,5.0,180.0,41.328761,N-winter,0.5,train
sample_07521.jpg,SRC_088,0.0,180.0,53.004483,N-summer,0.25,train
sample_07522.jpg,SRC_106,25.0,180.0,40.638999,N-spring,0.5,validation
sample_07523.jpg,SRC_070,60.0,180.0,58.788969,N-summer,0.5,train
sample_07524.jpg,SRC_112,-30.0,180.0,67.516648,N-spring,0.5,train
sample_07525.jpg,SRC_021,-90.0,0.0,68.040851,N-autumn,0.5,train
sample_07526.jpg,SRC_069,25.0,180.0,48.120522,N-summer,0.5,train
sample_07527.jpg,SRC_009,-25.0,180.0,73.827745,N-spring,0.5,train
sample_07528.jpg,SRC_030,-25.0,180.0,67.936804,N-spring,0.5,train
sample_07529.jpg,SRC_108,-40.0,180.0,68.856247,N-summer,0.5,calibration
sample_07530.jpg,SRC_013,50.0,180.0,54.051464,N-spring,0.5,train
sample_07531.jpg,SRC_171,-35.0,180.0,63.65778,N-spring,0.25,train
sample_07532.jpg,SRC_067,-15.0,180.0,64.724247,N-spring,0.5,calibration
sample_07533.jpg,SRC_067,-15.0,180.0,64.724247,N-spring,0.5,calibration
sample_07534.jpg,SRC_009,-25.0,180.0,73.827745,N-spring,0.5,train
sample_07535.jpg,SRC_009,-25.0,180.0,73.827745,N-spring,0.5,train
sample_07536.jpg,SRC_080,-25.0,180.0,69.726065,N-summer,0.25,train
sample_07537.jpg,SRC_111,-35.0,180.0,79.069883,N-spring,1.0,train
sample_07538.jpg,SRC_021,-90.0,0.0,68.040851,N-autumn,0.5,train
sample_07539.jpg,SRC_109,50.0,180.0,54.137665,N-summer,0.25,validation
sample_07540.jpg,SRC_148,-15.0,180.0,49.227137,N-autumn,0.25,train
sample_07541.jpg,SRC_139,40.0,180.0,53.533251,N-winter,0.25,train
sample_07542.jpg,SRC_171,-35.0,180.0,63.65778,N-spring,0.25,train
sample_07543.jpg,SRC_066,-10.0,180.0,61.81065,N-summer,0.5,calibration
sample_07544.jpg,SRC_075,-90.0,0.0,65.329336,N-winter,0.25,train
sample_07545.jpg,SRC_067,-15.0,180.0,64.724247,N-spring,0.5,calibration
sample_07546.jpg,SRC_015,20.0,180.0,46.484204,N-summer,0.25,train
sample_07547.jpg,SRC_055,-5.0,180.0,57.335076,N-spring,0.25,train
sample_07548.jpg,SRC_169,40.0,180.0,48.615664,N-summer,0.25,train
sample_07549.jpg,SRC_101,5.0,180.0,48.479381,N-winter,0.25,validation
sample_07550.jpg,SRC_091,-40.0,180.0,72.511342,N-summer,0.5,train
sample_07551.jpg,SRC_024,10.0,180.0,53.725813,N-summer,0.25,calibration
sample_07552.jpg,SRC_008,25.0,180.0,61.005891,N-autumn,0.25,validation
sample_07553.jpg,SRC_009,-25.0,180.0,73.827745,N-spring,0.5,train
sample_07554.jpg,SRC_001,-5.0,180.0,51.987197,N-spring,0.5,train
sample_07555.jpg,SRC_014,-40.0,180.0,38.480327,N-winter,0.25,train
sample_07556.jpg,SRC_011,-20.0,180.0,70.371153,N-summer,0.25,train
sample_07557.jpg,SRC_001,-5.0,180.0,51.987197,N-spring,0.5,train
sample_07558.jpg,SRC_145,-5.0,180.0,52.15166,N-spring,0.25,train
sample_07559.jpg,SRC_095,-20.0,180.0,56.495654,N-spring,0.5,validation
sample_07560.jpg,SRC_112,-30.0,180.0,67.516648,N-spring,0.5,train
sample_07561.jpg,SRC_097,0.0,180.0,35.318175,N-winter,0.25,train
sample_07562.jpg,SRC_042,10.0,180.0,36.92431,N-spring,0.5,calibration
sample_07563.jpg,SRC_029,-5.0,180.0,45.485648,N-autumn,0.25,calibration
sample_07564.jpg,SRC_158,-5.0,180.0,35.954137,N-winter,0.25,train
sample_07565.jpg,SRC_093,-25.0,180.0,43.343655,N-autumn,0.5,calibration
sample_07566.jpg,SRC_111,-35.0,180.0,79.069883,N-spring,1.0,train
sample_07567.jpg,SRC_027,35.0,180.0,41.369436,N-spring,0.5,train
sample_07568.jpg,SRC_084,-10.0,180.0,58.957849,N-summer,0.25,train
sample_07569.jpg,SRC_042,10.0,180.0,36.92431,N-spring,0.5,calibration
sample_07570.jpg,SRC_145,-5.0,180.0,52.15166,N-spring,0.25,train
sample_07571.jpg,SRC_124,0.0,180.0,51.928413,N-summer,0.25,train
sample_07572.jpg,SRC_131,10.0,180.0,60.540464,N-autumn,0.5,train
sample_07573.jpg,SRC_037,15.0,180.0,44.468297,N-spring,0.25,train
sample_07574.jpg,SRC_075,-90.0,0.0,65.329336,N-winter,0.25,train
sample_07575.jpg,SRC_003,0.0,180.0,38.090051,N-spring,0.25,validation
sample_07576.jpg,SRC_063,25.0,180.0,41.329237,N-spring,0.25,train
sample_07577.jpg,SRC_001,-5.0,180.0,51.987197,N-spring,0.5,train
sample_07578.jpg,SRC_013,50.0,180.0,54.051464,N-spring,0.5,train
sample_07579.jpg,SRC_092,5.0,180.0,57.429528,N-autumn,0.25,train
sample_07580.jpg,SRC_037,15.0,180.0,44.468297,N-spring,0.25,train
sample_07581.jpg,SRC_158,-5.0,180.0,35.954137,N-winter,0.25,train
sample_07582.jpg,SRC_169,40.0,180.0,48.615664,N-summer,0.25,train
sample_07583.jpg,SRC_012,-90.0,0.0,85.677016,N-autumn,0.5,train
sample_07584.jpg,SRC_140,35.0,180.0,44.85556,N-spring,0.25,train
sample_07585.jpg,SRC_024,10.0,180.0,53.725813,N-summer,0.25,calibration
sample_07586.jpg,SRC_154,0.0,180.0,54.770875,N-summer,0.5,train
sample_07587.jpg,SRC_026,90.0,0.0,57.238404,N-spring,0.25,calibration
sample_07588.jpg,SRC_022,20.0,180.0,41.513642,N-spring,0.25,train
sample_07589.jpg,SRC_129,20.0,180.0,41.057252,N-spring,0.25,validation
sample_07590.jpg,SRC_113,-35.0,180.0,36.668707,N-winter,0.25,train
sample_07591.jpg,SRC_102,-10.0,180.0,52.255853,N-spring,0.25,train
sample_07592.jpg,SRC_081,-90.0,0.0,74.772433,N-autumn,0.25,calibration
sample_07593.jpg,SRC_121,25.0,180.0,67.446292,N-autumn,0.5,train
sample_07594.jpg,SRC_076,25.0,180.0,63.632584,N-autumn,0.25,train
sample_07595.jpg,SRC_076,25.0,180.0,63.632584,N-autumn,0.25,train
sample_07596.jpg,SRC_124,0.0,180.0,51.928413,N-summer,0.25,train
sample_07597.jpg,SRC_161,5.0,180.0,52.294471,N-summer,0.25,train
sample_07598.jpg,SRC_036,5.0,180.0,52.749586,N-summer,0.25,train
sample_07599.jpg,SRC_018,-90.0,0.0,67.882485,N-winter,0.25,train
sample_07600.jpg,SRC_040,90.0,0.0,57.651744,N-spring,0.5,train
sample_07601.jpg,SRC_080,-25.0,180.0,69.726065,N-summer,0.25,train
sample_07602.jpg,SRC_038,-15.0,180.0,32.097448,N-winter,0.25,train
sample_07603.jpg,SRC_086,15.0,180.0,43.648742,N-summer,0.5,validation
sample_07604.jpg,SRC_063,25.0,180.0,41.329237,N-spring,0.25,train
sample_07605.jpg,SRC_096,25.0,180.0,40.422288,N-spring,0.25,train
sample_07606.jpg,SRC_112,-30.0,180.0,67.516648,N-spring,0.5,train
sample_07607.jpg,SRC_161,5.0,180.0,52.294471,N-summer,0.25,train
sample_07608.jpg,SRC_124,0.0,180.0,51.928413,N-summer,0.25,train
sample_07609.jpg,SRC_129,20.0,180.0,41.057252,N-spring,0.25,validation
sample_07610.jpg,SRC_102,-10.0,180.0,52.255853,N-spring,0.25,train
sample_07611.jpg,SRC_034,40.0,180.0,46.055099,N-summer,0.25,validation
sample_07612.jpg,SRC_103,-35.0,180.0,57.090396,N-autumn,0.25,train
sample_07613.jpg,SRC_020,35.0,180.0,42.075965,N-summer,0.25,calibration
sample_07614.jpg,SRC_109,50.0,180.0,54.137665,N-summer,0.25,validation
sample_07615.jpg,SRC_005,0.0,180.0,55.846781,N-summer,0.5,validation
sample_07616.jpg,SRC_123,0.0,180.0,54.598149,N-autumn,0.5,train
sample_07617.jpg,SRC_134,-30.0,180.0,69.607895,N-spring,0.5,train
sample_07618.jpg,SRC_014,-40.0,180.0,38.480327,N-winter,0.25,train
sample_07619.jpg,SRC_004,30.0,180.0,61.107468,N-autumn,0.5,train
sample_07620.jpg,SRC_156,10.0,180.0,48.737382,N-summer,0.25,validation
sample_07621.jpg,SRC_041,15.0,180.0,46.712049,N-summer,0.25,validation
sample_07622.jpg,SRC_112,-30.0,180.0,67.516648,N-spring,0.5,train
sample_07623.jpg,SRC_103,-35.0,180.0,57.090396,N-autumn,0.25,train
sample_07624.jpg,SRC_115,25.0,180.0,41.8845,N-spring,0.25,train
sample_07625.jpg,SRC_091,-40.0,180.0,72.511342,N-summer,0.5,train
sample_07626.jpg,SRC_084,-10.0,180.0,58.957849,N-summer,0.25,train
sample_07627.jpg,SRC_027,35.0,180.0,41.369436,N-spring,0.5,train
sample_07628.jpg,SRC_059,15.0,180.0,48.046698,N-summer,0.25,train
sample_07629.jpg,SRC_154,0.0,180.0,54.770875,N-summer,0.5,train
sample_07630.jpg,SRC_084,-10.0,180.0,58.957849,N-summer,0.25,train
sample_07631.jpg,SRC_009,-25.0,180.0,73.827745,N-spring,0.5,train
sample_07632.jpg,SRC_059,15.0,180.0,48.046698,N-summer,0.25,train
sample_07633.jpg,SRC_042,10.0,180.0,36.92431,N-spring,0.5,calibration
sample_07634.jpg,SRC_144,-35.0,180.0,76.731052,N-spring,0.5,train
sample_07635.jpg,SRC_002,40.0,180.0,45.868768,N-summer,0.25,train
sample_07636.jpg,SRC_171,-35.0,180.0,63.65778,N-spring,0.25,train
sample_07637.jpg,SRC_150,10.0,180.0,50.798821,N-summer,0.5,train
sample_07638.jpg,SRC_142,-30.0,180.0,34.276784,N-winter,0.25,train
sample_07639.jpg,SRC_157,40.0,180.0,44.22455,N-summer,0.25,calibration
sample_07640.jpg,SRC_036,5.0,180.0,52.749586,N-summer,0.25,train
sample_07641.jpg,SRC_106,25.0,180.0,40.638999,N-spring,0.5,validation
sample_07642.jpg,SRC_041,15.0,180.0,46.712049,N-summer,0.25,validation
sample_07643.jpg,SRC_037,15.0,180.0,44.468297,N-spring,0.25,train
sample_07644.jpg,SRC_135,5.0,180.0,41.328761,N-winter,0.5,train
sample_07645.jpg,SRC_148,-15.0,180.0,49.227137,N-autumn,0.25,train
sample_07646.jpg,SRC_009,-25.0,180.0,73.827745,N-spring,0.5,train
sample_07647.jpg,SRC_157,40.0,180.0,44.22455,N-summer,0.25,calibration
sample_07648.jpg,SRC_169,40.0,180.0,48.615664,N-summer,0.25,train
sample_07649.jpg,SRC_104,25.0,180.0,45.102036,N-summer,0.5,validation
sample_07650.jpg,SRC_038,-15.0,180.0,32.097448,N-winter,0.25,train
sample_07651.jpg,SRC_066,-10.0,180.0,61.81065,N-summer,0.5,calibration
sample_07652.jpg,SRC_114,-10.0,180.0,58.176498,N-autumn,0.5,train
sample_07653.jpg,SRC_091,-40.0,180.0,72.511342,N-summer,0.5,train
sample_07654.jpg,SRC_086,15.0,180.0,43.648742,N-summer,0.5,validation
sample_07655.jpg,SRC_103,-35.0,180.0,57.090396,N-autumn,0.25,train
sample_07656.jpg,SRC_051,20.0,180.0,63.609319,N-autumn,0.5,train
sample_07657.jpg,SRC_024,10.0,180.0,53.725813,N-summer,0.25,calibration
sample_07658.jpg,SRC_050,0.0,180.0,53.680047,N-summer,0.25,calibration
sample_07659.jpg,SRC_076,25.0,180.0,63.632584,N-autumn,0.25,train
sample_07660.jpg,SRC_009,-25.0,180.0,73.827745,N-spring,0.5,train
sample_07661.jpg,SRC_140,35.0,180.0,44.85556,N-spring,0.25,train
sample_07662.jpg,SRC_015,20.0,180.0,46.484204,N-summer,0.25,train
sample_07663.jpg,SRC_039,90.0,0.0,70.63275,N-summer,0.5,calibration
sample_07664.jpg,SRC_109,50.0,180.0,54.137665,N-summer,0.25,validation
sample_07665.jpg,SRC_150,10.0,180.0,50.798821,N-summer,0.5,train
sample_07666.jpg,SRC_057,-5.0,180.0,57.599617,N-summer,0.25,calibration
sample_07667.jpg,SRC_046,0.0,180.0,58.061031,N-autumn,0.25,calibration
sample_07668.jpg,SRC_142,-30.0,180.0,34.276784,N-winter,0.25,train
sample_07669.jpg,SRC_099,15.0,180.0,42.024472,N-spring,0.5,train
sample_07670.jpg,SRC_104,25.0,180.0,45.102036,N-summer,0.5,validation
sample_07671.jpg,SRC_027,35.0,180.0,41.369436,N-spring,0.5,train
sample_07672.jpg,SRC_022,20.0,180.0,41.513642,N-spring,0.25,train
sample_07673.jpg,SRC_065,30.0,180.0,68.700871,N-winter,0.5,train
sample_07674.jpg,SRC_165,10.0,180.0,42.451267,N-winter,0.25,train
sample_07675.jpg,SRC_009,-25.0,180.0,73.827745,N-spring,0.5,train
sample_07676.jpg,SRC_038,-15.0,180.0,32.097448,N-winter,0.25,train
sample_07677.jpg,SRC_111,-35.0,180.0,79.069883,N-spring,1.0,train
sample_07678.jpg,SRC_067,-15.0,180.0,64.724247,N-spring,0.5,calibration
sample_07679.jpg,SRC_103,-35.0,180.0,57.090396,N-autumn,0.25,train
sample_07680.jpg,SRC_060,90.0,0.0,64.124177,N-summer,0.25,validation
sample_07681.jpg,SRC_001,-5.0,180.0,51.987197,N-spring,0.5,train
sample_07682.jpg,SRC_074,0.0,180.0,50.25459,N-spring,0.5,train
sample_07683.jpg,SRC_122,-5.0,180.0,57.310506,N-summer,0.25,train
sample_07684.jpg,SRC_067,-15.0,180.0,64.724247,N-spring,0.5,calibration
sample_07685.jpg,SRC_004,30.0,180.0,61.107468,N-autumn,0.5,train
sample_07686.jpg,SRC_119,90.0,0.0,58.642683,N-spring,0.25,calibration
sample_07687.jpg,SRC_041,15.0,180.0,46.712049,N-summer,0.25,validation
sample_07688.jpg,SRC_027,35.0,180.0,41.369436,N-spring,0.5,train
sample_07689.jpg,SRC_133,-10.0,180.0,48.887369,N-spring,0.5,train
sample_07690.jpg,SRC_005,0.0,180.0,55.846781,N-summer,0.5,validation
sample_07691.jpg,SRC_119,90.0,0.0,58.642683,N-spring,0.25,calibration
sample_07692.jpg,SRC_084,-10.0,180.0,58.957849,N-summer,0.25,train
sample_07693.jpg,SRC_013,50.0,180.0,54.051464,N-spring,0.5,train
sample_07694.jpg,SRC_076,25.0,180.0,63.632584,N-autumn,0.25,train
sample_07695.jpg,SRC_091,-40.0,180.0,72.511342,N-summer,0.5,train
sample_07696.jpg,SRC_070,60.0,180.0,58.788969,N-summer,0.5,train
sample_07697.jpg,SRC_026,90.0,0.0,57.238404,N-spring,0.25,calibration
sample_07698.jpg,SRC_021,-90.0,0.0,68.040851,N-autumn,0.5,train
sample_07699.jpg,SRC_156,10.0,180.0,48.737382,N-summer,0.25,validation
sample_07700.jpg,SRC_145,-5.0,180.0,52.15166,N-spring,0.25,train
sample_07701.jpg,SRC_136,-35.0,180.0,76.922409,N-spring,0.5,train
sample_07702.jpg,SRC_130,25.0,180.0,37.507656,N-spring,0.25,train
sample_07703.jpg,SRC_124,0.0,180.0,51.928413,N-summer,0.25,train
sample_07704.jpg,SRC_013,50.0,180.0,54.051464,N-spring,0.5,train
sample_07705.jpg,SRC_059,15.0,180.0,48.046698,N-summer,0.25,train
sample_07706.jpg,SRC_144,-35.0,180.0,76.731052,N-spring,0.5,train
sample_07707.jpg,SRC_169,40.0,180.0,48.615664,N-summer,0.25,train
sample_07708.jpg,SRC_108,-40.0,180.0,68.856247,N-summer,0.5,calibration
sample_07709.jpg,SRC_009,-25.0,180.0,73.827745,N-spring,0.5,train
sample_07710.jpg,SRC_112,-30.0,180.0,67.516648,N-spring,0.5,train
sample_07711.jpg,SRC_166,90.0,0.0,60.094207,N-spring,0.5,validation
sample_07712.jpg,SRC_157,40.0,180.0,44.22455,N-summer,0.25,calibration
sample_07713.jpg,SRC_097,0.0,180.0,35.318175,N-winter,0.25,train
sample_07714.jpg,SRC_021,-90.0,0.0,68.040851,N-autumn,0.5,train
sample_07715.jpg,SRC_109,50.0,180.0,54.137665,N-summer,0.25,validation
sample_07716.jpg,SRC_014,-40.0,180.0,38.480327,N-winter,0.25,train
sample_07717.jpg,SRC_168,90.0,0.0,64.709631,N-summer,0.25,validation
sample_07718.jpg,SRC_091,-40.0,180.0,72.511342,N-summer,0.5,train
sample_07719.jpg,SRC_158,-5.0,180.0,35.954137,N-winter,0.25,train
sample_07720.jpg,SRC_063,25.0,180.0,41.329237,N-spring,0.25,train
sample_07721.jpg,SRC_022,20.0,180.0,41.513642,N-spring,0.25,train
sample_07722.jpg,SRC_106,25.0,180.0,40.638999,N-spring,0.5,validation
sample_07723.jpg,SRC_084,-10.0,180.0,58.957849,N-summer,0.25,train
sample_07724.jpg,SRC_109,50.0,180.0,54.137665,N-summer,0.25,validation
sample_07725.jpg,SRC_006,-15.0,180.0,65.638079,N-spring,0.5,train
sample_07726.jpg,SRC_151,-15.0,180.0,63.408071,N-summer,0.5,validation
sample_07727.jpg,SRC_159,20.0,180.0,67.076816,N-autumn,0.25,train
sample_07728.jpg,SRC_144,-35.0,180.0,76.731052,N-spring,0.5,train
sample_07729.jpg,SRC_037,15.0,180.0,44.468297,N-spring,0.25,train
sample_07730.jpg,SRC_091,-40.0,180.0,72.511342,N-summer,0.5,train
sample_07731.jpg,SRC_096,25.0,180.0,40.422288,N-spring,0.25,train
sample_07732.jpg,SRC_030,-25.0,180.0,67.936804,N-spring,0.5,train
sample_07733.jpg,SRC_013,50.0,180.0,54.051464,N-spring,0.5,train
sample_07734.jpg,SRC_049,5.0,180.0,42.94902,N-spring,0.25,train
sample_07735.jpg,SRC_009,-25.0,180.0,73.827745,N-spring,0.5,train
sample_07736.jpg,SRC_050,0.0,180.0,53.680047,N-summer,0.25,calibration
sample_07737.jpg,SRC_091,-40.0,180.0,72.511342,N-summer,0.5,train
sample_07738.jpg,SRC_011,-20.0,180.0,70.371153,N-summer,0.25,train
sample_07739.jpg,SRC_084,-10.0,180.0,58.957849,N-summer,0.25,train
sample_07740.jpg,SRC_085,0.0,180.0,39.187341,N-spring,0.25,train
sample_07741.jpg,SRC_052,5.0,180.0,51.705435,N-summer,0.25,train
sample_07742.jpg,SRC_073,45.0,180.0,41.537171,N-spring,0.25,train
sample_07743.jpg,SRC_076,25.0,180.0,63.632584,N-autumn,0.25,train
sample_07744.jpg,SRC_078,15.0,180.0,40.437008,N-spring,0.25,train
sample_07745.jpg,SRC_101,5.0,180.0,48.479381,N-winter,0.25,validation
sample_07746.jpg,SRC_141,-10.0,180.0,55.206291,N-spring,0.25,train
sample_07747.jpg,SRC_063,25.0,180.0,41.329237,N-spring,0.25,train
sample_07748.jpg,SRC_074,0.0,180.0,50.25459,N-spring,0.5,train
sample_07749.jpg,SRC_009,-25.0,180.0,73.827745,N-spring,0.5,train
sample_07750.jpg,SRC_111,-35.0,180.0,79.069883,N-spring,1.0,train
sample_07751.jpg,SRC_004,30.0,180.0,61.107468,N-autumn,0.5,train
sample_07752.jpg,SRC_099,15.0,180.0,42.024472,N-spring,0.5,train
sample_07753.jpg,SRC_049,5.0,180.0,42.94902,N-spring,0.25,train
sample_07754.jpg,SRC_109,50.0,180.0,54.137665,N-summer,0.25,validation
sample_07755.jpg,SRC_027,35.0,180.0,41.369436,N-spring,0.5,train
sample_07756.jpg,SRC_037,15.0,180.0,44.468297,N-spring,0.25,train
sample_07757.jpg,SRC_169,40.0,180.0,48.615664,N-summer,0.25,train
sample_07758.jpg,SRC_125,-5.0,180.0,52.428603,N-spring,0.25,train
sample_07759.jpg,SRC_063,25.0,180.0,41.329237,N-spring,0.25,train
sample_07760.jpg,SRC_020,35.0,180.0,42.075965,N-summer,0.25,calibration
sample_07761.jpg,SRC_022,20.0,180.0,41.513642,N-spring,0.25,train
sample_07762.jpg,SRC_126,-20.0,180.0,68.779144,N-summer,0.5,train
sample_07763.jpg,SRC_009,-25.0,180.0,73.827745,N-spring,0.5,train
sample_07764.jpg,SRC_004,30.0,180.0,61.107468,N-autumn,0.5,train
sample_07765.jpg,SRC_014,-40.0,180.0,38.480327,N-winter,0.25,train
sample_07766.jpg,SRC_042,10.0,180.0,36.92431,N-spring,0.5,calibration
sample_07767.jpg,SRC_171,-35.0,180.0,63.65778,N-spring,0.25,train
sample_07768.jpg,SRC_013,50.0,180.0,54.051464,N-spring,0.5,train
sample_07769.jpg,SRC_069,25.0,180.0,48.120522,N-summer,0.5,train
sample_07770.jpg,SRC_144,-35.0,180.0,76.731052,N-spring,0.5,train
sample_07771.jpg,SRC_049,5.0,180.0,42.94902,N-spring,0.25,train
sample_07772.jpg,SRC_040,90.0,0.0,57.651744,N-spring,0.5,train
sample_07773.jpg,SRC_108,-40.0,180.0,68.856247,N-summer,0.5,calibration
sample_07774.jpg,SRC_011,-20.0,180.0,70.371153,N-summer,0.25,train
sample_07775.jpg,SRC_006,-15.0,180.0,65.638079,N-spring,0.5,train
sample_07776.jpg,SRC_142,-30.0,180.0,34.276784,N-winter,0.25,train
sample_07777.jpg,SRC_088,0.0,180.0,53.004483,N-summer,0.25,train
sample_07778.jpg,SRC_158,-5.0,180.0,35.954137,N-winter,0.25,train
sample_07779.jpg,SRC_088,0.0,180.0,53.004483,N-summer,0.25,train
sample_07780.jpg,SRC_144,-35.0,180.0,76.731052,N-spring,0.5,train
sample_07781.jpg,SRC_016,10.0,180.0,55.552023,N-winter,0.5,calibration
sample_07782.jpg,SRC_059,15.0,180.0,48.046698,N-summer,0.25,train
sample_07783.jpg,SRC_157,40.0,180.0,44.22455,N-summer,0.25,calibration
sample_07784.jpg,SRC_091,-40.0,180.0,72.511342,N-summer,0.5,train
sample_07785.jpg,SRC_026,90.0,0.0,57.238404,N-spring,0.25,calibration
sample_07786.jpg,SRC_013,50.0,180.0,54.051464,N-spring,0.5,train
sample_07787.jpg,SRC_086,15.0,180.0,43.648742,N-summer,0.5,validation
sample_07788.jpg,SRC_124,0.0,180.0,51.928413,N-summer,0.25,train
sample_07789.jpg,SRC_120,90.0,0.0,69.983669,N-summer,0.25,train
sample_07790.jpg,SRC_058,30.0,180.0,69.060883,N-autumn,0.5,train
sample_07791.jpg,SRC_114,-10.0,180.0,58.176498,N-autumn,0.5,train
sample_07792.jpg,SRC_074,0.0,180.0,50.25459,N-spring,0.5,train
sample_07793.jpg,SRC_030,-25.0,180.0,67.936804,N-spring,0.5,train
sample_07794.jpg,SRC_144,-35.0,180.0,76.731052,N-spring,0.5,train
sample_07795.jpg,SRC_013,50.0,180.0,54.051464,N-spring,0.5,train
sample_07796.jpg,SRC_021,-90.0,0.0,68.040851,N-autumn,0.5,train
sample_07797.jpg,SRC_059,15.0,180.0,48.046698,N-summer,0.25,train
sample_07798.jpg,SRC_128,90.0,0.0,56.634817,N-spring,0.5,train
sample_07799.jpg,SRC_013,50.0,180.0,54.051464,N-spring,0.5,train
sample_07800.jpg,SRC_084,-10.0,180.0,58.957849,N-summer,0.25,train
sample_07801.jpg,SRC_073,45.0,180.0,41.537171,N-spring,0.25,train
sample_07802.jpg,SRC_042,10.0,180.0,36.92431,N-spring,0.5,calibration
sample_07803.jpg,SRC_013,50.0,180.0,54.051464,N-spring,0.5,train
sample_07804.jpg,SRC_156,10.0,180.0,48.737382,N-summer,0.25,validation
sample_07805.jpg,SRC_159,20.0,180.0,67.076816,N-autumn,0.25,train
sample_07806.jpg,SRC_103,-35.0,180.0,57.090396,N-autumn,0.25,train
sample_07807.jpg,SRC_078,15.0,180.0,40.437008,N-spring,0.25,train
sample_07808.jpg,SRC_129,20.0,180.0,41.057252,N-spring,0.25,validation
sample_07809.jpg,SRC_115,25.0,180.0,41.8845,N-spring,0.25,train
sample_07810.jpg,SRC_063,25.0,180.0,41.329237,N-spring,0.25,train
sample_07811.jpg,SRC_004,30.0,180.0,61.107468,N-autumn,0.5,train
sample_07812.jpg,SRC_011,-20.0,180.0,70.371153,N-summer,0.25,train
sample_07813.jpg,SRC_134,-30.0,180.0,69.607895,N-spring,0.5,train
sample_07814.jpg,SRC_006,-15.0,180.0,65.638079,N-spring,0.5,train
sample_07815.jpg,SRC_004,30.0,180.0,61.107468,N-autumn,0.5,train
sample_07816.jpg,SRC_159,20.0,180.0,67.076816,N-autumn,0.25,train
sample_07817.jpg,SRC_063,25.0,180.0,41.329237,N-spring,0.25,train
sample_07818.jpg,SRC_157,40.0,180.0,44.22455,N-summer,0.25,calibration
sample_07819.jpg,SRC_091,-40.0,180.0,72.511342,N-summer,0.5,train
sample_07820.jpg,SRC_031,-90.0,0.0,62.684336,N-winter,0.5,train
sample_07821.jpg,SRC_086,15.0,180.0,43.648742,N-summer,0.5,validation
sample_07822.jpg,SRC_005,0.0,180.0,55.846781,N-summer,0.5,validation
sample_07823.jpg,SRC_127,-35.0,180.0,47.507974,N-autumn,0.5,validation
sample_07824.jpg,SRC_075,-90.0,0.0,65.329336,N-winter,0.25,train
sample_07825.jpg,SRC_103,-35.0,180.0,57.090396,N-autumn,0.25,train
sample_07826.jpg,SRC_051,20.0,180.0,63.609319,N-autumn,0.5,train
sample_07827.jpg,SRC_114,-10.0,180.0,58.176498,N-autumn,0.5,train
sample_07828.jpg,SRC_137,-5.0,180.0,45.053172,N-spring,0.25,train
sample_07829.jpg,SRC_058,30.0,180.0,69.060883,N-autumn,0.5,train
sample_07830.jpg,SRC_092,5.0,180.0,57.429528,N-autumn,0.25,train
sample_07831.jpg,SRC_003,0.0,180.0,38.090051,N-spring,0.25,validation
sample_07832.jpg,SRC_124,0.0,180.0,51.928413,N-summer,0.25,train
sample_07833.jpg,SRC_066,-10.0,180.0,61.81065,N-summer,0.5,calibration
sample_07834.jpg,SRC_111,-35.0,180.0,79.069883,N-spring,1.0,train
sample_07835.jpg,SRC_020,35.0,180.0,42.075965,N-summer,0.25,calibration
sample_07836.jpg,SRC_111,-35.0,180.0,79.069883,N-spring,1.0,train
sample_07837.jpg,SRC_071,20.0,180.0,40.070501,N-spring,0.25,train
sample_07838.jpg,SRC_021,-90.0,0.0,68.040851,N-autumn,0.5,train
sample_07839.jpg,SRC_149,90.0,0.0,55.701783,N-summer,0.25,train
sample_07840.jpg,SRC_135,5.0,180.0,41.328761,N-winter,0.5,train
sample_07841.jpg,SRC_129,20.0,180.0,41.057252,N-spring,0.25,validation
sample_07842.jpg,SRC_149,90.0,0.0,55.701783,N-summer,0.25,train
sample_07843.jpg,SRC_093,-25.0,180.0,43.343655,N-autumn,0.5,calibration
sample_07844.jpg,SRC_056,-40.0,180.0,74.660587,N-summer,0.5,train
sample_07845.jpg,SRC_051,20.0,180.0,63.609319,N-autumn,0.5,train
sample_07846.jpg,SRC_115,25.0,180.0,41.8845,N-spring,0.25,train
sample_07847.jpg,SRC_029,-5.0,180.0,45.485648,N-autumn,0.25,calibration
sample_07848.jpg,SRC_112,-30.0,180.0,67.516648,N-spring,0.5,train
sample_07849.jpg,SRC_047,0.0,180.0,48.028677,N-spring,0.5,validation
sample_07850.jpg,SRC_086,15.0,180.0,43.648742,N-summer,0.5,validation
sample_07851.jpg,SRC_099,15.0,180.0,42.024472,N-spring,0.5,train
sample_07852.jpg,SRC_027,35.0,180.0,41.369436,N-spring,0.5,train
sample_07853.jpg,SRC_047,0.0,180.0,48.028677,N-spring,0.5,validation
sample_07854.jpg,SRC_066,-10.0,180.0,61.81065,N-summer,0.5,calibration
sample_07855.jpg,SRC_065,30.0,180.0,68.700871,N-winter,0.5,train
sample_07856.jpg,SRC_004,30.0,180.0,61.107468,N-autumn,0.5,train
sample_07857.jpg,SRC_086,15.0,180.0,43.648742,N-summer,0.5,validation
sample_07858.jpg,SRC_021,-90.0,0.0,68.040851,N-autumn,0.5,train
sample_07859.jpg,SRC_168,90.0,0.0,64.709631,N-summer,0.25,validation
sample_07860.jpg,SRC_051,20.0,180.0,63.609319,N-autumn,0.5,train
sample_07861.jpg,SRC_050,0.0,180.0,53.680047,N-summer,0.25,calibration
sample_07862.jpg,SRC_013,50.0,180.0,54.051464,N-spring,0.5,train
sample_07863.jpg,SRC_069,25.0,180.0,48.120522,N-summer,0.5,train
sample_07864.jpg,SRC_004,30.0,180.0,61.107468,N-autumn,0.5,train
sample_07865.jpg,SRC_037,15.0,180.0,44.468297,N-spring,0.25,train
sample_07866.jpg,SRC_112,-30.0,180.0,67.516648,N-spring,0.5,train
sample_07867.jpg,SRC_111,-35.0,180.0,79.069883,N-spring,1.0,train
sample_07868.jpg,SRC_131,10.0,180.0,60.540464,N-autumn,0.5,train
sample_07869.jpg,SRC_009,-25.0,180.0,73.827745,N-spring,0.5,train
sample_07870.jpg,SRC_163,0.0,180.0,39.987447,N-winter,0.25,train
sample_07871.jpg,SRC_074,0.0,180.0,50.25459,N-spring,0.5,train
sample_07872.jpg,SRC_091,-40.0,180.0,72.511342,N-summer,0.5,train
sample_07873.jpg,SRC_020,35.0,180.0,42.075965,N-summer,0.25,calibration
sample_07874.jpg,SRC_148,-15.0,180.0,49.227137,N-autumn,0.25,train
sample_07875.jpg,SRC_140,35.0,180.0,44.85556,N-spring,0.25,train
sample_07876.jpg,SRC_126,-20.0,180.0,68.779144,N-summer,0.5,train
sample_07877.jpg,SRC_009,-25.0,180.0,73.827745,N-spring,0.5,train
sample_07878.jpg,SRC_084,-10.0,180.0,58.957849,N-summer,0.25,train
sample_07879.jpg,SRC_114,-10.0,180.0,58.176498,N-autumn,0.5,train
sample_07880.jpg,SRC_140,35.0,180.0,44.85556,N-spring,0.25,train
sample_07881.jpg,SRC_021,-90.0,0.0,68.040851,N-autumn,0.5,train
sample_07882.jpg,SRC_133,-10.0,180.0,48.887369,N-spring,0.5,train
sample_07883.jpg,SRC_020,35.0,180.0,42.075965,N-summer,0.25,calibration
sample_07884.jpg,SRC_085,0.0,180.0,39.187341,N-spring,0.25,train
sample_07885.jpg,SRC_039,90.0,0.0,70.63275,N-summer,0.5,calibration
sample_07886.jpg,SRC_164,20.0,180.0,59.226879,N-autumn,0.25,train
sample_07887.jpg,SRC_113,-35.0,180.0,36.668707,N-winter,0.25,train
sample_07888.jpg,SRC_102,-10.0,180.0,52.255853,N-spring,0.25,train
sample_07889.jpg,SRC_089,10.0,180.0,48.442522,N-winter,0.25,calibration
sample_07890.jpg,SRC_158,-5.0,180.0,35.954137,N-winter,0.25,train
sample_07891.jpg,SRC_061,50.0,180.0,43.110277,N-spring,0.5,train
sample_07892.jpg,SRC_121,25.0,180.0,67.446292,N-autumn,0.5,train
sample_07893.jpg,SRC_046,0.0,180.0,58.061031,N-autumn,0.25,calibration
sample_07894.jpg,SRC_065,30.0,180.0,68.700871,N-winter,0.5,train
sample_07895.jpg,SRC_094,20.0,180.0,66.934532,N-autumn,0.25,train
sample_07896.jpg,SRC_157,40.0,180.0,44.22455,N-summer,0.25,calibration
sample_07897.jpg,SRC_164,20.0,180.0,59.226879,N-autumn,0.25,train
sample_07898.jpg,SRC_004,30.0,180.0,61.107468,N-autumn,0.5,train
sample_07899.jpg,SRC_128,90.0,0.0,56.634817,N-spring,0.5,train
sample_07900.jpg,SRC_002,40.0,180.0,45.868768,N-summer,0.25,train
sample_07901.jpg,SRC_048,-25.0,180.0,61.920556,N-autumn,0.25,calibration
sample_07902.jpg,SRC_121,25.0,180.0,67.446292,N-autumn,0.5,train
sample_07903.jpg,SRC_052,5.0,180.0,51.705435,N-summer,0.25,train
sample_07904.jpg,SRC_002,40.0,180.0,45.868768,N-summer,0.25,train
sample_07905.jpg,SRC_124,0.0,180.0,51.928413,N-summer,0.25,train
sample_07906.jpg,SRC_009,-25.0,180.0,73.827745,N-spring,0.5,train
sample_07907.jpg,SRC_037,15.0,180.0,44.468297,N-spring,0.25,train
sample_07908.jpg,SRC_158,-5.0,180.0,35.954137,N-winter,0.25,train
sample_07909.jpg,SRC_008,25.0,180.0,61.005891,N-autumn,0.25,validation
sample_07910.jpg,SRC_076,25.0,180.0,63.632584,N-autumn,0.25,train
sample_07911.jpg,SRC_134,-30.0,180.0,69.607895,N-spring,0.5,train
sample_07912.jpg,SRC_126,-20.0,180.0,68.779144,N-summer,0.5,train
sample_07913.jpg,SRC_004,30.0,180.0,61.107468,N-autumn,0.5,train
sample_07914.jpg,SRC_127,-35.0,180.0,47.507974,N-autumn,0.5,validation
sample_07915.jpg,SRC_055,-5.0,180.0,57.335076,N-spring,0.25,train
sample_07916.jpg,SRC_030,-25.0,180.0,67.936804,N-spring,0.5,train
sample_07917.jpg,SRC_135,5.0,180.0,41.328761,N-winter,0.5,train
sample_07918.jpg,SRC_018,-90.0,0.0,67.882485,N-winter,0.25,train
sample_07919.jpg,SRC_168,90.0,0.0,64.709631,N-summer,0.25,validation
sample_07920.jpg,SRC_150,10.0,180.0,50.798821,N-summer,0.5,train
sample_07921.jpg,SRC_043,10.0,180.0,50.433279,N-summer,0.5,train
sample_07922.jpg,SRC_099,15.0,180.0,42.024472,N-spring,0.5,train
sample_07923.jpg,SRC_106,25.0,180.0,40.638999,N-spring,0.5,validation
sample_07924.jpg,SRC_092,5.0,180.0,57.429528,N-autumn,0.25,train
sample_07925.jpg,SRC_091,-40.0,180.0,72.511342,N-summer,0.5,train
sample_07926.jpg,SRC_127,-35.0,180.0,47.507974,N-autumn,0.5,validation
sample_07927.jpg,SRC_009,-25.0,180.0,73.827745,N-spring,0.5,train
sample_07928.jpg,SRC_021,-90.0,0.0,68.040851,N-autumn,0.5,train
sample_07929.jpg,SRC_041,15.0,180.0,46.712049,N-summer,0.25,validation
sample_07930.jpg,SRC_059,15.0,180.0,48.046698,N-summer,0.25,train
sample_07931.jpg,SRC_097,0.0,180.0,35.318175,N-winter,0.25,train
sample_07932.jpg,SRC_050,0.0,180.0,53.680047,N-summer,0.25,calibration
sample_07933.jpg,SRC_133,-10.0,180.0,48.887369,N-spring,0.5,train
sample_07934.jpg,SRC_168,90.0,0.0,64.709631,N-summer,0.25,validation
sample_07935.jpg,SRC_121,25.0,180.0,67.446292,N-autumn,0.5,train
sample_07936.jpg,SRC_170,-20.0,180.0,56.332579,N-autumn,0.25,validation
sample_07937.jpg,SRC_093,-25.0,180.0,43.343655,N-autumn,0.5,calibration
sample_07938.jpg,SRC_073,45.0,180.0,41.537171,N-spring,0.25,train
sample_07939.jpg,SRC_076,25.0,180.0,63.632584,N-autumn,0.25,train
sample_07940.jpg,SRC_124,0.0,180.0,51.928413,N-summer,0.25,train
sample_07941.jpg,SRC_014,-40.0,180.0,38.480327,N-winter,0.25,train
sample_07942.jpg,SRC_126,-20.0,180.0,68.779144,N-summer,0.5,train
sample_07943.jpg,SRC_004,30.0,180.0,61.107468,N-autumn,0.5,train
sample_07944.jpg,SRC_168,90.0,0.0,64.709631,N-summer,0.25,validation
sample_07945.jpg,SRC_078,15.0,180.0,40.437008,N-spring,0.25,train
sample_07946.jpg,SRC_040,90.0,0.0,57.651744,N-spring,0.5,train
sample_07947.jpg,SRC_040,90.0,0.0,57.651744,N-spring,0.5,train
sample_07948.jpg,SRC_108,-40.0,180.0,68.856247,N-summer,0.5,calibration
sample_07949.jpg,SRC_082,-10.0,180.0,60.444036,N-spring,0.25,calibration
sample_07950.jpg,SRC_076,25.0,180.0,63.632584,N-autumn,0.25,train
sample_07951.jpg,SRC_004,30.0,180.0,61.107468,N-autumn,0.5,train
sample_07952.jpg,SRC_142,-30.0,180.0,34.276784,N-winter,0.25,train
sample_07953.jpg,SRC_112,-30.0,180.0,67.516648,N-spring,0.5,train
sample_07954.jpg,SRC_115,25.0,180.0,41.8845,N-spring,0.25,train
sample_07955.jpg,SRC_157,40.0,180.0,44.22455,N-summer,0.25,calibration
sample_07956.jpg,SRC_042,10.0,180.0,36.92431,N-spring,0.5,calibration
sample_07957.jpg,SRC_084,-10.0,180.0,58.957849,N-summer,0.25,train
sample_07958.jpg,SRC_145,-5.0,180.0,52.15166,N-spring,0.25,train
sample_07959.jpg,SRC_131,10.0,180.0,60.540464,N-autumn,0.5,train
sample_07960.jpg,SRC_048,-25.0,180.0,61.920556,N-autumn,0.25,calibration
sample_07961.jpg,SRC_001,-5.0,180.0,51.987197,N-spring,0.5,train
sample_07962.jpg,SRC_095,-20.0,180.0,56.495654,N-spring,0.5,validation
sample_07963.jpg,SRC_145,-5.0,180.0,52.15166,N-spring,0.25,train
sample_07964.jpg,SRC_095,-20.0,180.0,56.495654,N-spring,0.5,validation
sample_07965.jpg,SRC_084,-10.0,180.0,58.957849,N-summer,0.25,train
sample_07966.jpg,SRC_112,-30.0,180.0,67.516648,N-spring,0.5,train
sample_07967.jpg,SRC_059,15.0,180.0,48.046698,N-summer,0.25,train
sample_07968.jpg,SRC_126,-20.0,180.0,68.779144,N-summer,0.5,train
sample_07969.jpg,SRC_159,20.0,180.0,67.076816,N-autumn,0.25,train
sample_07970.jpg,SRC_068,0.0,180.0,56.216196,N-summer,0.25,train
sample_07971.jpg,SRC_078,15.0,180.0,40.437008,N-spring,0.25,train
sample_07972.jpg,SRC_099,15.0,180.0,42.024472,N-spring,0.5,train
sample_07973.jpg,SRC_144,-35.0,180.0,76.731052,N-spring,0.5,train
sample_07974.jpg,SRC_114,-10.0,180.0,58.176498,N-autumn,0.5,train
sample_07975.jpg,SRC_124,0.0,180.0,51.928413,N-summer,0.25,train
sample_07976.jpg,SRC_014,-40.0,180.0,38.480327,N-winter,0.25,train
sample_07977.jpg,SRC_015,20.0,180.0,46.484204,N-summer,0.25,train
sample_07978.jpg,SRC_146,10.0,180.0,58.0428,N-summer,0.5,train
sample_07979.jpg,SRC_035,0.0,180.0,56.990187,N-autumn,0.25,train
sample_07980.jpg,SRC_021,-90.0,0.0,68.040851,N-autumn,0.5,train
sample_07981.jpg,SRC_063,25.0,180.0,41.329237,N-spring,0.25,train
sample_07982.jpg,SRC_076,25.0,180.0,63.632584,N-autumn,0.25,train
sample_07983.jpg,SRC_141,-10.0,180.0,55.206291,N-spring,0.25,train
sample_07984.jpg,SRC_104,25.0,180.0,45.102036,N-summer,0.5,validation
sample_07985.jpg,SRC_133,-10.0,180.0,48.887369,N-spring,0.5,train
sample_07986.jpg,SRC_052,5.0,180.0,51.705435,N-summer,0.25,train
sample_07987.jpg,SRC_009,-25.0,180.0,73.827745,N-spring,0.5,train
sample_07988.jpg,SRC_121,25.0,180.0,67.446292,N-autumn,0.5,train
sample_07989.jpg,SRC_104,25.0,180.0,45.102036,N-summer,0.5,validation
sample_07990.jpg,SRC_008,25.0,180.0,61.005891,N-autumn,0.25,validation
sample_07991.jpg,SRC_035,0.0,180.0,56.990187,N-autumn,0.25,train
sample_07992.jpg,SRC_051,20.0,180.0,63.609319,N-autumn,0.5,train
sample_07993.jpg,SRC_146,10.0,180.0,58.0428,N-summer,0.5,train
sample_07994.jpg,SRC_003,0.0,180.0,38.090051,N-spring,0.25,validation
sample_07995.jpg,SRC_037,15.0,180.0,44.468297,N-spring,0.25,train
sample_07996.jpg,SRC_047,0.0,180.0,48.028677,N-spring,0.5,validation
sample_07997.jpg,SRC_082,-10.0,180.0,60.444036,N-spring,0.25,calibration
sample_07998.jpg,SRC_009,-25.0,180.0,73.827745,N-spring,0.5,train
sample_07999.jpg,SRC_145,-5.0,180.0,52.15166,N-spring,0.25,train
sample_08000.jpg,SRC_078,15.0,180.0,40.437008,N-spring,0.25,train
sample_08001.jpg,SRC_139,40.0,180.0,53.533251,N-winter,0.25,train
sample_08002.jpg,SRC_097,0.0,180.0,35.318175,N-winter,0.25,train
sample_08003.jpg,SRC_157,40.0,180.0,44.22455,N-summer,0.25,calibration
sample_08004.jpg,SRC_049,5.0,180.0,42.94902,N-spring,0.25,train
sample_08005.jpg,SRC_067,-15.0,180.0,64.724247,N-spring,0.5,calibration
sample_08006.jpg,SRC_037,15.0,180.0,44.468297,N-spring,0.25,train
sample_08007.jpg,SRC_144,-35.0,180.0,76.731052,N-spring,0.5,train
sample_08008.jpg,SRC_076,25.0,180.0,63.632584,N-autumn,0.25,train
sample_08009.jpg,SRC_041,15.0,180.0,46.712049,N-summer,0.25,validation
sample_08010.jpg,SRC_108,-40.0,180.0,68.856247,N-summer,0.5,calibration
sample_08011.jpg,SRC_041,15.0,180.0,46.712049,N-summer,0.25,validation
sample_08012.jpg,SRC_168,90.0,0.0,64.709631,N-summer,0.25,validation
sample_08013.jpg,SRC_133,-10.0,180.0,48.887369,N-spring,0.5,train
sample_08014.jpg,SRC_052,5.0,180.0,51.705435,N-summer,0.25,train
sample_08015.jpg,SRC_106,25.0,180.0,40.638999,N-spring,0.5,validation
sample_08016.jpg,SRC_013,50.0,180.0,54.051464,N-spring,0.5,train
sample_08017.jpg,SRC_071,20.0,180.0,40.070501,N-spring,0.25,train
sample_08018.jpg,SRC_009,-25.0,180.0,73.827745,N-spring,0.5,train
sample_08019.jpg,SRC_027,35.0,180.0,41.369436,N-spring,0.5,train
sample_08020.jpg,SRC_042,10.0,180.0,36.92431,N-spring,0.5,calibration
sample_08021.jpg,SRC_009,-25.0,180.0,73.827745,N-spring,0.5,train
sample_08022.jpg,SRC_169,40.0,180.0,48.615664,N-summer,0.25,train
sample_08023.jpg,SRC_113,-35.0,180.0,36.668707,N-winter,0.25,train
sample_08024.jpg,SRC_157,40.0,180.0,44.22455,N-summer,0.25,calibration
sample_08025.jpg,SRC_082,-10.0,180.0,60.444036,N-spring,0.25,calibration
sample_08026.jpg,SRC_055,-5.0,180.0,57.335076,N-spring,0.25,train
sample_08027.jpg,SRC_126,-20.0,180.0,68.779144,N-summer,0.5,train
sample_08028.jpg,SRC_030,-25.0,180.0,67.936804,N-spring,0.5,train
sample_08029.jpg,SRC_046,0.0,180.0,58.061031,N-autumn,0.25,calibration
sample_08030.jpg,SRC_069,25.0,180.0,48.120522,N-summer,0.5,train
sample_08031.jpg,SRC_099,15.0,180.0,42.024472,N-spring,0.5,train
sample_08032.jpg,SRC_006,-15.0,180.0,65.638079,N-spring,0.5,train
sample_08033.jpg,SRC_114,-10.0,180.0,58.176498,N-autumn,0.5,train
sample_08034.jpg,SRC_111,-35.0,180.0,79.069883,N-spring,1.0,train
sample_08035.jpg,SRC_161,5.0,180.0,52.294471,N-summer,0.25,train
sample_08036.jpg,SRC_121,25.0,180.0,67.446292,N-autumn,0.5,train
sample_08037.jpg,SRC_051,20.0,180.0,63.609319,N-autumn,0.5,train
sample_08038.jpg,SRC_082,-10.0,180.0,60.444036,N-spring,0.25,calibration
sample_08039.jpg,SRC_030,-25.0,180.0,67.936804,N-spring,0.5,train
sample_08040.jpg,SRC_150,10.0,180.0,50.798821,N-summer,0.5,train
sample_08041.jpg,SRC_126,-20.0,180.0,68.779144,N-summer,0.5,train
sample_08042.jpg,SRC_152,30.0,180.0,40.69576,N-spring,0.25,validation
sample_08043.jpg,SRC_099,15.0,180.0,42.024472,N-spring,0.5,train
sample_08044.jpg,SRC_154,0.0,180.0,54.770875,N-summer,0.5,train
sample_08045.jpg,SRC_036,5.0,180.0,52.749586,N-summer,0.25,train
sample_08046.jpg,SRC_153,-40.0,180.0,43.960452,N-autumn,0.25,train
sample_08047.jpg,SRC_124,0.0,180.0,51.928413,N-summer,0.25,train
sample_08048.jpg,SRC_157,40.0,180.0,44.22455,N-summer,0.25,calibration
sample_08049.jpg,SRC_026,90.0,0.0,57.238404,N-spring,0.25,calibration
sample_08050.jpg,SRC_151,-15.0,180.0,63.408071,N-summer,0.5,validation
sample_08051.jpg,SRC_116,5.0,180.0,41.203028,N-spring,0.25,calibration
sample_08052.jpg,SRC_095,-20.0,180.0,56.495654,N-spring,0.5,validation
sample_08053.jpg,SRC_095,-20.0,180.0,56.495654,N-spring,0.5,validation
sample_08054.jpg,SRC_095,-20.0,180.0,56.495654,N-spring,0.5,validation
sample_08055.jpg,SRC_004,30.0,180.0,61.107468,N-autumn,0.5,train
sample_08056.jpg,SRC_131,10.0,180.0,60.540464,N-autumn,0.5,train
sample_08057.jpg,SRC_058,30.0,180.0,69.060883,N-autumn,0.5,train
sample_08058.jpg,SRC_062,45.0,180.0,81.508965,N-autumn,0.5,train
sample_08059.jpg,SRC_140,35.0,180.0,44.85556,N-spring,0.25,train
sample_08060.jpg,SRC_006,-15.0,180.0,65.638079,N-spring,0.5,train
sample_08061.jpg,SRC_103,-35.0,180.0,57.090396,N-autumn,0.25,train
sample_08062.jpg,SRC_005,0.0,180.0,55.846781,N-summer,0.5,validation
sample_08063.jpg,SRC_142,-30.0,180.0,34.276784,N-winter,0.25,train
sample_08064.jpg,SRC_112,-30.0,180.0,67.516648,N-spring,0.5,train
sample_08065.jpg,SRC_111,-35.0,180.0,79.069883,N-spring,1.0,train
sample_08066.jpg,SRC_144,-35.0,180.0,76.731052,N-spring,0.5,train
sample_08067.jpg,SRC_063,25.0,180.0,41.329237,N-spring,0.25,train
sample_08068.jpg,SRC_127,-35.0,180.0,47.507974,N-autumn,0.5,validation
sample_08069.jpg,SRC_013,50.0,180.0,54.051464,N-spring,0.5,train
sample_08070.jpg,SRC_071,20.0,180.0,40.070501,N-spring,0.25,train
sample_08071.jpg,SRC_100,20.0,180.0,41.506528,N-spring,0.25,train
sample_08072.jpg,SRC_014,-40.0,180.0,38.480327,N-winter,0.25,train
sample_08073.jpg,SRC_103,-35.0,180.0,57.090396,N-autumn,0.25,train
sample_08074.jpg,SRC_089,10.0,180.0,48.442522,N-winter,0.25,calibration
sample_08075.jpg,SRC_069,25.0,180.0,48.120522,N-summer,0.5,train
sample_08076.jpg,SRC_169,40.0,180.0,48.615664,N-summer,0.25,train
sample_08077.jpg,SRC_027,35.0,180.0,41.369436,N-spring,0.5,train
sample_08078.jpg,SRC_150,10.0,180.0,50.798821,N-summer,0.5,train
sample_08079.jpg,SRC_030,-25.0,180.0,67.936804,N-spring,0.5,train
sample_08080.jpg,SRC_072,15.0,180.0,46.966801,N-winter,0.25,train
sample_08081.jpg,SRC_104,25.0,180.0,45.102036,N-summer,0.5,validation
sample_08082.jpg,SRC_091,-40.0,180.0,72.511342,N-summer,0.5,train
sample_08083.jpg,SRC_157,40.0,180.0,44.22455,N-summer,0.25,calibration
sample_08084.jpg,SRC_158,-5.0,180.0,35.954137,N-winter,0.25,train
sample_08085.jpg,SRC_134,-30.0,180.0,69.607895,N-spring,0.5,train
sample_08086.jpg,SRC_083,0.0,180.0,55.378885,N-spring,0.25,calibration
sample_08087.jpg,SRC_055,-5.0,180.0,57.335076,N-spring,0.25,train
sample_08088.jpg,SRC_027,35.0,180.0,41.369436,N-spring,0.5,train
sample_08089.jpg,SRC_042,10.0,180.0,36.92431,N-spring,0.5,calibration
sample_08090.jpg,SRC_045,-90.0,0.0,70.559818,N-autumn,0.25,train
sample_08091.jpg,SRC_070,60.0,180.0,58.788969,N-summer,0.5,train
sample_08092.jpg,SRC_115,25.0,180.0,41.8845,N-spring,0.25,train
sample_08093.jpg,SRC_169,40.0,180.0,48.615664,N-summer,0.25,train
sample_08094.jpg,SRC_168,90.0,0.0,64.709631,N-summer,0.25,validation
sample_08095.jpg,SRC_009,-25.0,180.0,73.827745,N-spring,0.5,train
sample_08096.jpg,SRC_119,90.0,0.0,58.642683,N-spring,0.25,calibration
sample_08097.jpg,SRC_104,25.0,180.0,45.102036,N-summer,0.5,validation
sample_08098.jpg,SRC_038,-15.0,180.0,32.097448,N-winter,0.25,train
sample_08099.jpg,SRC_111,-35.0,180.0,79.069883,N-spring,1.0,train
sample_08100.jpg,SRC_009,-25.0,180.0,73.827745,N-spring,0.5,train
sample_08101.jpg,SRC_063,25.0,180.0,41.329237,N-spring,0.25,train
sample_08102.jpg,SRC_112,-30.0,180.0,67.516648,N-spring,0.5,train
sample_08103.jpg,SRC_106,25.0,180.0,40.638999,N-spring,0.5,validation
sample_08104.jpg,SRC_154,0.0,180.0,54.770875,N-summer,0.5,train
sample_08105.jpg,SRC_013,50.0,180.0,54.051464,N-spring,0.5,train
sample_08106.jpg,SRC_037,15.0,180.0,44.468297,N-spring,0.25,train
sample_08107.jpg,SRC_024,10.0,180.0,53.725813,N-summer,0.25,calibration
sample_08108.jpg,SRC_085,0.0,180.0,39.187341,N-spring,0.25,train
sample_08109.jpg,SRC_106,25.0,180.0,40.638999,N-spring,0.5,validation
sample_08110.jpg,SRC_106,25.0,180.0,40.638999,N-spring,0.5,validation
sample_08111.jpg,SRC_036,5.0,180.0,52.749586,N-summer,0.25,train
sample_08112.jpg,SRC_140,35.0,180.0,44.85556,N-spring,0.25,train
sample_08113.jpg,SRC_140,35.0,180.0,44.85556,N-spring,0.25,train
sample_08114.jpg,SRC_099,15.0,180.0,42.024472,N-spring,0.5,train
sample_08115.jpg,SRC_148,-15.0,180.0,49.227137,N-autumn,0.25,train
sample_08116.jpg,SRC_055,-5.0,180.0,57.335076,N-spring,0.25,train
sample_08117.jpg,SRC_041,15.0,180.0,46.712049,N-summer,0.25,validation
sample_08118.jpg,SRC_171,-35.0,180.0,63.65778,N-spring,0.25,train
sample_08119.jpg,SRC_021,-90.0,0.0,68.040851,N-autumn,0.5,train
sample_08120.jpg,SRC_086,15.0,180.0,43.648742,N-summer,0.5,validation
sample_08121.jpg,SRC_136,-35.0,180.0,76.922409,N-spring,0.5,train
sample_08122.jpg,SRC_051,20.0,180.0,63.609319,N-autumn,0.5,train
sample_08123.jpg,SRC_009,-25.0,180.0,73.827745,N-spring,0.5,train
sample_08124.jpg,SRC_052,5.0,180.0,51.705435,N-summer,0.25,train
sample_08125.jpg,SRC_115,25.0,180.0,41.8845,N-spring,0.25,train
sample_08126.jpg,SRC_107,20.0,180.0,65.68027,N-autumn,0.5,train
sample_08127.jpg,SRC_095,-20.0,180.0,56.495654,N-spring,0.5,validation
sample_08128.jpg,SRC_066,-10.0,180.0,61.81065,N-summer,0.5,calibration
sample_08129.jpg,SRC_014,-40.0,180.0,38.480327,N-winter,0.25,train
sample_08130.jpg,SRC_124,0.0,180.0,51.928413,N-summer,0.25,train
sample_08131.jpg,SRC_157,40.0,180.0,44.22455,N-summer,0.25,calibration
sample_08132.jpg,SRC_042,10.0,180.0,36.92431,N-spring,0.5,calibration
sample_08133.jpg,SRC_142,-30.0,180.0,34.276784,N-winter,0.25,train
sample_08134.jpg,SRC_171,-35.0,180.0,63.65778,N-spring,0.25,train
sample_08135.jpg,SRC_027,35.0,180.0,41.369436,N-spring,0.5,train
sample_08136.jpg,SRC_171,-35.0,180.0,63.65778,N-spring,0.25,train
sample_08137.jpg,SRC_092,5.0,180.0,57.429528,N-autumn,0.25,train
sample_08138.jpg,SRC_028,10.0,180.0,42.894848,N-spring,0.25,calibration
sample_08139.jpg,SRC_015,20.0,180.0,46.484204,N-summer,0.25,train
sample_08140.jpg,SRC_107,20.0,180.0,65.68027,N-autumn,0.5,train
sample_08141.jpg,SRC_056,-40.0,180.0,74.660587,N-summer,0.5,train
sample_08142.jpg,SRC_066,-10.0,180.0,61.81065,N-summer,0.5,calibration
sample_08143.jpg,SRC_047,0.0,180.0,48.028677,N-spring,0.5,validation
sample_08144.jpg,SRC_151,-15.0,180.0,63.408071,N-summer,0.5,validation
sample_08145.jpg,SRC_042,10.0,180.0,36.92431,N-spring,0.5,calibration
sample_08146.jpg,SRC_092,5.0,180.0,57.429528,N-autumn,0.25,train
sample_08147.jpg,SRC_027,35.0,180.0,41.369436,N-spring,0.5,train
sample_08148.jpg,SRC_091,-40.0,180.0,72.511342,N-summer,0.5,train
sample_08149.jpg,SRC_067,-15.0,180.0,64.724247,N-spring,0.5,calibration
sample_08150.jpg,SRC_004,30.0,180.0,61.107468,N-autumn,0.5,train
sample_08151.jpg,SRC_133,-10.0,180.0,48.887369,N-spring,0.5,train
sample_08152.jpg,SRC_131,10.0,180.0,60.540464,N-autumn,0.5,train
sample_08153.jpg,SRC_103,-35.0,180.0,57.090396,N-autumn,0.25,train
sample_08154.jpg,SRC_107,20.0,180.0,65.68027,N-autumn,0.5,train
sample_08155.jpg,SRC_013,50.0,180.0,54.051464,N-spring,0.5,train
sample_08156.jpg,SRC_106,25.0,180.0,40.638999,N-spring,0.5,validation
sample_08157.jpg,SRC_094,20.0,180.0,66.934532,N-autumn,0.25,train
sample_08158.jpg,SRC_030,-25.0,180.0,67.936804,N-spring,0.5,train
sample_08159.jpg,SRC_088,0.0,180.0,53.004483,N-summer,0.25,train
sample_08160.jpg,SRC_084,-10.0,180.0,58.957849,N-summer,0.25,train
sample_08161.jpg,SRC_027,35.0,180.0,41.369436,N-spring,0.5,train
sample_08162.jpg,SRC_146,10.0,180.0,58.0428,N-summer,0.5,train
sample_08163.jpg,SRC_040,90.0,0.0,57.651744,N-spring,0.5,train
sample_08164.jpg,SRC_146,10.0,180.0,58.0428,N-summer,0.5,train
sample_08165.jpg,SRC_009,-25.0,180.0,73.827745,N-spring,0.5,train
sample_08166.jpg,SRC_011,-20.0,180.0,70.371153,N-summer,0.25,train
sample_08167.jpg,SRC_021,-90.0,0.0,68.040851,N-autumn,0.5,train
sample_08168.jpg,SRC_041,15.0,180.0,46.712049,N-summer,0.25,validation
sample_08169.jpg,SRC_007,20.0,180.0,49.485932,N-winter,0.25,validation
sample_08170.jpg,SRC_008,25.0,180.0,61.005891,N-autumn,0.25,validation
sample_08171.jpg,SRC_092,5.0,180.0,57.429528,N-autumn,0.25,train
sample_08172.jpg,SRC_124,0.0,180.0,51.928413,N-summer,0.25,train
sample_08173.jpg,SRC_133,-10.0,180.0,48.887369,N-spring,0.5,train
sample_08174.jpg,SRC_009,-25.0,180.0,73.827745,N-spring,0.5,train
sample_08175.jpg,SRC_073,45.0,180.0,41.537171,N-spring,0.25,train
sample_08176.jpg,SRC_104,25.0,180.0,45.102036,N-summer,0.5,validation
sample_08177.jpg,SRC_158,-5.0,180.0,35.954137,N-winter,0.25,train
sample_08178.jpg,SRC_009,-25.0,180.0,73.827745,N-spring,0.5,train
sample_08179.jpg,SRC_009,-25.0,180.0,73.827745,N-spring,0.5,train
sample_08180.jpg,SRC_121,25.0,180.0,67.446292,N-autumn,0.5,train
sample_08181.jpg,SRC_168,90.0,0.0,64.709631,N-summer,0.25,validation
sample_08182.jpg,SRC_084,-10.0,180.0,58.957849,N-summer,0.25,train
sample_08183.jpg,SRC_074,0.0,180.0,50.25459,N-spring,0.5,train
sample_08184.jpg,SRC_126,-20.0,180.0,68.779144,N-summer,0.5,train
sample_08185.jpg,SRC_164,20.0,180.0,59.226879,N-autumn,0.25,train
sample_08186.jpg,SRC_047,0.0,180.0,48.028677,N-spring,0.5,validation
sample_08187.jpg,SRC_103,-35.0,180.0,57.090396,N-autumn,0.25,train
sample_08188.jpg,SRC_021,-90.0,0.0,68.040851,N-autumn,0.5,train
sample_08189.jpg,SRC_065,30.0,180.0,68.700871,N-winter,0.5,train
sample_08190.jpg,SRC_065,30.0,180.0,68.700871,N-winter,0.5,train
sample_08191.jpg,SRC_038,-15.0,180.0,32.097448,N-winter,0.25,train
sample_08192.jpg,SRC_092,5.0,180.0,57.429528,N-autumn,0.25,train
sample_08193.jpg,SRC_021,-90.0,0.0,68.040851,N-autumn,0.5,train
sample_08194.jpg,SRC_102,-10.0,180.0,52.255853,N-spring,0.25,train
sample_08195.jpg,SRC_108,-40.0,180.0,68.856247,N-summer,0.5,calibration
sample_08196.jpg,SRC_139,40.0,180.0,53.533251,N-winter,0.25,train
sample_08197.jpg,SRC_146,10.0,180.0,58.0428,N-summer,0.5,train
sample_08198.jpg,SRC_143,90.0,0.0,68.916652,N-spring,0.5,train
sample_08199.jpg,SRC_030,-25.0,180.0,67.936804,N-spring,0.5,train
sample_08200.jpg,SRC_140,35.0,180.0,44.85556,N-spring,0.25,train
sample_08201.jpg,SRC_115,25.0,180.0,41.8845,N-spring,0.25,train
sample_08202.jpg,SRC_156,10.0,180.0,48.737382,N-summer,0.25,validation
sample_08203.jpg,SRC_159,20.0,180.0,67.076816,N-autumn,0.25,train
sample_08204.jpg,SRC_047,0.0,180.0,48.028677,N-spring,0.5,validation
sample_08205.jpg,SRC_047,0.0,180.0,48.028677,N-spring,0.5,validation
sample_08206.jpg,SRC_087,0.0,180.0,54.65824,N-summer,0.25,calibration
sample_08207.jpg,SRC_130,25.0,180.0,37.507656,N-spring,0.25,train
sample_08208.jpg,SRC_059,15.0,180.0,48.046698,N-summer,0.25,train
sample_08209.jpg,SRC_106,25.0,180.0,40.638999,N-spring,0.5,validation
sample_08210.jpg,SRC_136,-35.0,180.0,76.922409,N-spring,0.5,train
sample_08211.jpg,SRC_062,45.0,180.0,81.508965,N-autumn,0.5,train
sample_08212.jpg,SRC_004,30.0,180.0,61.107468,N-autumn,0.5,train
sample_08213.jpg,SRC_148,-15.0,180.0,49.227137,N-autumn,0.25,train
sample_08214.jpg,SRC_109,50.0,180.0,54.137665,N-summer,0.25,validation
sample_08215.jpg,SRC_126,-20.0,180.0,68.779144,N-summer,0.5,train
sample_08216.jpg,SRC_091,-40.0,180.0,72.511342,N-summer,0.5,train
sample_08217.jpg,SRC_121,25.0,180.0,67.446292,N-autumn,0.5,train
sample_08218.jpg,SRC_009,-25.0,180.0,73.827745,N-spring,0.5,train
sample_08219.jpg,SRC_151,-15.0,180.0,63.408071,N-summer,0.5,validation
sample_08220.jpg,SRC_018,-90.0,0.0,67.882485,N-winter,0.25,train
sample_08221.jpg,SRC_058,30.0,180.0,69.060883,N-autumn,0.5,train
sample_08222.jpg,SRC_069,25.0,180.0,48.120522,N-summer,0.5,train
sample_08223.jpg,SRC_134,-30.0,180.0,69.607895,N-spring,0.5,train
sample_08224.jpg,SRC_171,-35.0,180.0,63.65778,N-spring,0.25,train
sample_08225.jpg,SRC_030,-25.0,180.0,67.936804,N-spring,0.5,train
sample_08226.jpg,SRC_063,25.0,180.0,41.329237,N-spring,0.25,train
sample_08227.jpg,SRC_136,-35.0,180.0,76.922409,N-spring,0.5,train
sample_08228.jpg,SRC_009,-25.0,180.0,73.827745,N-spring,0.5,train
sample_08229.jpg,SRC_099,15.0,180.0,42.024472,N-spring,0.5,train
sample_08230.jpg,SRC_097,0.0,180.0,35.318175,N-winter,0.25,train
sample_08231.jpg,SRC_007,20.0,180.0,49.485932,N-winter,0.25,validation
sample_08232.jpg,SRC_116,5.0,180.0,41.203028,N-spring,0.25,calibration
sample_08233.jpg,SRC_063,25.0,180.0,41.329237,N-spring,0.25,train
sample_08234.jpg,SRC_094,20.0,180.0,66.934532,N-autumn,0.25,train
sample_08235.jpg,SRC_111,-35.0,180.0,79.069883,N-spring,1.0,train
sample_08236.jpg,SRC_115,25.0,180.0,41.8845,N-spring,0.25,train
sample_08237.jpg,SRC_006,-15.0,180.0,65.638079,N-spring,0.5,train
sample_08238.jpg,SRC_133,-10.0,180.0,48.887369,N-spring,0.5,train
sample_08239.jpg,SRC_051,20.0,180.0,63.609319,N-autumn,0.5,train
sample_08240.jpg,SRC_095,-20.0,180.0,56.495654,N-spring,0.5,validation
sample_08241.jpg,SRC_037,15.0,180.0,44.468297,N-spring,0.25,train
sample_08242.jpg,SRC_004,30.0,180.0,61.107468,N-autumn,0.5,train
sample_08243.jpg,SRC_006,-15.0,180.0,65.638079,N-spring,0.5,train
sample_08244.jpg,SRC_042,10.0,180.0,36.92431,N-spring,0.5,calibration
sample_08245.jpg,SRC_168,90.0,0.0,64.709631,N-summer,0.25,validation
sample_08246.jpg,SRC_091,-40.0,180.0,72.511342,N-summer,0.5,train
sample_08247.jpg,SRC_009,-25.0,180.0,73.827745,N-spring,0.5,train
sample_08248.jpg,SRC_013,50.0,180.0,54.051464,N-spring,0.5,train
sample_08249.jpg,SRC_027,35.0,180.0,41.369436,N-spring,0.5,train
sample_08250.jpg,SRC_001,-5.0,180.0,51.987197,N-spring,0.5,train
sample_08251.jpg,SRC_090,50.0,180.0,47.196626,N-summer,0.25,train
sample_08252.jpg,SRC_092,5.0,180.0,57.429528,N-autumn,0.25,train
sample_08253.jpg,SRC_011,-20.0,180.0,70.371153,N-summer,0.25,train
sample_08254.jpg,SRC_161,5.0,180.0,52.294471,N-summer,0.25,train
sample_08255.jpg,SRC_002,40.0,180.0,45.868768,N-summer,0.25,train
sample_08256.jpg,SRC_131,10.0,180.0,60.540464,N-autumn,0.5,train
sample_08257.jpg,SRC_111,-35.0,180.0,79.069883,N-spring,1.0,train
sample_08258.jpg,SRC_027,35.0,180.0,41.369436,N-spring,0.5,train
sample_08259.jpg,SRC_014,-40.0,180.0,38.480327,N-winter,0.25,train
sample_08260.jpg,SRC_027,35.0,180.0,41.369436,N-spring,0.5,train
sample_08261.jpg,SRC_036,5.0,180.0,52.749586,N-summer,0.25,train
sample_08262.jpg,SRC_148,-15.0,180.0,49.227137,N-autumn,0.25,train
sample_08263.jpg,SRC_068,0.0,180.0,56.216196,N-summer,0.25,train
sample_08264.jpg,SRC_098,-45.0,180.0,70.730178,N-summer,0.25,train
sample_08265.jpg,SRC_130,25.0,180.0,37.507656,N-spring,0.25,train
sample_08266.jpg,SRC_061,50.0,180.0,43.110277,N-spring,0.5,train
sample_08267.jpg,SRC_103,-35.0,180.0,57.090396,N-autumn,0.25,train
sample_08268.jpg,SRC_027,35.0,180.0,41.369436,N-spring,0.5,train
sample_08269.jpg,SRC_004,30.0,180.0,61.107468,N-autumn,0.5,train
sample_08270.jpg,SRC_106,25.0,180.0,40.638999,N-spring,0.5,validation
sample_08271.jpg,SRC_108,-40.0,180.0,68.856247,N-summer,0.5,calibration
sample_08272.jpg,SRC_009,-25.0,180.0,73.827745,N-spring,0.5,train
sample_08273.jpg,SRC_059,15.0,180.0,48.046698,N-summer,0.25,train
sample_08274.jpg,SRC_041,15.0,180.0,46.712049,N-summer,0.25,validation
sample_08275.jpg,SRC_103,-35.0,180.0,57.090396,N-autumn,0.25,train
sample_08276.jpg,SRC_108,-40.0,180.0,68.856247,N-summer,0.5,calibration
sample_08277.jpg,SRC_026,90.0,0.0,57.238404,N-spring,0.25,calibration
sample_08278.jpg,SRC_021,-90.0,0.0,68.040851,N-autumn,0.5,train
sample_08279.jpg,SRC_157,40.0,180.0,44.22455,N-summer,0.25,calibration
sample_08280.jpg,SRC_126,-20.0,180.0,68.779144,N-summer,0.5,train
sample_08281.jpg,SRC_156,10.0,180.0,48.737382,N-summer,0.25,validation
sample_08282.jpg,SRC_075,-90.0,0.0,65.329336,N-winter,0.25,train
sample_08283.jpg,SRC_013,50.0,180.0,54.051464,N-spring,0.5,train
sample_08284.jpg,SRC_101,5.0,180.0,48.479381,N-winter,0.25,validation
sample_08285.jpg,SRC_108,-40.0,180.0,68.856247,N-summer,0.5,calibration
sample_08286.jpg,SRC_051,20.0,180.0,63.609319,N-autumn,0.5,train
sample_08287.jpg,SRC_040,90.0,0.0,57.651744,N-spring,0.5,train
sample_08288.jpg,SRC_154,0.0,180.0,54.770875,N-summer,0.5,train
sample_08289.jpg,SRC_097,0.0,180.0,35.318175,N-winter,0.25,train
sample_08290.jpg,SRC_055,-5.0,180.0,57.335076,N-spring,0.25,train
sample_08291.jpg,SRC_114,-10.0,180.0,58.176498,N-autumn,0.5,train
sample_08292.jpg,SRC_158,-5.0,180.0,35.954137,N-winter,0.25,train
sample_08293.jpg,SRC_165,10.0,180.0,42.451267,N-winter,0.25,train
sample_08294.jpg,SRC_023,-10.0,180.0,50.837437,N-spring,0.25,train
sample_08295.jpg,SRC_047,0.0,180.0,48.028677,N-spring,0.5,validation
sample_08296.jpg,SRC_108,-40.0,180.0,68.856247,N-summer,0.5,calibration
sample_08297.jpg,SRC_078,15.0,180.0,40.437008,N-spring,0.25,train
sample_08298.jpg,SRC_004,30.0,180.0,61.107468,N-autumn,0.5,train
sample_08299.jpg,SRC_076,25.0,180.0,63.632584,N-autumn,0.25,train
sample_08300.jpg,SRC_080,-25.0,180.0,69.726065,N-summer,0.25,train
sample_08301.jpg,SRC_169,40.0,180.0,48.615664,N-summer,0.25,train
sample_08302.jpg,SRC_014,-40.0,180.0,38.480327,N-winter,0.25,train
sample_08303.jpg,SRC_143,90.0,0.0,68.916652,N-spring,0.5,train
sample_08304.jpg,SRC_134,-30.0,180.0,69.607895,N-spring,0.5,train
sample_08305.jpg,SRC_122,-5.0,180.0,57.310506,N-summer,0.25,train
sample_08306.jpg,SRC_050,0.0,180.0,53.680047,N-summer,0.25,calibration
sample_08307.jpg,SRC_013,50.0,180.0,54.051464,N-spring,0.5,train
sample_08308.jpg,SRC_144,-35.0,180.0,76.731052,N-spring,0.5,train
sample_08309.jpg,SRC_108,-40.0,180.0,68.856247,N-summer,0.5,calibration
sample_08310.jpg,SRC_006,-15.0,180.0,65.638079,N-spring,0.5,train
sample_08311.jpg,SRC_089,10.0,180.0,48.442522,N-winter,0.25,calibration
sample_08312.jpg,SRC_109,50.0,180.0,54.137665,N-summer,0.25,validation
sample_08313.jpg,SRC_111,-35.0,180.0,79.069883,N-spring,1.0,train
sample_08314.jpg,SRC_124,0.0,180.0,51.928413,N-summer,0.25,train
sample_08315.jpg,SRC_145,-5.0,180.0,52.15166,N-spring,0.25,train
sample_08316.jpg,SRC_171,-35.0,180.0,63.65778,N-spring,0.25,train
sample_08317.jpg,SRC_125,-5.0,180.0,52.428603,N-spring,0.25,train
sample_08318.jpg,SRC_126,-20.0,180.0,68.779144,N-summer,0.5,train
sample_08319.jpg,SRC_099,15.0,180.0,42.024472,N-spring,0.5,train
sample_08320.jpg,SRC_114,-10.0,180.0,58.176498,N-autumn,0.5,train
sample_08321.jpg,SRC_134,-30.0,180.0,69.607895,N-spring,0.5,train
sample_08322.jpg,SRC_069,25.0,180.0,48.120522,N-summer,0.5,train
sample_08323.jpg,SRC_080,-25.0,180.0,69.726065,N-summer,0.25,train
sample_08324.jpg,SRC_108,-40.0,180.0,68.856247,N-summer,0.5,calibration
sample_08325.jpg,SRC_034,40.0,180.0,46.055099,N-summer,0.25,validation
sample_08326.jpg,SRC_131,10.0,180.0,60.540464,N-autumn,0.5,train
sample_08327.jpg,SRC_081,-90.0,0.0,74.772433,N-autumn,0.25,calibration
sample_08328.jpg,SRC_103,-35.0,180.0,57.090396,N-autumn,0.25,train
sample_08329.jpg,SRC_106,25.0,180.0,40.638999,N-spring,0.5,validation
sample_08330.jpg,SRC_100,20.0,180.0,41.506528,N-spring,0.25,train
sample_08331.jpg,SRC_141,-10.0,180.0,55.206291,N-spring,0.25,train
sample_08332.jpg,SRC_121,25.0,180.0,67.446292,N-autumn,0.5,train
sample_08333.jpg,SRC_050,0.0,180.0,53.680047,N-summer,0.25,calibration
sample_08334.jpg,SRC_027,35.0,180.0,41.369436,N-spring,0.5,train
sample_08335.jpg,SRC_096,25.0,180.0,40.422288,N-spring,0.25,train
sample_08336.jpg,SRC_004,30.0,180.0,61.107468,N-autumn,0.5,train
sample_08337.jpg,SRC_070,60.0,180.0,58.788969,N-summer,0.5,train
sample_08338.jpg,SRC_134,-30.0,180.0,69.607895,N-spring,0.5,train
sample_08339.jpg,SRC_030,-25.0,180.0,67.936804,N-spring,0.5,train
sample_08340.jpg,SRC_118,35.0,180.0,49.493581,N-summer,0.25,train
sample_08341.jpg,SRC_084,-10.0,180.0,58.957849,N-summer,0.25,train
sample_08342.jpg,SRC_158,-5.0,180.0,35.954137,N-winter,0.25,train
sample_08343.jpg,SRC_133,-10.0,180.0,48.887369,N-spring,0.5,train
sample_08344.jpg,SRC_091,-40.0,180.0,72.511342,N-summer,0.5,train
sample_08345.jpg,SRC_009,-25.0,180.0,73.827745,N-spring,0.5,train
sample_08346.jpg,SRC_088,0.0,180.0,53.004483,N-summer,0.25,train
sample_08347.jpg,SRC_107,20.0,180.0,65.68027,N-autumn,0.5,train
sample_08348.jpg,SRC_153,-40.0,180.0,43.960452,N-autumn,0.25,train
sample_08349.jpg,SRC_026,90.0,0.0,57.238404,N-spring,0.25,calibration
sample_08350.jpg,SRC_004,30.0,180.0,61.107468,N-autumn,0.5,train
sample_08351.jpg,SRC_063,25.0,180.0,41.329237,N-spring,0.25,train
sample_08352.jpg,SRC_121,25.0,180.0,67.446292,N-autumn,0.5,train
sample_08353.jpg,SRC_042,10.0,180.0,36.92431,N-spring,0.5,calibration
sample_08354.jpg,SRC_121,25.0,180.0,67.446292,N-autumn,0.5,train
sample_08355.jpg,SRC_053,-90.0,0.0,74.406575,N-winter,0.5,train
sample_08356.jpg,SRC_129,20.0,180.0,41.057252,N-spring,0.25,validation
sample_08357.jpg,SRC_063,25.0,180.0,41.329237,N-spring,0.25,train
sample_08358.jpg,SRC_066,-10.0,180.0,61.81065,N-summer,0.5,calibration
sample_08359.jpg,SRC_170,-20.0,180.0,56.332579,N-autumn,0.25,validation
sample_08360.jpg,SRC_111,-35.0,180.0,79.069883,N-spring,1.0,train
sample_08361.jpg,SRC_141,-10.0,180.0,55.206291,N-spring,0.25,train
sample_08362.jpg,SRC_106,25.0,180.0,40.638999,N-spring,0.5,validation
sample_08363.jpg,SRC_059,15.0,180.0,48.046698,N-summer,0.25,train
sample_08364.jpg,SRC_063,25.0,180.0,41.329237,N-spring,0.25,train
sample_08365.jpg,SRC_027,35.0,180.0,41.369436,N-spring,0.5,train
sample_08366.jpg,SRC_013,50.0,180.0,54.051464,N-spring,0.5,train
sample_08367.jpg,SRC_073,45.0,180.0,41.537171,N-spring,0.25,train
sample_08368.jpg,SRC_082,-10.0,180.0,60.444036,N-spring,0.25,calibration
sample_08369.jpg,SRC_121,25.0,180.0,67.446292,N-autumn,0.5,train
sample_08370.jpg,SRC_066,-10.0,180.0,61.81065,N-summer,0.5,calibration
sample_08371.jpg,SRC_029,-5.0,180.0,45.485648,N-autumn,0.25,calibration
sample_08372.jpg,SRC_142,-30.0,180.0,34.276784,N-winter,0.25,train
sample_08373.jpg,SRC_076,25.0,180.0,63.632584,N-autumn,0.25,train
sample_08374.jpg,SRC_001,-5.0,180.0,51.987197,N-spring,0.5,train
sample_08375.jpg,SRC_097,0.0,180.0,35.318175,N-winter,0.25,train
sample_08376.jpg,SRC_009,-25.0,180.0,73.827745,N-spring,0.5,train
sample_08377.jpg,SRC_074,0.0,180.0,50.25459,N-spring,0.5,train
sample_08378.jpg,SRC_004,30.0,180.0,61.107468,N-autumn,0.5,train
sample_08379.jpg,SRC_091,-40.0,180.0,72.511342,N-summer,0.5,train
sample_08380.jpg,SRC_021,-90.0,0.0,68.040851,N-autumn,0.5,train
sample_08381.jpg,SRC_021,-90.0,0.0,68.040851,N-autumn,0.5,train
sample_08382.jpg,SRC_056,-40.0,180.0,74.660587,N-summer,0.5,train
sample_08383.jpg,SRC_096,25.0,180.0,40.422288,N-spring,0.25,train
sample_08384.jpg,SRC_087,0.0,180.0,54.65824,N-summer,0.25,calibration
sample_08385.jpg,SRC_028,10.0,180.0,42.894848,N-spring,0.25,calibration
sample_08386.jpg,SRC_127,-35.0,180.0,47.507974,N-autumn,0.5,validation
sample_08387.jpg,SRC_095,-20.0,180.0,56.495654,N-spring,0.5,validation
sample_08388.jpg,SRC_077,-5.0,180.0,34.299081,N-winter,0.25,train
sample_08389.jpg,SRC_048,-25.0,180.0,61.920556,N-autumn,0.25,calibration
sample_08390.jpg,SRC_111,-35.0,180.0,79.069883,N-spring,1.0,train
sample_08391.jpg,SRC_095,-20.0,180.0,56.495654,N-spring,0.5,validation
sample_08392.jpg,SRC_070,60.0,180.0,58.788969,N-summer,0.5,train
sample_08393.jpg,SRC_065,30.0,180.0,68.700871,N-winter,0.5,train
sample_08394.jpg,SRC_040,90.0,0.0,57.651744,N-spring,0.5,train
sample_08395.jpg,SRC_003,0.0,180.0,38.090051,N-spring,0.25,validation
sample_08396.jpg,SRC_006,-15.0,180.0,65.638079,N-spring,0.5,train
sample_08397.jpg,SRC_095,-20.0,180.0,56.495654,N-spring,0.5,validation
sample_08398.jpg,SRC_108,-40.0,180.0,68.856247,N-summer,0.5,calibration
sample_08399.jpg,SRC_089,10.0,180.0,48.442522,N-winter,0.25,calibration
sample_08400.jpg,SRC_121,25.0,180.0,67.446292,N-autumn,0.5,train
sample_08401.jpg,SRC_021,-90.0,0.0,68.040851,N-autumn,0.5,train
sample_08402.jpg,SRC_005,0.0,180.0,55.846781,N-summer,0.5,validation
sample_08403.jpg,SRC_030,-25.0,180.0,67.936804,N-spring,0.5,train
sample_08404.jpg,SRC_108,-40.0,180.0,68.856247,N-summer,0.5,calibration
sample_08405.jpg,SRC_103,-35.0,180.0,57.090396,N-autumn,0.25,train
sample_08406.jpg,SRC_030,-25.0,180.0,67.936804,N-spring,0.5,train
sample_08407.jpg,SRC_171,-35.0,180.0,63.65778,N-spring,0.25,train
sample_08408.jpg,SRC_146,10.0,180.0,58.0428,N-summer,0.5,train
sample_08409.jpg,SRC_148,-15.0,180.0,49.227137,N-autumn,0.25,train
sample_08410.jpg,SRC_153,-40.0,180.0,43.960452,N-autumn,0.25,train
sample_08411.jpg,SRC_021,-90.0,0.0,68.040851,N-autumn,0.5,train
sample_08412.jpg,SRC_056,-40.0,180.0,74.660587,N-summer,0.5,train
sample_08413.jpg,SRC_055,-5.0,180.0,57.335076,N-spring,0.25,train
sample_08414.jpg,SRC_085,0.0,180.0,39.187341,N-spring,0.25,train
sample_08415.jpg,SRC_108,-40.0,180.0,68.856247,N-summer,0.5,calibration
sample_08416.jpg,SRC_009,-25.0,180.0,73.827745,N-spring,0.5,train
sample_08417.jpg,SRC_152,30.0,180.0,40.69576,N-spring,0.25,validation
sample_08418.jpg,SRC_056,-40.0,180.0,74.660587,N-summer,0.5,train
sample_08419.jpg,SRC_006,-15.0,180.0,65.638079,N-spring,0.5,train
sample_08420.jpg,SRC_006,-15.0,180.0,65.638079,N-spring,0.5,train
sample_08421.jpg,SRC_145,-5.0,180.0,52.15166,N-spring,0.25,train
sample_08422.jpg,SRC_077,-5.0,180.0,34.299081,N-winter,0.25,train
sample_08423.jpg,SRC_038,-15.0,180.0,32.097448,N-winter,0.25,train
sample_08424.jpg,SRC_041,15.0,180.0,46.712049,N-summer,0.25,validation
sample_08425.jpg,SRC_092,5.0,180.0,57.429528,N-autumn,0.25,train
sample_08426.jpg,SRC_085,0.0,180.0,39.187341,N-spring,0.25,train
sample_08427.jpg,SRC_165,10.0,180.0,42.451267,N-winter,0.25,train
sample_08428.jpg,SRC_069,25.0,180.0,48.120522,N-summer,0.5,train
sample_08429.jpg,SRC_040,90.0,0.0,57.651744,N-spring,0.5,train
sample_08430.jpg,SRC_030,-25.0,180.0,67.936804,N-spring,0.5,train
sample_08431.jpg,SRC_119,90.0,0.0,58.642683,N-spring,0.25,calibration
sample_08432.jpg,SRC_063,25.0,180.0,41.329237,N-spring,0.25,train
sample_08433.jpg,SRC_066,-10.0,180.0,61.81065,N-summer,0.5,calibration
sample_08434.jpg,SRC_013,50.0,180.0,54.051464,N-spring,0.5,train
sample_08435.jpg,SRC_004,30.0,180.0,61.107468,N-autumn,0.5,train
sample_08436.jpg,SRC_140,35.0,180.0,44.85556,N-spring,0.25,train
sample_08437.jpg,SRC_048,-25.0,180.0,61.920556,N-autumn,0.25,calibration
sample_08438.jpg,SRC_042,10.0,180.0,36.92431,N-spring,0.5,calibration
sample_08439.jpg,SRC_121,25.0,180.0,67.446292,N-autumn,0.5,train
sample_08440.jpg,SRC_069,25.0,180.0,48.120522,N-summer,0.5,train
sample_08441.jpg,SRC_103,-35.0,180.0,57.090396,N-autumn,0.25,train
sample_08442.jpg,SRC_040,90.0,0.0,57.651744,N-spring,0.5,train
sample_08443.jpg,SRC_099,15.0,180.0,42.024472,N-spring,0.5,train
sample_08444.jpg,SRC_009,-25.0,180.0,73.827745,N-spring,0.5,train
sample_08445.jpg,SRC_030,-25.0,180.0,67.936804,N-spring,0.5,train
sample_08446.jpg,SRC_006,-15.0,180.0,65.638079,N-spring,0.5,train
sample_08447.jpg,SRC_115,25.0,180.0,41.8845,N-spring,0.25,train
sample_08448.jpg,SRC_112,-30.0,180.0,67.516648,N-spring,0.5,train
sample_08449.jpg,SRC_131,10.0,180.0,60.540464,N-autumn,0.5,train
sample_08450.jpg,SRC_101,5.0,180.0,48.479381,N-winter,0.25,validation
sample_08451.jpg,SRC_078,15.0,180.0,40.437008,N-spring,0.25,train
sample_08452.jpg,SRC_048,-25.0,180.0,61.920556,N-autumn,0.25,calibration
sample_08453.jpg,SRC_047,0.0,180.0,48.028677,N-spring,0.5,validation
sample_08454.jpg,SRC_009,-25.0,180.0,73.827745,N-spring,0.5,train
sample_08455.jpg,SRC_108,-40.0,180.0,68.856247,N-summer,0.5,calibration
sample_08456.jpg,SRC_076,25.0,180.0,63.632584,N-autumn,0.25,train
sample_08457.jpg,SRC_013,50.0,180.0,54.051464,N-spring,0.5,train
sample_08458.jpg,SRC_014,-40.0,180.0,38.480327,N-winter,0.25,train
sample_08459.jpg,SRC_111,-35.0,180.0,79.069883,N-spring,1.0,train
sample_08460.jpg,SRC_026,90.0,0.0,57.238404,N-spring,0.25,calibration
sample_08461.jpg,SRC_112,-30.0,180.0,67.516648,N-spring,0.5,train
sample_08462.jpg,SRC_121,25.0,180.0,67.446292,N-autumn,0.5,train
sample_08463.jpg,SRC_126,-20.0,180.0,68.779144,N-summer,0.5,train
sample_08464.jpg,SRC_014,-40.0,180.0,38.480327,N-winter,0.25,train
sample_08465.jpg,SRC_127,-35.0,180.0,47.507974,N-autumn,0.5,validation
sample_08466.jpg,SRC_037,15.0,180.0,44.468297,N-spring,0.25,train
sample_08467.jpg,SRC_018,-90.0,0.0,67.882485,N-winter,0.25,train
sample_08468.jpg,SRC_069,25.0,180.0,48.120522,N-summer,0.5,train
sample_08469.jpg,SRC_097,0.0,180.0,35.318175,N-winter,0.25,train
sample_08470.jpg,SRC_021,-90.0,0.0,68.040851,N-autumn,0.5,train
sample_08471.jpg,SRC_030,-25.0,180.0,67.936804,N-spring,0.5,train
sample_08472.jpg,SRC_098,-45.0,180.0,70.730178,N-summer,0.25,train
sample_08473.jpg,SRC_109,50.0,180.0,54.137665,N-summer,0.25,validation
sample_08474.jpg,SRC_004,30.0,180.0,61.107468,N-autumn,0.5,train
sample_08475.jpg,SRC_123,0.0,180.0,54.598149,N-autumn,0.5,train
sample_08476.jpg,SRC_139,40.0,180.0,53.533251,N-winter,0.25,train
sample_08477.jpg,SRC_054,5.0,180.0,37.41608,N-winter,0.25,train
sample_08478.jpg,SRC_100,20.0,180.0,41.506528,N-spring,0.25,train
sample_08479.jpg,SRC_133,-10.0,180.0,48.887369,N-spring,0.5,train
sample_08480.jpg,SRC_144,-35.0,180.0,76.731052,N-spring,0.5,train
sample_08481.jpg,SRC_049,5.0,180.0,42.94902,N-spring,0.25,train
sample_08482.jpg,SRC_122,-5.0,180.0,57.310506,N-summer,0.25,train
sample_08483.jpg,SRC_113,-35.0,180.0,36.668707,N-winter,0.25,train
sample_08484.jpg,SRC_092,5.0,180.0,57.429528,N-autumn,0.25,train
sample_08485.jpg,SRC_113,-35.0,180.0,36.668707,N-winter,0.25,train
sample_08486.jpg,SRC_114,-10.0,180.0,58.176498,N-autumn,0.5,train
sample_08487.jpg,SRC_131,10.0,180.0,60.540464,N-autumn,0.5,train
sample_08488.jpg,SRC_116,5.0,180.0,41.203028,N-spring,0.25,calibration
sample_08489.jpg,SRC_111,-35.0,180.0,79.069883,N-spring,1.0,train
sample_08490.jpg,SRC_148,-15.0,180.0,49.227137,N-autumn,0.25,train
sample_08491.jpg,SRC_027,35.0,180.0,41.369436,N-spring,0.5,train
sample_08492.jpg,SRC_114,-10.0,180.0,58.176498,N-autumn,0.5,train
sample_08493.jpg,SRC_148,-15.0,180.0,49.227137,N-autumn,0.25,train
sample_08494.jpg,SRC_041,15.0,180.0,46.712049,N-summer,0.25,validation
sample_08495.jpg,SRC_004,30.0,180.0,61.107468,N-autumn,0.5,train
sample_08496.jpg,SRC_140,35.0,180.0,44.85556,N-spring,0.25,train
sample_08497.jpg,SRC_013,50.0,180.0,54.051464,N-spring,0.5,train
sample_08498.jpg,SRC_171,-35.0,180.0,63.65778,N-spring,0.25,train
sample_08499.jpg,SRC_139,40.0,180.0,53.533251,N-winter,0.25,train
sample_08500.jpg,SRC_058,30.0,180.0,69.060883,N-autumn,0.5,train
sample_08501.jpg,SRC_108,-40.0,180.0,68.856247,N-summer,0.5,calibration
sample_08502.jpg,SRC_135,5.0,180.0,41.328761,N-winter,0.5,train
sample_08503.jpg,SRC_006,-15.0,180.0,65.638079,N-spring,0.5,train
sample_08504.jpg,SRC_106,25.0,180.0,40.638999,N-spring,0.5,validation
sample_08505.jpg,SRC_108,-40.0,180.0,68.856247,N-summer,0.5,calibration
sample_08506.jpg,SRC_114,-10.0,180.0,58.176498,N-autumn,0.5,train
sample_08507.jpg,SRC_013,50.0,180.0,54.051464,N-spring,0.5,train
sample_08508.jpg,SRC_112,-30.0,180.0,67.516648,N-spring,0.5,train
sample_08509.jpg,SRC_084,-10.0,180.0,58.957849,N-summer,0.25,train
sample_08510.jpg,SRC_153,-40.0,180.0,43.960452,N-autumn,0.25,train
sample_08511.jpg,SRC_103,-35.0,180.0,57.090396,N-autumn,0.25,train
sample_08512.jpg,SRC_095,-20.0,180.0,56.495654,N-spring,0.5,validation
sample_08513.jpg,SRC_001,-5.0,180.0,51.987197,N-spring,0.5,train
sample_08514.jpg,SRC_148,-15.0,180.0,49.227137,N-autumn,0.25,train
sample_08515.jpg,SRC_151,-15.0,180.0,63.408071,N-summer,0.5,validation
sample_08516.jpg,SRC_013,50.0,180.0,54.051464,N-spring,0.5,train
sample_08517.jpg,SRC_021,-90.0,0.0,68.040851,N-autumn,0.5,train
sample_08518.jpg,SRC_028,10.0,180.0,42.894848,N-spring,0.25,calibration
sample_08519.jpg,SRC_065,30.0,180.0,68.700871,N-winter,0.5,train
sample_08520.jpg,SRC_093,-25.0,180.0,43.343655,N-autumn,0.5,calibration
sample_08521.jpg,SRC_131,10.0,180.0,60.540464,N-autumn,0.5,train
sample_08522.jpg,SRC_091,-40.0,180.0,72.511342,N-summer,0.5,train
sample_08523.jpg,SRC_052,5.0,180.0,51.705435,N-summer,0.25,train
sample_08524.jpg,SRC_121,25.0,180.0,67.446292,N-autumn,0.5,train
sample_08525.jpg,SRC_040,90.0,0.0,57.651744,N-spring,0.5,train
sample_08526.jpg,SRC_103,-35.0,180.0,57.090396,N-autumn,0.25,train
sample_08527.jpg,SRC_103,-35.0,180.0,57.090396,N-autumn,0.25,train
sample_08528.jpg,SRC_066,-10.0,180.0,61.81065,N-summer,0.5,calibration
sample_08529.jpg,SRC_171,-35.0,180.0,63.65778,N-spring,0.25,train
sample_08530.jpg,SRC_153,-40.0,180.0,43.960452,N-autumn,0.25,train
sample_08531.jpg,SRC_038,-15.0,180.0,32.097448,N-winter,0.25,train
sample_08532.jpg,SRC_158,-5.0,180.0,35.954137,N-winter,0.25,train
sample_08533.jpg,SRC_057,-5.0,180.0,57.599617,N-summer,0.25,calibration
sample_08534.jpg,SRC_061,50.0,180.0,43.110277,N-spring,0.5,train
sample_08535.jpg,SRC_041,15.0,180.0,46.712049,N-summer,0.25,validation
sample_08536.jpg,SRC_139,40.0,180.0,53.533251,N-winter,0.25,train
sample_08537.jpg,SRC_013,50.0,180.0,54.051464,N-spring,0.5,train
sample_08538.jpg,SRC_040,90.0,0.0,57.651744,N-spring,0.5,train
sample_08539.jpg,SRC_115,25.0,180.0,41.8845,N-spring,0.25,train
sample_08540.jpg,SRC_037,15.0,180.0,44.468297,N-spring,0.25,train
sample_08541.jpg,SRC_059,15.0,180.0,48.046698,N-summer,0.25,train
sample_08542.jpg,SRC_159,20.0,180.0,67.076816,N-autumn,0.25,train
sample_08543.jpg,SRC_071,20.0,180.0,40.070501,N-spring,0.25,train
sample_08544.jpg,SRC_059,15.0,180.0,48.046698,N-summer,0.25,train
sample_08545.jpg,SRC_107,20.0,180.0,65.68027,N-autumn,0.5,train
sample_08546.jpg,SRC_124,0.0,180.0,51.928413,N-summer,0.25,train
sample_08547.jpg,SRC_166,90.0,0.0,60.094207,N-spring,0.5,validation
sample_08548.jpg,SRC_087,0.0,180.0,54.65824,N-summer,0.25,calibration
sample_08549.jpg,SRC_081,-90.0,0.0,74.772433,N-autumn,0.25,calibration
sample_08550.jpg,SRC_160,-10.0,180.0,50.604377,N-autumn,0.25,train
sample_08551.jpg,SRC_038,-15.0,180.0,32.097448,N-winter,0.25,train
sample_08552.jpg,SRC_134,-30.0,180.0,69.607895,N-spring,0.5,train
sample_08553.jpg,SRC_112,-30.0,180.0,67.516648,N-spring,0.5,train
sample_08554.jpg,SRC_141,-10.0,180.0,55.206291,N-spring,0.25,train
sample_08555.jpg,SRC_009,-25.0,180.0,73.827745,N-spring,0.5,train
sample_08556.jpg,SRC_013,50.0,180.0,54.051464,N-spring,0.5,train
sample_08557.jpg,SRC_158,-5.0,180.0,35.954137,N-winter,0.25,train
sample_08558.jpg,SRC_029,-5.0,180.0,45.485648,N-autumn,0.25,calibration
sample_08559.jpg,SRC_095,-20.0,180.0,56.495654,N-spring,0.5,validation
sample_08560.jpg,SRC_094,20.0,180.0,66.934532,N-autumn,0.25,train
sample_08561.jpg,SRC_014,-40.0,180.0,38.480327,N-winter,0.25,train
sample_08562.jpg,SRC_099,15.0,180.0,42.024472,N-spring,0.5,train
sample_08563.jpg,SRC_063,25.0,180.0,41.329237,N-spring,0.25,train
sample_08564.jpg,SRC_119,90.0,0.0,58.642683,N-spring,0.25,calibration
sample_08565.jpg,SRC_108,-40.0,180.0,68.856247,N-summer,0.5,calibration
sample_08566.jpg,SRC_026,90.0,0.0,57.238404,N-spring,0.25,calibration
sample_08567.jpg,SRC_013,50.0,180.0,54.051464,N-spring,0.5,train
sample_08568.jpg,SRC_051,20.0,180.0,63.609319,N-autumn,0.5,train
sample_08569.jpg,SRC_158,-5.0,180.0,35.954137,N-winter,0.25,train
sample_08570.jpg,SRC_151,-15.0,180.0,63.408071,N-summer,0.5,validation
sample_08571.jpg,SRC_169,40.0,180.0,48.615664,N-summer,0.25,train
sample_08572.jpg,SRC_076,25.0,180.0,63.632584,N-autumn,0.25,train
sample_08573.jpg,SRC_048,-25.0,180.0,61.920556,N-autumn,0.25,calibration
sample_08574.jpg,SRC_063,25.0,180.0,41.329237,N-spring,0.25,train
sample_08575.jpg,SRC_083,0.0,180.0,55.378885,N-spring,0.25,calibration
sample_08576.jpg,SRC_030,-25.0,180.0,67.936804,N-spring,0.5,train
sample_08577.jpg,SRC_133,-10.0,180.0,48.887369,N-spring,0.5,train
sample_08578.jpg,SRC_106,25.0,180.0,40.638999,N-spring,0.5,validation
sample_08579.jpg,SRC_125,-5.0,180.0,52.428603,N-spring,0.25,train
sample_08580.jpg,SRC_071,20.0,180.0,40.070501,N-spring,0.25,train
sample_08581.jpg,SRC_170,-20.0,180.0,56.332579,N-autumn,0.25,validation
sample_08582.jpg,SRC_149,90.0,0.0,55.701783,N-summer,0.25,train
sample_08583.jpg,SRC_124,0.0,180.0,51.928413,N-summer,0.25,train
sample_08584.jpg,SRC_115,25.0,180.0,41.8845,N-spring,0.25,train
sample_08585.jpg,SRC_073,45.0,180.0,41.537171,N-spring,0.25,train
sample_08586.jpg,SRC_065,30.0,180.0,68.700871,N-winter,0.5,train
sample_08587.jpg,SRC_021,-90.0,0.0,68.040851,N-autumn,0.5,train
sample_08588.jpg,SRC_157,40.0,180.0,44.22455,N-summer,0.25,calibration
sample_08589.jpg,SRC_112,-30.0,180.0,67.516648,N-spring,0.5,train
sample_08590.jpg,SRC_049,5.0,180.0,42.94902,N-spring,0.25,train
sample_08591.jpg,SRC_158,-5.0,180.0,35.954137,N-winter,0.25,train
sample_08592.jpg,SRC_032,-5.0,180.0,52.490186,N-spring,0.25,validation
sample_08593.jpg,SRC_047,0.0,180.0,48.028677,N-spring,0.5,validation
sample_08594.jpg,SRC_074,0.0,180.0,50.25459,N-spring,0.5,train
sample_08595.jpg,SRC_057,-5.0,180.0,57.599617,N-summer,0.25,calibration
sample_08596.jpg,SRC_076,25.0,180.0,63.632584,N-autumn,0.25,train
sample_08597.jpg,SRC_067,-15.0,180.0,64.724247,N-spring,0.5,calibration
sample_08598.jpg,SRC_098,-45.0,180.0,70.730178,N-summer,0.25,train
sample_08599.jpg,SRC_140,35.0,180.0,44.85556,N-spring,0.25,train
sample_08600.jpg,SRC_169,40.0,180.0,48.615664,N-summer,0.25,train
sample_08601.jpg,SRC_140,35.0,180.0,44.85556,N-spring,0.25,train
sample_08602.jpg,SRC_030,-25.0,180.0,67.936804,N-spring,0.5,train
sample_08603.jpg,SRC_158,-5.0,180.0,35.954137,N-winter,0.25,train
sample_08604.jpg,SRC_009,-25.0,180.0,73.827745,N-spring,0.5,train
sample_08605.jpg,SRC_095,-20.0,180.0,56.495654,N-spring,0.5,validation
sample_08606.jpg,SRC_071,20.0,180.0,40.070501,N-spring,0.25,train
sample_08607.jpg,SRC_004,30.0,180.0,61.107468,N-autumn,0.5,train
sample_08608.jpg,SRC_030,-25.0,180.0,67.936804,N-spring,0.5,train
sample_08609.jpg,SRC_011,-20.0,180.0,70.371153,N-summer,0.25,train
sample_08610.jpg,SRC_165,10.0,180.0,42.451267,N-winter,0.25,train
sample_08611.jpg,SRC_112,-30.0,180.0,67.516648,N-spring,0.5,train
sample_08612.jpg,SRC_029,-5.0,180.0,45.485648,N-autumn,0.25,calibration
sample_08613.jpg,SRC_016,10.0,180.0,55.552023,N-winter,0.5,calibration
sample_08614.jpg,SRC_020,35.0,180.0,42.075965,N-summer,0.25,calibration
sample_08615.jpg,SRC_034,40.0,180.0,46.055099,N-summer,0.25,validation
sample_08616.jpg,SRC_169,40.0,180.0,48.615664,N-summer,0.25,train
sample_08617.jpg,SRC_107,20.0,180.0,65.68027,N-autumn,0.5,train
sample_08618.jpg,SRC_103,-35.0,180.0,57.090396,N-autumn,0.25,train
sample_08619.jpg,SRC_169,40.0,180.0,48.615664,N-summer,0.25,train
sample_08620.jpg,SRC_151,-15.0,180.0,63.408071,N-summer,0.5,validation
sample_08621.jpg,SRC_039,90.0,0.0,70.63275,N-summer,0.5,calibration
sample_08622.jpg,SRC_052,5.0,180.0,51.705435,N-summer,0.25,train
sample_08623.jpg,SRC_108,-40.0,180.0,68.856247,N-summer,0.5,calibration
sample_08624.jpg,SRC_094,20.0,180.0,66.934532,N-autumn,0.25,train
sample_08625.jpg,SRC_140,35.0,180.0,44.85556,N-spring,0.25,train
sample_08626.jpg,SRC_021,-90.0,0.0,68.040851,N-autumn,0.5,train
sample_08627.jpg,SRC_087,0.0,180.0,54.65824,N-summer,0.25,calibration
sample_08628.jpg,SRC_085,0.0,180.0,39.187341,N-spring,0.25,train
sample_08629.jpg,SRC_097,0.0,180.0,35.318175,N-winter,0.25,train
sample_08630.jpg,SRC_006,-15.0,180.0,65.638079,N-spring,0.5,train
sample_08631.jpg,SRC_108,-40.0,180.0,68.856247,N-summer,0.5,calibration
sample_08632.jpg,SRC_158,-5.0,180.0,35.954137,N-winter,0.25,train
sample_08633.jpg,SRC_087,0.0,180.0,54.65824,N-summer,0.25,calibration
sample_08634.jpg,SRC_030,-25.0,180.0,67.936804,N-spring,0.5,train
sample_08635.jpg,SRC_037,15.0,180.0,44.468297,N-spring,0.25,train
sample_08636.jpg,SRC_144,-35.0,180.0,76.731052,N-spring,0.5,train
sample_08637.jpg,SRC_140,35.0,180.0,44.85556,N-spring,0.25,train
sample_08638.jpg,SRC_123,0.0,180.0,54.598149,N-autumn,0.5,train
sample_08639.jpg,SRC_134,-30.0,180.0,69.607895,N-spring,0.5,train
sample_08640.jpg,SRC_097,0.0,180.0,35.318175,N-winter,0.25,train
sample_08641.jpg,SRC_002,40.0,180.0,45.868768,N-summer,0.25,train
sample_08642.jpg,SRC_109,50.0,180.0,54.137665,N-summer,0.25,validation
sample_08643.jpg,SRC_104,25.0,180.0,45.102036,N-summer,0.5,validation
sample_08644.jpg,SRC_015,20.0,180.0,46.484204,N-summer,0.25,train
sample_08645.jpg,SRC_074,0.0,180.0,50.25459,N-spring,0.5,train
sample_08646.jpg,SRC_109,50.0,180.0,54.137665,N-summer,0.25,validation
sample_08647.jpg,SRC_112,-30.0,180.0,67.516648,N-spring,0.5,train
sample_08648.jpg,SRC_088,0.0,180.0,53.004483,N-summer,0.25,train
sample_08649.jpg,SRC_171,-35.0,180.0,63.65778,N-spring,0.25,train
sample_08650.jpg,SRC_103,-35.0,180.0,57.090396,N-autumn,0.25,train
sample_08651.jpg,SRC_104,25.0,180.0,45.102036,N-summer,0.5,validation
sample_08652.jpg,SRC_069,25.0,180.0,48.120522,N-summer,0.5,train
sample_08653.jpg,SRC_074,0.0,180.0,50.25459,N-spring,0.5,train
sample_08654.jpg,SRC_061,50.0,180.0,43.110277,N-spring,0.5,train
sample_08655.jpg,SRC_089,10.0,180.0,48.442522,N-winter,0.25,calibration
sample_08656.jpg,SRC_041,15.0,180.0,46.712049,N-summer,0.25,validation
sample_08657.jpg,SRC_108,-40.0,180.0,68.856247,N-summer,0.5,calibration
sample_08658.jpg,SRC_045,-90.0,0.0,70.559818,N-autumn,0.25,train
sample_08659.jpg,SRC_013,50.0,180.0,54.051464,N-spring,0.5,train
sample_08660.jpg,SRC_111,-35.0,180.0,79.069883,N-spring,1.0,train
sample_08661.jpg,SRC_111,-35.0,180.0,79.069883,N-spring,1.0,train
sample_08662.jpg,SRC_108,-40.0,180.0,68.856247,N-summer,0.5,calibration
sample_08663.jpg,SRC_097,0.0,180.0,35.318175,N-winter,0.25,train
sample_08664.jpg,SRC_108,-40.0,180.0,68.856247,N-summer,0.5,calibration
sample_08665.jpg,SRC_031,-90.0,0.0,62.684336,N-winter,0.5,train
sample_08666.jpg,SRC_098,-45.0,180.0,70.730178,N-summer,0.25,train
sample_08667.jpg,SRC_126,-20.0,180.0,68.779144,N-summer,0.5,train
sample_08668.jpg,SRC_067,-15.0,180.0,64.724247,N-spring,0.5,calibration
sample_08669.jpg,SRC_030,-25.0,180.0,67.936804,N-spring,0.5,train
sample_08670.jpg,SRC_092,5.0,180.0,57.429528,N-autumn,0.25,train
sample_08671.jpg,SRC_061,50.0,180.0,43.110277,N-spring,0.5,train
sample_08672.jpg,SRC_158,-5.0,180.0,35.954137,N-winter,0.25,train
sample_08673.jpg,SRC_021,-90.0,0.0,68.040851,N-autumn,0.5,train
sample_08674.jpg,SRC_004,30.0,180.0,61.107468,N-autumn,0.5,train
sample_08675.jpg,SRC_108,-40.0,180.0,68.856247,N-summer,0.5,calibration
sample_08676.jpg,SRC_099,15.0,180.0,42.024472,N-spring,0.5,train
sample_08677.jpg,SRC_165,10.0,180.0,42.451267,N-winter,0.25,train
sample_08678.jpg,SRC_077,-5.0,180.0,34.299081,N-winter,0.25,train
sample_08679.jpg,SRC_091,-40.0,180.0,72.511342,N-summer,0.5,train
sample_08680.jpg,SRC_062,45.0,180.0,81.508965,N-autumn,0.5,train
sample_08681.jpg,SRC_009,-25.0,180.0,73.827745,N-spring,0.5,train
sample_08682.jpg,SRC_095,-20.0,180.0,56.495654,N-spring,0.5,validation
sample_08683.jpg,SRC_142,-30.0,180.0,34.276784,N-winter,0.25,train
sample_08684.jpg,SRC_067,-15.0,180.0,64.724247,N-spring,0.5,calibration
sample_08685.jpg,SRC_007,20.0,180.0,49.485932,N-winter,0.25,validation
sample_08686.jpg,SRC_017,-90.0,0.0,64.6979,N-winter,0.25,train
sample_08687.jpg,SRC_054,5.0,180.0,37.41608,N-winter,0.25,train
sample_08688.jpg,SRC_127,-35.0,180.0,47.507974,N-autumn,0.5,validation
sample_08689.jpg,SRC_103,-35.0,180.0,57.090396,N-autumn,0.25,train
sample_08690.jpg,SRC_144,-35.0,180.0,76.731052,N-spring,0.5,train
sample_08691.jpg,SRC_061,50.0,180.0,43.110277,N-spring,0.5,train
sample_08692.jpg,SRC_133,-10.0,180.0,48.887369,N-spring,0.5,train
sample_08693.jpg,SRC_065,30.0,180.0,68.700871,N-winter,0.5,train
sample_08694.jpg,SRC_084,-10.0,180.0,58.957849,N-summer,0.25,train
sample_08695.jpg,SRC_013,50.0,180.0,54.051464,N-spring,0.5,train
sample_08696.jpg,SRC_103,-35.0,180.0,57.090396,N-autumn,0.25,train
sample_08697.jpg,SRC_030,-25.0,180.0,67.936804,N-spring,0.5,train
sample_08698.jpg,SRC_106,25.0,180.0,40.638999,N-spring,0.5,validation
sample_08699.jpg,SRC_142,-30.0,180.0,34.276784,N-winter,0.25,train
sample_08700.jpg,SRC_115,25.0,180.0,41.8845,N-spring,0.25,train
sample_08701.jpg,SRC_091,-40.0,180.0,72.511342,N-summer,0.5,train
sample_08702.jpg,SRC_013,50.0,180.0,54.051464,N-spring,0.5,train
sample_08703.jpg,SRC_171,-35.0,180.0,63.65778,N-spring,0.25,train
sample_08704.jpg,SRC_126,-20.0,180.0,68.779144,N-summer,0.5,train
sample_08705.jpg,SRC_171,-35.0,180.0,63.65778,N-spring,0.25,train
sample_08706.jpg,SRC_126,-20.0,180.0,68.779144,N-summer,0.5,train
sample_08707.jpg,SRC_006,-15.0,180.0,65.638079,N-spring,0.5,train
sample_08708.jpg,SRC_133,-10.0,180.0,48.887369,N-spring,0.5,train
sample_08709.jpg,SRC_050,0.0,180.0,53.680047,N-summer,0.25,calibration
sample_08710.jpg,SRC_109,50.0,180.0,54.137665,N-summer,0.25,validation
sample_08711.jpg,SRC_115,25.0,180.0,41.8845,N-spring,0.25,train
sample_08712.jpg,SRC_004,30.0,180.0,61.107468,N-autumn,0.5,train
sample_08713.jpg,SRC_032,-5.0,180.0,52.490186,N-spring,0.25,validation
sample_08714.jpg,SRC_076,25.0,180.0,63.632584,N-autumn,0.25,train
sample_08715.jpg,SRC_106,25.0,180.0,40.638999,N-spring,0.5,validation
sample_08716.jpg,SRC_004,30.0,180.0,61.107468,N-autumn,0.5,train
sample_08717.jpg,SRC_068,0.0,180.0,56.216196,N-summer,0.25,train
sample_08718.jpg,SRC_061,50.0,180.0,43.110277,N-spring,0.5,train
sample_08719.jpg,SRC_004,30.0,180.0,61.107468,N-autumn,0.5,train
sample_08720.jpg,SRC_121,25.0,180.0,67.446292,N-autumn,0.5,train
sample_08721.jpg,SRC_014,-40.0,180.0,38.480327,N-winter,0.25,train
sample_08722.jpg,SRC_054,5.0,180.0,37.41608,N-winter,0.25,train
sample_08723.jpg,SRC_121,25.0,180.0,67.446292,N-autumn,0.5,train
sample_08724.jpg,SRC_004,30.0,180.0,61.107468,N-autumn,0.5,train
sample_08725.jpg,SRC_065,30.0,180.0,68.700871,N-winter,0.5,train
sample_08726.jpg,SRC_159,20.0,180.0,67.076816,N-autumn,0.25,train
sample_08727.jpg,SRC_006,-15.0,180.0,65.638079,N-spring,0.5,train
sample_08728.jpg,SRC_054,5.0,180.0,37.41608,N-winter,0.25,train
sample_08729.jpg,SRC_074,0.0,180.0,50.25459,N-spring,0.5,train
sample_08730.jpg,SRC_020,35.0,180.0,42.075965,N-summer,0.25,calibration
sample_08731.jpg,SRC_039,90.0,0.0,70.63275,N-summer,0.5,calibration
sample_08732.jpg,SRC_116,5.0,180.0,41.203028,N-spring,0.25,calibration
sample_08733.jpg,SRC_021,-90.0,0.0,68.040851,N-autumn,0.5,train
sample_08734.jpg,SRC_025,-35.0,180.0,74.862823,N-summer,0.5,train
sample_08735.jpg,SRC_152,30.0,180.0,40.69576,N-spring,0.25,validation
sample_08736.jpg,SRC_123,0.0,180.0,54.598149,N-autumn,0.5,train
sample_08737.jpg,SRC_085,0.0,180.0,39.187341,N-spring,0.25,train
sample_08738.jpg,SRC_146,10.0,180.0,58.0428,N-summer,0.5,train
sample_08739.jpg,SRC_152,30.0,180.0,40.69576,N-spring,0.25,validation
sample_08740.jpg,SRC_047,0.0,180.0,48.028677,N-spring,0.5,validation
sample_08741.jpg,SRC_052,5.0,180.0,51.705435,N-summer,0.25,train
sample_08742.jpg,SRC_142,-30.0,180.0,34.276784,N-winter,0.25,train
sample_08743.jpg,SRC_049,5.0,180.0,42.94902,N-spring,0.25,train
sample_08744.jpg,SRC_169,40.0,180.0,48.615664,N-summer,0.25,train
sample_08745.jpg,SRC_157,40.0,180.0,44.22455,N-summer,0.25,calibration
sample_08746.jpg,SRC_052,5.0,180.0,51.705435,N-summer,0.25,train
sample_08747.jpg,SRC_124,0.0,180.0,51.928413,N-summer,0.25,train
sample_08748.jpg,SRC_028,10.0,180.0,42.894848,N-spring,0.25,calibration
sample_08749.jpg,SRC_113,-35.0,180.0,36.668707,N-winter,0.25,train
sample_08750.jpg,SRC_144,-35.0,180.0,76.731052,N-spring,0.5,train
sample_08751.jpg,SRC_101,5.0,180.0,48.479381,N-winter,0.25,validation
sample_08752.jpg,SRC_027,35.0,180.0,41.369436,N-spring,0.5,train
sample_08753.jpg,SRC_051,20.0,180.0,63.609319,N-autumn,0.5,train
sample_08754.jpg,SRC_037,15.0,180.0,44.468297,N-spring,0.25,train
sample_08755.jpg,SRC_004,30.0,180.0,61.107468,N-autumn,0.5,train
sample_08756.jpg,SRC_026,90.0,0.0,57.238404,N-spring,0.25,calibration
sample_08757.jpg,SRC_003,0.0,180.0,38.090051,N-spring,0.25,validation
sample_08758.jpg,SRC_066,-10.0,180.0,61.81065,N-summer,0.5,calibration
sample_08759.jpg,SRC_103,-35.0,180.0,57.090396,N-autumn,0.25,train
sample_08760.jpg,SRC_121,25.0,180.0,67.446292,N-autumn,0.5,train
sample_08761.jpg,SRC_020,35.0,180.0,42.075965,N-summer,0.25,calibration
sample_08762.jpg,SRC_088,0.0,180.0,53.004483,N-summer,0.25,train
sample_08763.jpg,SRC_047,0.0,180.0,48.028677,N-spring,0.5,validation
sample_08764.jpg,SRC_056,-40.0,180.0,74.660587,N-summer,0.5,train
sample_08765.jpg,SRC_056,-40.0,180.0,74.660587,N-summer,0.5,train
sample_08766.jpg,SRC_087,0.0,180.0,54.65824,N-summer,0.25,calibration
sample_08767.jpg,SRC_150,10.0,180.0,50.798821,N-summer,0.5,train
sample_08768.jpg,SRC_104,25.0,180.0,45.102036,N-summer,0.5,validation
sample_08769.jpg,SRC_065,30.0,180.0,68.700871,N-winter,0.5,train
sample_08770.jpg,SRC_014,-40.0,180.0,38.480327,N-winter,0.25,train
sample_08771.jpg,SRC_114,-10.0,180.0,58.176498,N-autumn,0.5,train
sample_08772.jpg,SRC_162,-90.0,0.0,77.7898,N-winter,0.25,train
sample_08773.jpg,SRC_009,-25.0,180.0,73.827745,N-spring,0.5,train
sample_08774.jpg,SRC_013,50.0,180.0,54.051464,N-spring,0.5,train
sample_08775.jpg,SRC_123,0.0,180.0,54.598149,N-autumn,0.5,train
sample_08776.jpg,SRC_171,-35.0,180.0,63.65778,N-spring,0.25,train
sample_08777.jpg,SRC_013,50.0,180.0,54.051464,N-spring,0.5,train
sample_08778.jpg,SRC_048,-25.0,180.0,61.920556,N-autumn,0.25,calibration
sample_08779.jpg,SRC_151,-15.0,180.0,63.408071,N-summer,0.5,validation
sample_08780.jpg,SRC_113,-35.0,180.0,36.668707,N-winter,0.25,train
sample_08781.jpg,SRC_134,-30.0,180.0,69.607895,N-spring,0.5,train
sample_08782.jpg,SRC_124,0.0,180.0,51.928413,N-summer,0.25,train
sample_08783.jpg,SRC_127,-35.0,180.0,47.507974,N-autumn,0.5,validation
sample_08784.jpg,SRC_034,40.0,180.0,46.055099,N-summer,0.25,validation
sample_08785.jpg,SRC_013,50.0,180.0,54.051464,N-spring,0.5,train
sample_08786.jpg,SRC_010,90.0,0.0,74.440619,N-summer,0.5,calibration
sample_08787.jpg,SRC_109,50.0,180.0,54.137665,N-summer,0.25,validation
sample_08788.jpg,SRC_148,-15.0,180.0,49.227137,N-autumn,0.25,train
sample_08789.jpg,SRC_030,-25.0,180.0,67.936804,N-spring,0.5,train
sample_08790.jpg,SRC_013,50.0,180.0,54.051464,N-spring,0.5,train
sample_08791.jpg,SRC_090,50.0,180.0,47.196626,N-summer,0.25,train
sample_08792.jpg,SRC_094,20.0,180.0,66.934532,N-autumn,0.25,train
sample_08793.jpg,SRC_063,25.0,180.0,41.329237,N-spring,0.25,train
sample_08794.jpg,SRC_013,50.0,180.0,54.051464,N-spring,0.5,train
sample_08795.jpg,SRC_157,40.0,180.0,44.22455,N-summer,0.25,calibration
sample_08796.jpg,SRC_022,20.0,180.0,41.513642,N-spring,0.25,train
sample_08797.jpg,SRC_006,-15.0,180.0,65.638079,N-spring,0.5,train
sample_08798.jpg,SRC_001,-5.0,180.0,51.987197,N-spring,0.5,train
sample_08799.jpg,SRC_121,25.0,180.0,67.446292,N-autumn,0.5,train
sample_08800.jpg,SRC_047,0.0,180.0,48.028677,N-spring,0.5,validation
sample_08801.jpg,SRC_127,-35.0,180.0,47.507974,N-autumn,0.5,validation
sample_08802.jpg,SRC_108,-40.0,180.0,68.856247,N-summer,0.5,calibration
sample_08803.jpg,SRC_060,90.0,0.0,64.124177,N-summer,0.25,validation
sample_08804.jpg,SRC_041,15.0,180.0,46.712049,N-summer,0.25,validation
sample_08805.jpg,SRC_051,20.0,180.0,63.609319,N-autumn,0.5,train
sample_08806.jpg,SRC_153,-40.0,180.0,43.960452,N-autumn,0.25,train
sample_08807.jpg,SRC_103,-35.0,180.0,57.090396,N-autumn,0.25,train
sample_08808.jpg,SRC_092,5.0,180.0,57.429528,N-autumn,0.25,train
sample_08809.jpg,SRC_045,-90.0,0.0,70.559818,N-autumn,0.25,train
sample_08810.jpg,SRC_154,0.0,180.0,54.770875,N-summer,0.5,train
sample_08811.jpg,SRC_124,0.0,180.0,51.928413,N-summer,0.25,train
sample_08812.jpg,SRC_171,-35.0,180.0,63.65778,N-spring,0.25,train
sample_08813.jpg,SRC_008,25.0,180.0,61.005891,N-autumn,0.25,validation
sample_08814.jpg,SRC_124,0.0,180.0,51.928413,N-summer,0.25,train
sample_08815.jpg,SRC_084,-10.0,180.0,58.957849,N-summer,0.25,train
sample_08816.jpg,SRC_041,15.0,180.0,46.712049,N-summer,0.25,validation
sample_08817.jpg,SRC_055,-5.0,180.0,57.335076,N-spring,0.25,train
sample_08818.jpg,SRC_080,-25.0,180.0,69.726065,N-summer,0.25,train
sample_08819.jpg,SRC_109,50.0,180.0,54.137665,N-summer,0.25,validation
sample_08820.jpg,SRC_069,25.0,180.0,48.120522,N-summer,0.5,train
sample_08821.jpg,SRC_133,-10.0,180.0,48.887369,N-spring,0.5,train
sample_08822.jpg,SRC_005,0.0,180.0,55.846781,N-summer,0.5,validation
sample_08823.jpg,SRC_121,25.0,180.0,67.446292,N-autumn,0.5,train
sample_08824.jpg,SRC_099,15.0,180.0,42.024472,N-spring,0.5,train
sample_08825.jpg,SRC_069,25.0,180.0,48.120522,N-summer,0.5,train
sample_08826.jpg,SRC_022,20.0,180.0,41.513642,N-spring,0.25,train
sample_08827.jpg,SRC_158,-5.0,180.0,35.954137,N-winter,0.25,train
sample_08828.jpg,SRC_087,0.0,180.0,54.65824,N-summer,0.25,calibration
sample_08829.jpg,SRC_082,-10.0,180.0,60.444036,N-spring,0.25,calibration
sample_08830.jpg,SRC_046,0.0,180.0,58.061031,N-autumn,0.25,calibration
sample_08831.jpg,SRC_020,35.0,180.0,42.075965,N-summer,0.25,calibration
sample_08832.jpg,SRC_076,25.0,180.0,63.632584,N-autumn,0.25,train
sample_08833.jpg,SRC_103,-35.0,180.0,57.090396,N-autumn,0.25,train
sample_08834.jpg,SRC_030,-25.0,180.0,67.936804,N-spring,0.5,train
sample_08835.jpg,SRC_139,40.0,180.0,53.533251,N-winter,0.25,train
sample_08836.jpg,SRC_092,5.0,180.0,57.429528,N-autumn,0.25,train
sample_08837.jpg,SRC_022,20.0,180.0,41.513642,N-spring,0.25,train
sample_08838.jpg,SRC_146,10.0,180.0,58.0428,N-summer,0.5,train
sample_08839.jpg,SRC_061,50.0,180.0,43.110277,N-spring,0.5,train
sample_08840.jpg,SRC_143,90.0,0.0,68.916652,N-spring,0.5,train
sample_08841.jpg,SRC_078,15.0,180.0,40.437008,N-spring,0.25,train
sample_08842.jpg,SRC_136,-35.0,180.0,76.922409,N-spring,0.5,train
sample_08843.jpg,SRC_046,0.0,180.0,58.061031,N-autumn,0.25,calibration
sample_08844.jpg,SRC_027,35.0,180.0,41.369436,N-spring,0.5,train
sample_08845.jpg,SRC_056,-40.0,180.0,74.660587,N-summer,0.5,train
sample_08846.jpg,SRC_142,-30.0,180.0,34.276784,N-winter,0.25,train
sample_08847.jpg,SRC_040,90.0,0.0,57.651744,N-spring,0.5,train
sample_08848.jpg,SRC_084,-10.0,180.0,58.957849,N-summer,0.25,train
sample_08849.jpg,SRC_020,35.0,180.0,42.075965,N-summer,0.25,calibration
sample_08850.jpg,SRC_121,25.0,180.0,67.446292,N-autumn,0.5,train
sample_08851.jpg,SRC_036,5.0,180.0,52.749586,N-summer,0.25,train
sample_08852.jpg,SRC_108,-40.0,180.0,68.856247,N-summer,0.5,calibration
sample_08853.jpg,SRC_135,5.0,180.0,41.328761,N-winter,0.5,train
sample_08854.jpg,SRC_104,25.0,180.0,45.102036,N-summer,0.5,validation
sample_08855.jpg,SRC_011,-20.0,180.0,70.371153,N-summer,0.25,train
sample_08856.jpg,SRC_079,0.0,180.0,48.941622,N-spring,0.25,calibration
sample_08857.jpg,SRC_133,-10.0,180.0,48.887369,N-spring,0.5,train
sample_08858.jpg,SRC_011,-20.0,180.0,70.371153,N-summer,0.25,train
sample_08859.jpg,SRC_023,-10.0,180.0,50.837437,N-spring,0.25,train
sample_08860.jpg,SRC_148,-15.0,180.0,49.227137,N-autumn,0.25,train
sample_08861.jpg,SRC_006,-15.0,180.0,65.638079,N-spring,0.5,train
sample_08862.jpg,SRC_104,25.0,180.0,45.102036,N-summer,0.5,validation
sample_08863.jpg,SRC_066,-10.0,180.0,61.81065,N-summer,0.5,calibration
sample_08864.jpg,SRC_108,-40.0,180.0,68.856247,N-summer,0.5,calibration
sample_08865.jpg,SRC_104,25.0,180.0,45.102036,N-summer,0.5,validation
sample_08866.jpg,SRC_013,50.0,180.0,54.051464,N-spring,0.5,train
sample_08867.jpg,SRC_066,-10.0,180.0,61.81065,N-summer,0.5,calibration
sample_08868.jpg,SRC_093,-25.0,180.0,43.343655,N-autumn,0.5,calibration
sample_08869.jpg,SRC_135,5.0,180.0,41.328761,N-winter,0.5,train
sample_08870.jpg,SRC_103,-35.0,180.0,57.090396,N-autumn,0.25,train
sample_08871.jpg,SRC_146,10.0,180.0,58.0428,N-summer,0.5,train
sample_08872.jpg,SRC_095,-20.0,180.0,56.495654,N-spring,0.5,validation
sample_08873.jpg,SRC_095,-20.0,180.0,56.495654,N-spring,0.5,validation
sample_08874.jpg,SRC_113,-35.0,180.0,36.668707,N-winter,0.25,train
sample_08875.jpg,SRC_171,-35.0,180.0,63.65778,N-spring,0.25,train
sample_08876.jpg,SRC_114,-10.0,180.0,58.176498,N-autumn,0.5,train
sample_08877.jpg,SRC_093,-25.0,180.0,43.343655,N-autumn,0.5,calibration
sample_08878.jpg,SRC_140,35.0,180.0,44.85556,N-spring,0.25,train
sample_08879.jpg,SRC_126,-20.0,180.0,68.779144,N-summer,0.5,train
sample_08880.jpg,SRC_026,90.0,0.0,57.238404,N-spring,0.25,calibration
sample_08881.jpg,SRC_099,15.0,180.0,42.024472,N-spring,0.5,train
sample_08882.jpg,SRC_040,90.0,0.0,57.651744,N-spring,0.5,train
sample_08883.jpg,SRC_123,0.0,180.0,54.598149,N-autumn,0.5,train
sample_08884.jpg,SRC_114,-10.0,180.0,58.176498,N-autumn,0.5,train
sample_08885.jpg,SRC_003,0.0,180.0,38.090051,N-spring,0.25,validation
sample_08886.jpg,SRC_011,-20.0,180.0,70.371153,N-summer,0.25,train
sample_08887.jpg,SRC_096,25.0,180.0,40.422288,N-spring,0.25,train
sample_08888.jpg,SRC_121,25.0,180.0,67.446292,N-autumn,0.5,train
sample_08889.jpg,SRC_058,30.0,180.0,69.060883,N-autumn,0.5,train
sample_08890.jpg,SRC_063,25.0,180.0,41.329237,N-spring,0.25,train
sample_08891.jpg,SRC_009,-25.0,180.0,73.827745,N-spring,0.5,train
sample_08892.jpg,SRC_002,40.0,180.0,45.868768,N-summer,0.25,train
sample_08893.jpg,SRC_148,-15.0,180.0,49.227137,N-autumn,0.25,train
sample_08894.jpg,SRC_040,90.0,0.0,57.651744,N-spring,0.5,train
sample_08895.jpg,SRC_028,10.0,180.0,42.894848,N-spring,0.25,calibration
sample_08896.jpg,SRC_109,50.0,180.0,54.137665,N-summer,0.25,validation
sample_08897.jpg,SRC_067,-15.0,180.0,64.724247,N-spring,0.5,calibration
sample_08898.jpg,SRC_050,0.0,180.0,53.680047,N-summer,0.25,calibration
sample_08899.jpg,SRC_112,-30.0,180.0,67.516648,N-spring,0.5,train
sample_08900.jpg,SRC_114,-10.0,180.0,58.176498,N-autumn,0.5,train
sample_08901.jpg,SRC_170,-20.0,180.0,56.332579,N-autumn,0.25,validation
sample_08902.jpg,SRC_058,30.0,180.0,69.060883,N-autumn,0.5,train
sample_08903.jpg,SRC_009,-25.0,180.0,73.827745,N-spring,0.5,train
sample_08904.jpg,SRC_103,-35.0,180.0,57.090396,N-autumn,0.25,train
sample_08905.jpg,SRC_047,0.0,180.0,48.028677,N-spring,0.5,validation
sample_08906.jpg,SRC_052,5.0,180.0,51.705435,N-summer,0.25,train
sample_08907.jpg,SRC_100,20.0,180.0,41.506528,N-spring,0.25,train
sample_08908.jpg,SRC_124,0.0,180.0,51.928413,N-summer,0.25,train
sample_08909.jpg,SRC_156,10.0,180.0,48.737382,N-summer,0.25,validation
sample_08910.jpg,SRC_066,-10.0,180.0,61.81065,N-summer,0.5,calibration
sample_08911.jpg,SRC_096,25.0,180.0,40.422288,N-spring,0.25,train
sample_08912.jpg,SRC_034,40.0,180.0,46.055099,N-summer,0.25,validation
sample_08913.jpg,SRC_022,20.0,180.0,41.513642,N-spring,0.25,train
sample_08914.jpg,SRC_084,-10.0,180.0,58.957849,N-summer,0.25,train
sample_08915.jpg,SRC_131,10.0,180.0,60.540464,N-autumn,0.5,train
sample_08916.jpg,SRC_058,30.0,180.0,69.060883,N-autumn,0.5,train
sample_08917.jpg,SRC_009,-25.0,180.0,73.827745,N-spring,0.5,train
sample_08918.jpg,SRC_069,25.0,180.0,48.120522,N-summer,0.5,train
sample_08919.jpg,SRC_009,-25.0,180.0,73.827745,N-spring,0.5,train
sample_08920.jpg,SRC_115,25.0,180.0,41.8845,N-spring,0.25,train
sample_08921.jpg,SRC_091,-40.0,180.0,72.511342,N-summer,0.5,train
sample_08922.jpg,SRC_093,-25.0,180.0,43.343655,N-autumn,0.5,calibration
sample_08923.jpg,SRC_021,-90.0,0.0,68.040851,N-autumn,0.5,train
sample_08924.jpg,SRC_134,-30.0,180.0,69.607895,N-spring,0.5,train
sample_08925.jpg,SRC_151,-15.0,180.0,63.408071,N-summer,0.5,validation
sample_08926.jpg,SRC_063,25.0,180.0,41.329237,N-spring,0.25,train
sample_08927.jpg,SRC_057,-5.0,180.0,57.599617,N-summer,0.25,calibration
sample_08928.jpg,SRC_009,-25.0,180.0,73.827745,N-spring,0.5,train
sample_08929.jpg,SRC_084,-10.0,180.0,58.957849,N-summer,0.25,train
sample_08930.jpg,SRC_115,25.0,180.0,41.8845,N-spring,0.25,train
sample_08931.jpg,SRC_009,-25.0,180.0,73.827745,N-spring,0.5,train
sample_08932.jpg,SRC_047,0.0,180.0,48.028677,N-spring,0.5,validation
sample_08933.jpg,SRC_099,15.0,180.0,42.024472,N-spring,0.5,train
sample_08934.jpg,SRC_035,0.0,180.0,56.990187,N-autumn,0.25,train
sample_08935.jpg,SRC_008,25.0,180.0,61.005891,N-autumn,0.25,validation
sample_08936.jpg,SRC_005,0.0,180.0,55.846781,N-summer,0.5,validation
sample_08937.jpg,SRC_057,-5.0,180.0,57.599617,N-summer,0.25,calibration
sample_08938.jpg,SRC_114,-10.0,180.0,58.176498,N-autumn,0.5,train
sample_08939.jpg,SRC_111,-35.0,180.0,79.069883,N-spring,1.0,train
sample_08940.jpg,SRC_150,10.0,180.0,50.798821,N-summer,0.5,train
sample_08941.jpg,SRC_133,-10.0,180.0,48.887369,N-spring,0.5,train
sample_08942.jpg,SRC_077,-5.0,180.0,34.299081,N-winter,0.25,train
sample_08943.jpg,SRC_109,50.0,180.0,54.137665,N-summer,0.25,validation
sample_08944.jpg,SRC_004,30.0,180.0,61.107468,N-autumn,0.5,train
sample_08945.jpg,SRC_163,0.0,180.0,39.987447,N-winter,0.25,train
sample_08946.jpg,SRC_024,10.0,180.0,53.725813,N-summer,0.25,calibration
sample_08947.jpg,SRC_040,90.0,0.0,57.651744,N-spring,0.5,train
sample_08948.jpg,SRC_153,-40.0,180.0,43.960452,N-autumn,0.25,train
sample_08949.jpg,SRC_095,-20.0,180.0,56.495654,N-spring,0.5,validation
sample_08950.jpg,SRC_095,-20.0,180.0,56.495654,N-spring,0.5,validation
sample_08951.jpg,SRC_091,-40.0,180.0,72.511342,N-summer,0.5,train
sample_08952.jpg,SRC_125,-5.0,180.0,52.428603,N-spring,0.25,train
sample_08953.jpg,SRC_109,50.0,180.0,54.137665,N-summer,0.25,validation
sample_08954.jpg,SRC_156,10.0,180.0,48.737382,N-summer,0.25,validation
sample_08955.jpg,SRC_013,50.0,180.0,54.051464,N-spring,0.5,train
sample_08956.jpg,SRC_145,-5.0,180.0,52.15166,N-spring,0.25,train
sample_08957.jpg,SRC_082,-10.0,180.0,60.444036,N-spring,0.25,calibration
sample_08958.jpg,SRC_088,0.0,180.0,53.004483,N-summer,0.25,train
sample_08959.jpg,SRC_080,-25.0,180.0,69.726065,N-summer,0.25,train
sample_08960.jpg,SRC_170,-20.0,180.0,56.332579,N-autumn,0.25,validation
sample_08961.jpg,SRC_095,-20.0,180.0,56.495654,N-spring,0.5,validation
sample_08962.jpg,SRC_030,-25.0,180.0,67.936804,N-spring,0.5,train
sample_08963.jpg,SRC_037,15.0,180.0,44.468297,N-spring,0.25,train
sample_08964.jpg,SRC_103,-35.0,180.0,57.090396,N-autumn,0.25,train
sample_08965.jpg,SRC_009,-25.0,180.0,73.827745,N-spring,0.5,train
sample_08966.jpg,SRC_150,10.0,180.0,50.798821,N-summer,0.5,train
sample_08967.jpg,SRC_091,-40.0,180.0,72.511342,N-summer,0.5,train
sample_08968.jpg,SRC_170,-20.0,180.0,56.332579,N-autumn,0.25,validation
sample_08969.jpg,SRC_004,30.0,180.0,61.107468,N-autumn,0.5,train
sample_08970.jpg,SRC_026,90.0,0.0,57.238404,N-spring,0.25,calibration
sample_08971.jpg,SRC_135,5.0,180.0,41.328761,N-winter,0.5,train
sample_08972.jpg,SRC_052,5.0,180.0,51.705435,N-summer,0.25,train
sample_08973.jpg,SRC_057,-5.0,180.0,57.599617,N-summer,0.25,calibration
sample_08974.jpg,SRC_136,-35.0,180.0,76.922409,N-spring,0.5,train
sample_08975.jpg,SRC_022,20.0,180.0,41.513642,N-spring,0.25,train
sample_08976.jpg,SRC_009,-25.0,180.0,73.827745,N-spring,0.5,train
sample_08977.jpg,SRC_120,90.0,0.0,69.983669,N-summer,0.25,train
sample_08978.jpg,SRC_108,-40.0,180.0,68.856247,N-summer,0.5,calibration
sample_08979.jpg,SRC_103,-35.0,180.0,57.090396,N-autumn,0.25,train
sample_08980.jpg,SRC_091,-40.0,180.0,72.511342,N-summer,0.5,train
sample_08981.jpg,SRC_009,-25.0,180.0,73.827745,N-spring,0.5,train
sample_08982.jpg,SRC_109,50.0,180.0,54.137665,N-summer,0.25,validation
sample_08983.jpg,SRC_014,-40.0,180.0,38.480327,N-winter,0.25,train
sample_08984.jpg,SRC_099,15.0,180.0,42.024472,N-spring,0.5,train
sample_08985.jpg,SRC_080,-25.0,180.0,69.726065,N-summer,0.25,train
sample_08986.jpg,SRC_076,25.0,180.0,63.632584,N-autumn,0.25,train
sample_08987.jpg,SRC_113,-35.0,180.0,36.668707,N-winter,0.25,train
sample_08988.jpg,SRC_124,0.0,180.0,51.928413,N-summer,0.25,train
sample_08989.jpg,SRC_154,0.0,180.0,54.770875,N-summer,0.5,train
sample_08990.jpg,SRC_136,-35.0,180.0,76.922409,N-spring,0.5,train
sample_08991.jpg,SRC_160,-10.0,180.0,50.604377,N-autumn,0.25,train
sample_08992.jpg,SRC_009,-25.0,180.0,73.827745,N-spring,0.5,train
sample_08993.jpg,SRC_013,50.0,180.0,54.051464,N-spring,0.5,train
sample_08994.jpg,SRC_051,20.0,180.0,63.609319,N-autumn,0.5,train
sample_08995.jpg,SRC_104,25.0,180.0,45.102036,N-summer,0.5,validation
sample_08996.jpg,SRC_014,-40.0,180.0,38.480327,N-winter,0.25,train
sample_08997.jpg,SRC_021,-90.0,0.0,68.040851,N-autumn,0.5,train
sample_08998.jpg,SRC_056,-40.0,180.0,74.660587,N-summer,0.5,train
sample_08999.jpg,SRC_004,30.0,180.0,61.107468,N-autumn,0.5,train
sample_09000.jpg,SRC_091,-40.0,180.0,72.511342,N-summer,0.5,train
sample_09001.jpg,SRC_095,-20.0,180.0,56.495654,N-spring,0.5,validation
sample_09002.jpg,SRC_001,-5.0,180.0,51.987197,N-spring,0.5,train
sample_09003.jpg,SRC_026,90.0,0.0,57.238404,N-spring,0.25,calibration
sample_09004.jpg,SRC_112,-30.0,180.0,67.516648,N-spring,0.5,train
sample_09005.jpg,SRC_045,-90.0,0.0,70.559818,N-autumn,0.25,train
sample_09006.jpg,SRC_040,90.0,0.0,57.651744,N-spring,0.5,train
sample_09007.jpg,SRC_002,40.0,180.0,45.868768,N-summer,0.25,train
sample_09008.jpg,SRC_115,25.0,180.0,41.8845,N-spring,0.25,train
sample_09009.jpg,SRC_009,-25.0,180.0,73.827745,N-spring,0.5,train
sample_09010.jpg,SRC_164,20.0,180.0,59.226879,N-autumn,0.25,train
sample_09011.jpg,SRC_108,-40.0,180.0,68.856247,N-summer,0.5,calibration
sample_09012.jpg,SRC_058,30.0,180.0,69.060883,N-autumn,0.5,train
sample_09013.jpg,SRC_113,-35.0,180.0,36.668707,N-winter,0.25,train
sample_09014.jpg,SRC_092,5.0,180.0,57.429528,N-autumn,0.25,train
sample_09015.jpg,SRC_087,0.0,180.0,54.65824,N-summer,0.25,calibration
sample_09016.jpg,SRC_146,10.0,180.0,58.0428,N-summer,0.5,train
sample_09017.jpg,SRC_009,-25.0,180.0,73.827745,N-spring,0.5,train
sample_09018.jpg,SRC_014,-40.0,180.0,38.480327,N-winter,0.25,train
sample_09019.jpg,SRC_156,10.0,180.0,48.737382,N-summer,0.25,validation
sample_09020.jpg,SRC_100,20.0,180.0,41.506528,N-spring,0.25,train
sample_09021.jpg,SRC_085,0.0,180.0,39.187341,N-spring,0.25,train
sample_09022.jpg,SRC_091,-40.0,180.0,72.511342,N-summer,0.5,train
sample_09023.jpg,SRC_169,40.0,180.0,48.615664,N-summer,0.25,train
sample_09024.jpg,SRC_114,-10.0,180.0,58.176498,N-autumn,0.5,train
sample_09025.jpg,SRC_096,25.0,180.0,40.422288,N-spring,0.25,train
sample_09026.jpg,SRC_040,90.0,0.0,57.651744,N-spring,0.5,train
sample_09027.jpg,SRC_076,25.0,180.0,63.632584,N-autumn,0.25,train
sample_09028.jpg,SRC_047,0.0,180.0,48.028677,N-spring,0.5,validation
sample_09029.jpg,SRC_108,-40.0,180.0,68.856247,N-summer,0.5,calibration
sample_09030.jpg,SRC_158,-5.0,180.0,35.954137,N-winter,0.25,train
sample_09031.jpg,SRC_051,20.0,180.0,63.609319,N-autumn,0.5,train
sample_09032.jpg,SRC_071,20.0,180.0,40.070501,N-spring,0.25,train
sample_09033.jpg,SRC_093,-25.0,180.0,43.343655,N-autumn,0.5,calibration
sample_09034.jpg,SRC_137,-5.0,180.0,45.053172,N-spring,0.25,train
sample_09035.jpg,SRC_085,0.0,180.0,39.187341,N-spring,0.25,train
sample_09036.jpg,SRC_026,90.0,0.0,57.238404,N-spring,0.25,calibration
sample_09037.jpg,SRC_014,-40.0,180.0,38.480327,N-winter,0.25,train
sample_09038.jpg,SRC_124,0.0,180.0,51.928413,N-summer,0.25,train
sample_09039.jpg,SRC_091,-40.0,180.0,72.511342,N-summer,0.5,train
sample_09040.jpg,SRC_038,-15.0,180.0,32.097448,N-winter,0.25,train
sample_09041.jpg,SRC_096,25.0,180.0,40.422288,N-spring,0.25,train
sample_09042.jpg,SRC_087,0.0,180.0,54.65824,N-summer,0.25,calibration
sample_09043.jpg,SRC_040,90.0,0.0,57.651744,N-spring,0.5,train
sample_09044.jpg,SRC_095,-20.0,180.0,56.495654,N-spring,0.5,validation
sample_09045.jpg,SRC_009,-25.0,180.0,73.827745,N-spring,0.5,train
sample_09046.jpg,SRC_030,-25.0,180.0,67.936804,N-spring,0.5,train
sample_09047.jpg,SRC_134,-30.0,180.0,69.607895,N-spring,0.5,train
sample_09048.jpg,SRC_022,20.0,180.0,41.513642,N-spring,0.25,train
sample_09049.jpg,SRC_091,-40.0,180.0,72.511342,N-summer,0.5,train
sample_09050.jpg,SRC_115,25.0,180.0,41.8845,N-spring,0.25,train
sample_09051.jpg,SRC_046,0.0,180.0,58.061031,N-autumn,0.25,calibration
sample_09052.jpg,SRC_037,15.0,180.0,44.468297,N-spring,0.25,train
sample_09053.jpg,SRC_157,40.0,180.0,44.22455,N-summer,0.25,calibration
sample_09054.jpg,SRC_018,-90.0,0.0,67.882485,N-winter,0.25,train
sample_09055.jpg,SRC_161,5.0,180.0,52.294471,N-summer,0.25,train
sample_09056.jpg,SRC_051,20.0,180.0,63.609319,N-autumn,0.5,train
sample_09057.jpg,SRC_055,-5.0,180.0,57.335076,N-spring,0.25,train
sample_09058.jpg,SRC_086,15.0,180.0,43.648742,N-summer,0.5,validation
sample_09059.jpg,SRC_057,-5.0,180.0,57.599617,N-summer,0.25,calibration
sample_09060.jpg,SRC_080,-25.0,180.0,69.726065,N-summer,0.25,train
sample_09061.jpg,SRC_030,-25.0,180.0,67.936804,N-spring,0.5,train
sample_09062.jpg,SRC_019,90.0,0.0,60.00919,N-summer,0.25,train
sample_09063.jpg,SRC_140,35.0,180.0,44.85556,N-spring,0.25,train
sample_09064.jpg,SRC_085,0.0,180.0,39.187341,N-spring,0.25,train
sample_09065.jpg,SRC_159,20.0,180.0,67.076816,N-autumn,0.25,train
sample_09066.jpg,SRC_083,0.0,180.0,55.378885,N-spring,0.25,calibration
sample_09067.jpg,SRC_039,90.0,0.0,70.63275,N-summer,0.5,calibration
sample_09068.jpg,SRC_030,-25.0,180.0,67.936804,N-spring,0.5,train
sample_09069.jpg,SRC_036,5.0,180.0,52.749586,N-summer,0.25,train
sample_09070.jpg,SRC_112,-30.0,180.0,67.516648,N-spring,0.5,train
sample_09071.jpg,SRC_115,25.0,180.0,41.8845,N-spring,0.25,train
sample_09072.jpg,SRC_017,-90.0,0.0,64.6979,N-winter,0.25,train
sample_09073.jpg,SRC_011,-20.0,180.0,70.371153,N-summer,0.25,train
sample_09074.jpg,SRC_030,-25.0,180.0,67.936804,N-spring,0.5,train
sample_09075.jpg,SRC_103,-35.0,180.0,57.090396,N-autumn,0.25,train
sample_09076.jpg,SRC_016,10.0,180.0,55.552023,N-winter,0.5,calibration
sample_09077.jpg,SRC_026,90.0,0.0,57.238404,N-spring,0.25,calibration
sample_09078.jpg,SRC_104,25.0,180.0,45.102036,N-summer,0.5,validation
sample_09079.jpg,SRC_009,-25.0,180.0,73.827745,N-spring,0.5,train
sample_09080.jpg,SRC_051,20.0,180.0,63.609319,N-autumn,0.5,train
sample_09081.jpg,SRC_010,90.0,0.0,74.440619,N-summer,0.5,calibration
sample_09082.jpg,SRC_094,20.0,180.0,66.934532,N-autumn,0.25,train
sample_09083.jpg,SRC_051,20.0,180.0,63.609319,N-autumn,0.5,train
sample_09084.jpg,SRC_077,-5.0,180.0,34.299081,N-winter,0.25,train
sample_09085.jpg,SRC_051,20.0,180.0,63.609319,N-autumn,0.5,train
sample_09086.jpg,SRC_083,0.0,180.0,55.378885,N-spring,0.25,calibration
sample_09087.jpg,SRC_091,-40.0,180.0,72.511342,N-summer,0.5,train
sample_09088.jpg,SRC_071,20.0,180.0,40.070501,N-spring,0.25,train
sample_09089.jpg,SRC_111,-35.0,180.0,79.069883,N-spring,1.0,train
sample_09090.jpg,SRC_082,-10.0,180.0,60.444036,N-spring,0.25,calibration
sample_09091.jpg,SRC_005,0.0,180.0,55.846781,N-summer,0.5,validation
sample_09092.jpg,SRC_006,-15.0,180.0,65.638079,N-spring,0.5,train
sample_09093.jpg,SRC_169,40.0,180.0,48.615664,N-summer,0.25,train
sample_09094.jpg,SRC_051,20.0,180.0,63.609319,N-autumn,0.5,train
sample_09095.jpg,SRC_114,-10.0,180.0,58.176498,N-autumn,0.5,train
sample_09096.jpg,SRC_148,-15.0,180.0,49.227137,N-autumn,0.25,train
sample_09097.jpg,SRC_027,35.0,180.0,41.369436,N-spring,0.5,train
sample_09098.jpg,SRC_040,90.0,0.0,57.651744,N-spring,0.5,train
sample_09099.jpg,SRC_171,-35.0,180.0,63.65778,N-spring,0.25,train
sample_09100.jpg,SRC_109,50.0,180.0,54.137665,N-summer,0.25,validation
sample_09101.jpg,SRC_107,20.0,180.0,65.68027,N-autumn,0.5,train
sample_09102.jpg,SRC_146,10.0,180.0,58.0428,N-summer,0.5,train
sample_09103.jpg,SRC_133,-10.0,180.0,48.887369,N-spring,0.5,train
sample_09104.jpg,SRC_107,20.0,180.0,65.68027,N-autumn,0.5,train
sample_09105.jpg,SRC_142,-30.0,180.0,34.276784,N-winter,0.25,train
sample_09106.jpg,SRC_006,-15.0,180.0,65.638079,N-spring,0.5,train
sample_09107.jpg,SRC_153,-40.0,180.0,43.960452,N-autumn,0.25,train
sample_09108.jpg,SRC_063,25.0,180.0,41.329237,N-spring,0.25,train
sample_09109.jpg,SRC_097,0.0,180.0,35.318175,N-winter,0.25,train
sample_09110.jpg,SRC_074,0.0,180.0,50.25459,N-spring,0.5,train
sample_09111.jpg,SRC_169,40.0,180.0,48.615664,N-summer,0.25,train
sample_09112.jpg,SRC_142,-30.0,180.0,34.276784,N-winter,0.25,train
sample_09113.jpg,SRC_047,0.0,180.0,48.028677,N-spring,0.5,validation
sample_09114.jpg,SRC_026,90.0,0.0,57.238404,N-spring,0.25,calibration
sample_09115.jpg,SRC_170,-20.0,180.0,56.332579,N-autumn,0.25,validation
sample_09116.jpg,SRC_011,-20.0,180.0,70.371153,N-summer,0.25,train
sample_09117.jpg,SRC_062,45.0,180.0,81.508965,N-autumn,0.5,train
sample_09118.jpg,SRC_028,10.0,180.0,42.894848,N-spring,0.25,calibration
sample_09119.jpg,SRC_103,-35.0,180.0,57.090396,N-autumn,0.25,train
sample_09120.jpg,SRC_135,5.0,180.0,41.328761,N-winter,0.5,train
sample_09121.jpg,SRC_096,25.0,180.0,40.422288,N-spring,0.25,train
sample_09122.jpg,SRC_085,0.0,180.0,39.187341,N-spring,0.25,train
sample_09123.jpg,SRC_088,0.0,180.0,53.004483,N-summer,0.25,train
sample_09124.jpg,SRC_047,0.0,180.0,48.028677,N-spring,0.5,validation
sample_09125.jpg,SRC_129,20.0,180.0,41.057252,N-spring,0.25,validation
sample_09126.jpg,SRC_027,35.0,180.0,41.369436,N-spring,0.5,train
sample_09127.jpg,SRC_157,40.0,180.0,44.22455,N-summer,0.25,calibration
sample_09128.jpg,SRC_121,25.0,180.0,67.446292,N-autumn,0.5,train
sample_09129.jpg,SRC_109,50.0,180.0,54.137665,N-summer,0.25,validation
sample_09130.jpg,SRC_107,20.0,180.0,65.68027,N-autumn,0.5,train
sample_09131.jpg,SRC_088,0.0,180.0,53.004483,N-summer,0.25,train
sample_09132.jpg,SRC_006,-15.0,180.0,65.638079,N-spring,0.5,train
sample_09133.jpg,SRC_071,20.0,180.0,40.070501,N-spring,0.25,train
sample_09134.jpg,SRC_123,0.0,180.0,54.598149,N-autumn,0.5,train
sample_09135.jpg,SRC_143,90.0,0.0,68.916652,N-spring,0.5,train
sample_09136.jpg,SRC_158,-5.0,180.0,35.954137,N-winter,0.25,train
sample_09137.jpg,SRC_010,90.0,0.0,74.440619,N-summer,0.5,calibration
sample_09138.jpg,SRC_114,-10.0,180.0,58.176498,N-autumn,0.5,train
sample_09139.jpg,SRC_009,-25.0,180.0,73.827745,N-spring,0.5,train
sample_09140.jpg,SRC_055,-5.0,180.0,57.335076,N-spring,0.25,train
sample_09141.jpg,SRC_133,-10.0,180.0,48.887369,N-spring,0.5,train
sample_09142.jpg,SRC_138,25.0,180.0,44.714676,N-summer,0.25,train
sample_09143.jpg,SRC_040,90.0,0.0,57.651744,N-spring,0.5,train
sample_09144.jpg,SRC_050,0.0,180.0,53.680047,N-summer,0.25,calibration
sample_09145.jpg,SRC_066,-10.0,180.0,61.81065,N-summer,0.5,calibration
sample_09146.jpg,SRC_069,25.0,180.0,48.120522,N-summer,0.5,train
sample_09147.jpg,SRC_091,-40.0,180.0,72.511342,N-summer,0.5,train
sample_09148.jpg,SRC_013,50.0,180.0,54.051464,N-spring,0.5,train
sample_09149.jpg,SRC_038,-15.0,180.0,32.097448,N-winter,0.25,train
sample_09150.jpg,SRC_050,0.0,180.0,53.680047,N-summer,0.25,calibration
sample_09151.jpg,SRC_100,20.0,180.0,41.506528,N-spring,0.25,train
sample_09152.jpg,SRC_153,-40.0,180.0,43.960452,N-autumn,0.25,train
sample_09153.jpg,SRC_086,15.0,180.0,43.648742,N-summer,0.5,validation
sample_09154.jpg,SRC_171,-35.0,180.0,63.65778,N-spring,0.25,train
sample_09155.jpg,SRC_029,-5.0,180.0,45.485648,N-autumn,0.25,calibration
sample_09156.jpg,SRC_035,0.0,180.0,56.990187,N-autumn,0.25,train
sample_09157.jpg,SRC_013,50.0,180.0,54.051464,N-spring,0.5,train
sample_09158.jpg,SRC_108,-40.0,180.0,68.856247,N-summer,0.5,calibration
sample_09159.jpg,SRC_030,-25.0,180.0,67.936804,N-spring,0.5,train
sample_09160.jpg,SRC_112,-30.0,180.0,67.516648,N-spring,0.5,train
sample_09161.jpg,SRC_005,0.0,180.0,55.846781,N-summer,0.5,validation
sample_09162.jpg,SRC_076,25.0,180.0,63.632584,N-autumn,0.25,train
sample_09163.jpg,SRC_156,10.0,180.0,48.737382,N-summer,0.25,validation
sample_09164.jpg,SRC_121,25.0,180.0,67.446292,N-autumn,0.5,train
sample_09165.jpg,SRC_112,-30.0,180.0,67.516648,N-spring,0.5,train
sample_09166.jpg,SRC_052,5.0,180.0,51.705435,N-summer,0.25,train
sample_09167.jpg,SRC_020,35.0,180.0,42.075965,N-summer,0.25,calibration
sample_09168.jpg,SRC_005,0.0,180.0,55.846781,N-summer,0.5,validation
sample_09169.jpg,SRC_095,-20.0,180.0,56.495654,N-spring,0.5,validation
sample_09170.jpg,SRC_057,-5.0,180.0,57.599617,N-summer,0.25,calibration
sample_09171.jpg,SRC_027,35.0,180.0,41.369436,N-spring,0.5,train
sample_09172.jpg,SRC_083,0.0,180.0,55.378885,N-spring,0.25,calibration
sample_09173.jpg,SRC_140,35.0,180.0,44.85556,N-spring,0.25,train
sample_09174.jpg,SRC_055,-5.0,180.0,57.335076,N-spring,0.25,train
sample_09175.jpg,SRC_087,0.0,180.0,54.65824,N-summer,0.25,calibration
sample_09176.jpg,SRC_075,-90.0,0.0,65.329336,N-winter,0.25,train
sample_09177.jpg,SRC_004,30.0,180.0,61.107468,N-autumn,0.5,train
sample_09178.jpg,SRC_061,50.0,180.0,43.110277,N-spring,0.5,train
sample_09179.jpg,SRC_076,25.0,180.0,63.632584,N-autumn,0.25,train
sample_09180.jpg,SRC_073,45.0,180.0,41.537171,N-spring,0.25,train
sample_09181.jpg,SRC_121,25.0,180.0,67.446292,N-autumn,0.5,train
sample_09182.jpg,SRC_109,50.0,180.0,54.137665,N-summer,0.25,validation
sample_09183.jpg,SRC_171,-35.0,180.0,63.65778,N-spring,0.25,train
sample_09184.jpg,SRC_042,10.0,180.0,36.92431,N-spring,0.5,calibration
sample_09185.jpg,SRC_009,-25.0,180.0,73.827745,N-spring,0.5,train
sample_09186.jpg,SRC_116,5.0,180.0,41.203028,N-spring,0.25,calibration
sample_09187.jpg,SRC_168,90.0,0.0,64.709631,N-summer,0.25,validation
sample_09188.jpg,SRC_157,40.0,180.0,44.22455,N-summer,0.25,calibration
sample_09189.jpg,SRC_156,10.0,180.0,48.737382,N-summer,0.25,validation
sample_09190.jpg,SRC_059,15.0,180.0,48.046698,N-summer,0.25,train
sample_09191.jpg,SRC_051,20.0,180.0,63.609319,N-autumn,0.5,train
sample_09192.jpg,SRC_020,35.0,180.0,42.075965,N-summer,0.25,calibration
sample_09193.jpg,SRC_009,-25.0,180.0,73.827745,N-spring,0.5,train
sample_09194.jpg,SRC_028,10.0,180.0,42.894848,N-spring,0.25,calibration
sample_09195.jpg,SRC_124,0.0,180.0,51.928413,N-summer,0.25,train
sample_09196.jpg,SRC_027,35.0,180.0,41.369436,N-spring,0.5,train
sample_09197.jpg,SRC_158,-5.0,180.0,35.954137,N-winter,0.25,train
sample_09198.jpg,SRC_051,20.0,180.0,63.609319,N-autumn,0.5,train
sample_09199.jpg,SRC_030,-25.0,180.0,67.936804,N-spring,0.5,train
sample_09200.jpg,SRC_096,25.0,180.0,40.422288,N-spring,0.25,train
sample_09201.jpg,SRC_041,15.0,180.0,46.712049,N-summer,0.25,validation
sample_09202.jpg,SRC_003,0.0,180.0,38.090051,N-spring,0.25,validation
sample_09203.jpg,SRC_092,5.0,180.0,57.429528,N-autumn,0.25,train
sample_09204.jpg,SRC_082,-10.0,180.0,60.444036,N-spring,0.25,calibration
sample_09205.jpg,SRC_009,-25.0,180.0,73.827745,N-spring,0.5,train
sample_09206.jpg,SRC_055,-5.0,180.0,57.335076,N-spring,0.25,train
sample_09207.jpg,SRC_109,50.0,180.0,54.137665,N-summer,0.25,validation
sample_09208.jpg,SRC_006,-15.0,180.0,65.638079,N-spring,0.5,train
sample_09209.jpg,SRC_086,15.0,180.0,43.648742,N-summer,0.5,validation
sample_09210.jpg,SRC_014,-40.0,180.0,38.480327,N-winter,0.25,train
sample_09211.jpg,SRC_034,40.0,180.0,46.055099,N-summer,0.25,validation
sample_09212.jpg,SRC_142,-30.0,180.0,34.276784,N-winter,0.25,train
sample_09213.jpg,SRC_121,25.0,180.0,67.446292,N-autumn,0.5,train
sample_09214.jpg,SRC_086,15.0,180.0,43.648742,N-summer,0.5,validation
sample_09215.jpg,SRC_014,-40.0,180.0,38.480327,N-winter,0.25,train
sample_09216.jpg,SRC_145,-5.0,180.0,52.15166,N-spring,0.25,train
sample_09217.jpg,SRC_042,10.0,180.0,36.92431,N-spring,0.5,calibration
sample_09218.jpg,SRC_121,25.0,180.0,67.446292,N-autumn,0.5,train
sample_09219.jpg,SRC_070,60.0,180.0,58.788969,N-summer,0.5,train
sample_09220.jpg,SRC_082,-10.0,180.0,60.444036,N-spring,0.25,calibration
sample_09221.jpg,SRC_108,-40.0,180.0,68.856247,N-summer,0.5,calibration
sample_09222.jpg,SRC_127,-35.0,180.0,47.507974,N-autumn,0.5,validation
sample_09223.jpg,SRC_009,-25.0,180.0,73.827745,N-spring,0.5,train
sample_09224.jpg,SRC_133,-10.0,180.0,48.887369,N-spring,0.5,train
sample_09225.jpg,SRC_146,10.0,180.0,58.0428,N-summer,0.5,train
sample_09226.jpg,SRC_088,0.0,180.0,53.004483,N-summer,0.25,train
sample_09227.jpg,SRC_083,0.0,180.0,55.378885,N-spring,0.25,calibration
sample_09228.jpg,SRC_047,0.0,180.0,48.028677,N-spring,0.5,validation
sample_09229.jpg,SRC_067,-15.0,180.0,64.724247,N-spring,0.5,calibration
sample_09230.jpg,SRC_109,50.0,180.0,54.137665,N-summer,0.25,validation
sample_09231.jpg,SRC_013,50.0,180.0,54.051464,N-spring,0.5,train
sample_09232.jpg,SRC_020,35.0,180.0,42.075965,N-summer,0.25,calibration
sample_09233.jpg,SRC_069,25.0,180.0,48.120522,N-summer,0.5,train
sample_09234.jpg,SRC_106,25.0,180.0,40.638999,N-spring,0.5,validation
sample_09235.jpg,SRC_123,0.0,180.0,54.598149,N-autumn,0.5,train
sample_09236.jpg,SRC_065,30.0,180.0,68.700871,N-winter,0.5,train
sample_09237.jpg,SRC_168,90.0,0.0,64.709631,N-summer,0.25,validation
sample_09238.jpg,SRC_049,5.0,180.0,42.94902,N-spring,0.25,train
sample_09239.jpg,SRC_011,-20.0,180.0,70.371153,N-summer,0.25,train
sample_09240.jpg,SRC_154,0.0,180.0,54.770875,N-summer,0.5,train
sample_09241.jpg,SRC_102,-10.0,180.0,52.255853,N-spring,0.25,train
sample_09242.jpg,SRC_073,45.0,180.0,41.537171,N-spring,0.25,train
sample_09243.jpg,SRC_074,0.0,180.0,50.25459,N-spring,0.5,train
sample_09244.jpg,SRC_169,40.0,180.0,48.615664,N-summer,0.25,train
sample_09245.jpg,SRC_157,40.0,180.0,44.22455,N-summer,0.25,calibration
sample_09246.jpg,SRC_111,-35.0,180.0,79.069883,N-spring,1.0,train
sample_09247.jpg,SRC_027,35.0,180.0,41.369436,N-spring,0.5,train
sample_09248.jpg,SRC_121,25.0,180.0,67.446292,N-autumn,0.5,train
sample_09249.jpg,SRC_014,-40.0,180.0,38.480327,N-winter,0.25,train
sample_09250.jpg,SRC_108,-40.0,180.0,68.856247,N-summer,0.5,calibration
sample_09251.jpg,SRC_075,-90.0,0.0,65.329336,N-winter,0.25,train
sample_09252.jpg,SRC_076,25.0,180.0,63.632584,N-autumn,0.25,train
sample_09253.jpg,SRC_163,0.0,180.0,39.987447,N-winter,0.25,train
sample_09254.jpg,SRC_076,25.0,180.0,63.632584,N-autumn,0.25,train
sample_09255.jpg,SRC_145,-5.0,180.0,52.15166,N-spring,0.25,train
sample_09256.jpg,SRC_095,-20.0,180.0,56.495654,N-spring,0.5,validation
sample_09257.jpg,SRC_134,-30.0,180.0,69.607895,N-spring,0.5,train
sample_09258.jpg,SRC_074,0.0,180.0,50.25459,N-spring,0.5,train
sample_09259.jpg,SRC_092,5.0,180.0,57.429528,N-autumn,0.25,train
sample_09260.jpg,SRC_170,-20.0,180.0,56.332579,N-autumn,0.25,validation
sample_09261.jpg,SRC_047,0.0,180.0,48.028677,N-spring,0.5,validation
sample_09262.jpg,SRC_058,30.0,180.0,69.060883,N-autumn,0.5,train
sample_09263.jpg,SRC_111,-35.0,180.0,79.069883,N-spring,1.0,train
sample_09264.jpg,SRC_071,20.0,180.0,40.070501,N-spring,0.25,train
sample_09265.jpg,SRC_158,-5.0,180.0,35.954137,N-winter,0.25,train
sample_09266.jpg,SRC_126,-20.0,180.0,68.779144,N-summer,0.5,train
sample_09267.jpg,SRC_001,-5.0,180.0,51.987197,N-spring,0.5,train
sample_09268.jpg,SRC_061,50.0,180.0,43.110277,N-spring,0.5,train
sample_09269.jpg,SRC_139,40.0,180.0,53.533251,N-winter,0.25,train
sample_09270.jpg,SRC_106,25.0,180.0,40.638999,N-spring,0.5,validation
sample_09271.jpg,SRC_006,-15.0,180.0,65.638079,N-spring,0.5,train
sample_09272.jpg,SRC_009,-25.0,180.0,73.827745,N-spring,0.5,train
sample_09273.jpg,SRC_002,40.0,180.0,45.868768,N-summer,0.25,train
sample_09274.jpg,SRC_088,0.0,180.0,53.004483,N-summer,0.25,train
sample_09275.jpg,SRC_006,-15.0,180.0,65.638079,N-spring,0.5,train
sample_09276.jpg,SRC_051,20.0,180.0,63.609319,N-autumn,0.5,train
sample_09277.jpg,SRC_126,-20.0,180.0,68.779144,N-summer,0.5,train
sample_09278.jpg,SRC_076,25.0,180.0,63.632584,N-autumn,0.25,train
sample_09279.jpg,SRC_050,0.0,180.0,53.680047,N-summer,0.25,calibration
sample_09280.jpg,SRC_123,0.0,180.0,54.598149,N-autumn,0.5,train
sample_09281.jpg,SRC_048,-25.0,180.0,61.920556,N-autumn,0.25,calibration
sample_09282.jpg,SRC_009,-25.0,180.0,73.827745,N-spring,0.5,train
sample_09283.jpg,SRC_171,-35.0,180.0,63.65778,N-spring,0.25,train
sample_09284.jpg,SRC_096,25.0,180.0,40.422288,N-spring,0.25,train
sample_09285.jpg,SRC_121,25.0,180.0,67.446292,N-autumn,0.5,train
sample_09286.jpg,SRC_158,-5.0,180.0,35.954137,N-winter,0.25,train
sample_09287.jpg,SRC_108,-40.0,180.0,68.856247,N-summer,0.5,calibration
sample_09288.jpg,SRC_085,0.0,180.0,39.187341,N-spring,0.25,train
sample_09289.jpg,SRC_021,-90.0,0.0,68.040851,N-autumn,0.5,train
sample_09290.jpg,SRC_124,0.0,180.0,51.928413,N-summer,0.25,train
sample_09291.jpg,SRC_115,25.0,180.0,41.8845,N-spring,0.25,train
sample_09292.jpg,SRC_014,-40.0,180.0,38.480327,N-winter,0.25,train
sample_09293.jpg,SRC_113,-35.0,180.0,36.668707,N-winter,0.25,train
sample_09294.jpg,SRC_038,-15.0,180.0,32.097448,N-winter,0.25,train
sample_09295.jpg,SRC_167,90.0,0.0,58.639078,N-summer,0.5,validation
sample_09296.jpg,SRC_011,-20.0,180.0,70.371153,N-summer,0.25,train
sample_09297.jpg,SRC_170,-20.0,180.0,56.332579,N-autumn,0.25,validation
sample_09298.jpg,SRC_169,40.0,180.0,48.615664,N-summer,0.25,train
sample_09299.jpg,SRC_086,15.0,180.0,43.648742,N-summer,0.5,validation
sample_09300.jpg,SRC_094,20.0,180.0,66.934532,N-autumn,0.25,train
sample_09301.jpg,SRC_105,90.0,0.0,71.333916,N-summer,0.5,train
sample_09302.jpg,SRC_015,20.0,180.0,46.484204,N-summer,0.25,train
sample_09303.jpg,SRC_112,-30.0,180.0,67.516648,N-spring,0.5,train
sample_09304.jpg,SRC_108,-40.0,180.0,68.856247,N-summer,0.5,calibration
sample_09305.jpg,SRC_170,-20.0,180.0,56.332579,N-autumn,0.25,validation
sample_09306.jpg,SRC_013,50.0,180.0,54.051464,N-spring,0.5,train
sample_09307.jpg,SRC_126,-20.0,180.0,68.779144,N-summer,0.5,train
sample_09308.jpg,SRC_065,30.0,180.0,68.700871,N-winter,0.5,train
sample_09309.jpg,SRC_016,10.0,180.0,55.552023,N-winter,0.5,calibration
sample_09310.jpg,SRC_027,35.0,180.0,41.369436,N-spring,0.5,train
sample_09311.jpg,SRC_131,10.0,180.0,60.540464,N-autumn,0.5,train
sample_09312.jpg,SRC_009,-25.0,180.0,73.827745,N-spring,0.5,train
sample_09313.jpg,SRC_069,25.0,180.0,48.120522,N-summer,0.5,train
sample_09314.jpg,SRC_158,-5.0,180.0,35.954137,N-winter,0.25,train
sample_09315.jpg,SRC_127,-35.0,180.0,47.507974,N-autumn,0.5,validation
sample_09316.jpg,SRC_108,-40.0,180.0,68.856247,N-summer,0.5,calibration
sample_09317.jpg,SRC_006,-15.0,180.0,65.638079,N-spring,0.5,train
sample_09318.jpg,SRC_006,-15.0,180.0,65.638079,N-spring,0.5,train
sample_09319.jpg,SRC_112,-30.0,180.0,67.516648,N-spring,0.5,train
sample_09320.jpg,SRC_009,-25.0,180.0,73.827745,N-spring,0.5,train
sample_09321.jpg,SRC_159,20.0,180.0,67.076816,N-autumn,0.25,train
sample_09322.jpg,SRC_015,20.0,180.0,46.484204,N-summer,0.25,train
sample_09323.jpg,SRC_014,-40.0,180.0,38.480327,N-winter,0.25,train
sample_09324.jpg,SRC_116,5.0,180.0,41.203028,N-spring,0.25,calibration
sample_09325.jpg,SRC_014,-40.0,180.0,38.480327,N-winter,0.25,train
sample_09326.jpg,SRC_113,-35.0,180.0,36.668707,N-winter,0.25,train
sample_09327.jpg,SRC_112,-30.0,180.0,67.516648,N-spring,0.5,train
sample_09328.jpg,SRC_009,-25.0,180.0,73.827745,N-spring,0.5,train
sample_09329.jpg,SRC_096,25.0,180.0,40.422288,N-spring,0.25,train
sample_09330.jpg,SRC_112,-30.0,180.0,67.516648,N-spring,0.5,train
sample_09331.jpg,SRC_114,-10.0,180.0,58.176498,N-autumn,0.5,train
sample_09332.jpg,SRC_144,-35.0,180.0,76.731052,N-spring,0.5,train
sample_09333.jpg,SRC_121,25.0,180.0,67.446292,N-autumn,0.5,train
sample_09334.jpg,SRC_101,5.0,180.0,48.479381,N-winter,0.25,validation
sample_09335.jpg,SRC_033,45.0,180.0,66.067561,N-summer,0.25,train
sample_09336.jpg,SRC_148,-15.0,180.0,49.227137,N-autumn,0.25,train
sample_09337.jpg,SRC_124,0.0,180.0,51.928413,N-summer,0.25,train
sample_09338.jpg,SRC_027,35.0,180.0,41.369436,N-spring,0.5,train
sample_09339.jpg,SRC_013,50.0,180.0,54.051464,N-spring,0.5,train
sample_09340.jpg,SRC_111,-35.0,180.0,79.069883,N-spring,1.0,train
sample_09341.jpg,SRC_040,90.0,0.0,57.651744,N-spring,0.5,train
sample_09342.jpg,SRC_121,25.0,180.0,67.446292,N-autumn,0.5,train
sample_09343.jpg,SRC_149,90.0,0.0,55.701783,N-summer,0.25,train
sample_09344.jpg,SRC_027,35.0,180.0,41.369436,N-spring,0.5,train
sample_09345.jpg,SRC_141,-10.0,180.0,55.206291,N-spring,0.25,train
sample_09346.jpg,SRC_041,15.0,180.0,46.712049,N-summer,0.25,validation
sample_09347.jpg,SRC_009,-25.0,180.0,73.827745,N-spring,0.5,train
sample_09348.jpg,SRC_136,-35.0,180.0,76.922409,N-spring,0.5,train
sample_09349.jpg,SRC_042,10.0,180.0,36.92431,N-spring,0.5,calibration
sample_09350.jpg,SRC_112,-30.0,180.0,67.516648,N-spring,0.5,train
sample_09351.jpg,SRC_081,-90.0,0.0,74.772433,N-autumn,0.25,calibration
sample_09352.jpg,SRC_065,30.0,180.0,68.700871,N-winter,0.5,train
sample_09353.jpg,SRC_089,10.0,180.0,48.442522,N-winter,0.25,calibration
sample_09354.jpg,SRC_121,25.0,180.0,67.446292,N-autumn,0.5,train
sample_09355.jpg,SRC_103,-35.0,180.0,57.090396,N-autumn,0.25,train
sample_09356.jpg,SRC_065,30.0,180.0,68.700871,N-winter,0.5,train
sample_09357.jpg,SRC_072,15.0,180.0,46.966801,N-winter,0.25,train
sample_09358.jpg,SRC_095,-20.0,180.0,56.495654,N-spring,0.5,validation
sample_09359.jpg,SRC_076,25.0,180.0,63.632584,N-autumn,0.25,train
sample_09360.jpg,SRC_021,-90.0,0.0,68.040851,N-autumn,0.5,train
sample_09361.jpg,SRC_018,-90.0,0.0,67.882485,N-winter,0.25,train
sample_09362.jpg,SRC_158,-5.0,180.0,35.954137,N-winter,0.25,train
sample_09363.jpg,SRC_108,-40.0,180.0,68.856247,N-summer,0.5,calibration
sample_09364.jpg,SRC_097,0.0,180.0,35.318175,N-winter,0.25,train
sample_09365.jpg,SRC_109,50.0,180.0,54.137665,N-summer,0.25,validation
sample_09366.jpg,SRC_169,40.0,180.0,48.615664,N-summer,0.25,train
sample_09367.jpg,SRC_091,-40.0,180.0,72.511342,N-summer,0.5,train
sample_09368.jpg,SRC_158,-5.0,180.0,35.954137,N-winter,0.25,train
sample_09369.jpg,SRC_074,0.0,180.0,50.25459,N-spring,0.5,train
sample_09370.jpg,SRC_166,90.0,0.0,60.094207,N-spring,0.5,validation
sample_09371.jpg,SRC_115,25.0,180.0,41.8845,N-spring,0.25,train
sample_09372.jpg,SRC_040,90.0,0.0,57.651744,N-spring,0.5,train
sample_09373.jpg,SRC_028,10.0,180.0,42.894848,N-spring,0.25,calibration
sample_09374.jpg,SRC_078,15.0,180.0,40.437008,N-spring,0.25,train
sample_09375.jpg,SRC_013,50.0,180.0,54.051464,N-spring,0.5,train
sample_09376.jpg,SRC_141,-10.0,180.0,55.206291,N-spring,0.25,train
sample_09377.jpg,SRC_097,0.0,180.0,35.318175,N-winter,0.25,train
sample_09378.jpg,SRC_108,-40.0,180.0,68.856247,N-summer,0.5,calibration
sample_09379.jpg,SRC_027,35.0,180.0,41.369436,N-spring,0.5,train
sample_09380.jpg,SRC_078,15.0,180.0,40.437008,N-spring,0.25,train
sample_09381.jpg,SRC_159,20.0,180.0,67.076816,N-autumn,0.25,train
sample_09382.jpg,SRC_112,-30.0,180.0,67.516648,N-spring,0.5,train
sample_09383.jpg,SRC_111,-35.0,180.0,79.069883,N-spring,1.0,train
sample_09384.jpg,SRC_158,-5.0,180.0,35.954137,N-winter,0.25,train
sample_09385.jpg,SRC_117,-90.0,0.0,60.317034,N-winter,0.25,calibration
sample_09386.jpg,SRC_100,20.0,180.0,41.506528,N-spring,0.25,train
sample_09387.jpg,SRC_030,-25.0,180.0,67.936804,N-spring,0.5,train
sample_09388.jpg,SRC_161,5.0,180.0,52.294471,N-summer,0.25,train
sample_09389.jpg,SRC_165,10.0,180.0,42.451267,N-winter,0.25,train
sample_09390.jpg,SRC_157,40.0,180.0,44.22455,N-summer,0.25,calibration
sample_09391.jpg,SRC_094,20.0,180.0,66.934532,N-autumn,0.25,train
sample_09392.jpg,SRC_048,-25.0,180.0,61.920556,N-autumn,0.25,calibration
sample_09393.jpg,SRC_049,5.0,180.0,42.94902,N-spring,0.25,train
sample_09394.jpg,SRC_094,20.0,180.0,66.934532,N-autumn,0.25,train
sample_09395.jpg,SRC_156,10.0,180.0,48.737382,N-summer,0.25,validation
sample_09396.jpg,SRC_030,-25.0,180.0,67.936804,N-spring,0.5,train
sample_09397.jpg,SRC_157,40.0,180.0,44.22455,N-summer,0.25,calibration
sample_09398.jpg,SRC_133,-10.0,180.0,48.887369,N-spring,0.5,train
sample_09399.jpg,SRC_104,25.0,180.0,45.102036,N-summer,0.5,validation
sample_09400.jpg,SRC_170,-20.0,180.0,56.332579,N-autumn,0.25,validation
sample_09401.jpg,SRC_108,-40.0,180.0,68.856247,N-summer,0.5,calibration
sample_09402.jpg,SRC_055,-5.0,180.0,57.335076,N-spring,0.25,train
sample_09403.jpg,SRC_151,-15.0,180.0,63.408071,N-summer,0.5,validation
sample_09404.jpg,SRC_004,30.0,180.0,61.107468,N-autumn,0.5,train
sample_09405.jpg,SRC_031,-90.0,0.0,62.684336,N-winter,0.5,train
sample_09406.jpg,SRC_003,0.0,180.0,38.090051,N-spring,0.25,validation
sample_09407.jpg,SRC_074,0.0,180.0,50.25459,N-spring,0.5,train
sample_09408.jpg,SRC_159,20.0,180.0,67.076816,N-autumn,0.25,train
sample_09409.jpg,SRC_087,0.0,180.0,54.65824,N-summer,0.25,calibration
sample_09410.jpg,SRC_144,-35.0,180.0,76.731052,N-spring,0.5,train
sample_09411.jpg,SRC_144,-35.0,180.0,76.731052,N-spring,0.5,train
sample_09412.jpg,SRC_004,30.0,180.0,61.107468,N-autumn,0.5,train
sample_09413.jpg,SRC_096,25.0,180.0,40.422288,N-spring,0.25,train
sample_09414.jpg,SRC_153,-40.0,180.0,43.960452,N-autumn,0.25,train
sample_09415.jpg,SRC_020,35.0,180.0,42.075965,N-summer,0.25,calibration
sample_09416.jpg,SRC_140,35.0,180.0,44.85556,N-spring,0.25,train
sample_09417.jpg,SRC_099,15.0,180.0,42.024472,N-spring,0.5,train
sample_09418.jpg,SRC_076,25.0,180.0,63.632584,N-autumn,0.25,train
sample_09419.jpg,SRC_030,-25.0,180.0,67.936804,N-spring,0.5,train
sample_09420.jpg,SRC_020,35.0,180.0,42.075965,N-summer,0.25,calibration
sample_09421.jpg,SRC_069,25.0,180.0,48.120522,N-summer,0.5,train
sample_09422.jpg,SRC_127,-35.0,180.0,47.507974,N-autumn,0.5,validation
sample_09423.jpg,SRC_169,40.0,180.0,48.615664,N-summer,0.25,train
sample_09424.jpg,SRC_006,-15.0,180.0,65.638079,N-spring,0.5,train
sample_09425.jpg,SRC_114,-10.0,180.0,58.176498,N-autumn,0.5,train
sample_09426.jpg,SRC_009,-25.0,180.0,73.827745,N-spring,0.5,train
sample_09427.jpg,SRC_022,20.0,180.0,41.513642,N-spring,0.25,train
sample_09428.jpg,SRC_059,15.0,180.0,48.046698,N-summer,0.25,train
sample_09429.jpg,SRC_063,25.0,180.0,41.329237,N-spring,0.25,train
sample_09430.jpg,SRC_092,5.0,180.0,57.429528,N-autumn,0.25,train
sample_09431.jpg,SRC_049,5.0,180.0,42.94902,N-spring,0.25,train
sample_09432.jpg,SRC_022,20.0,180.0,41.513642,N-spring,0.25,train
sample_09433.jpg,SRC_112,-30.0,180.0,67.516648,N-spring,0.5,train
sample_09434.jpg,SRC_041,15.0,180.0,46.712049,N-summer,0.25,validation
sample_09435.jpg,SRC_123,0.0,180.0,54.598149,N-autumn,0.5,train
sample_09436.jpg,SRC_124,0.0,180.0,51.928413,N-summer,0.25,train
sample_09437.jpg,SRC_006,-15.0,180.0,65.638079,N-spring,0.5,train
sample_09438.jpg,SRC_164,20.0,180.0,59.226879,N-autumn,0.25,train
sample_09439.jpg,SRC_049,5.0,180.0,42.94902,N-spring,0.25,train
sample_09440.jpg,SRC_013,50.0,180.0,54.051464,N-spring,0.5,train
sample_09441.jpg,SRC_165,10.0,180.0,42.451267,N-winter,0.25,train
sample_09442.jpg,SRC_092,5.0,180.0,57.429528,N-autumn,0.25,train
sample_09443.jpg,SRC_127,-35.0,180.0,47.507974,N-autumn,0.5,validation
sample_09444.jpg,SRC_055,-5.0,180.0,57.335076,N-spring,0.25,train
sample_09445.jpg,SRC_103,-35.0,180.0,57.090396,N-autumn,0.25,train
sample_09446.jpg,SRC_042,10.0,180.0,36.92431,N-spring,0.5,calibration
sample_09447.jpg,SRC_115,25.0,180.0,41.8845,N-spring,0.25,train
sample_09448.jpg,SRC_165,10.0,180.0,42.451267,N-winter,0.25,train
sample_09449.jpg,SRC_097,0.0,180.0,35.318175,N-winter,0.25,train
sample_09450.jpg,SRC_124,0.0,180.0,51.928413,N-summer,0.25,train
sample_09451.jpg,SRC_158,-5.0,180.0,35.954137,N-winter,0.25,train
sample_09452.jpg,SRC_040,90.0,0.0,57.651744,N-spring,0.5,train
sample_09453.jpg,SRC_032,-5.0,180.0,52.490186,N-spring,0.25,validation
sample_09454.jpg,SRC_062,45.0,180.0,81.508965,N-autumn,0.5,train
sample_09455.jpg,SRC_026,90.0,0.0,57.238404,N-spring,0.25,calibration
sample_09456.jpg,SRC_103,-35.0,180.0,57.090396,N-autumn,0.25,train
sample_09457.jpg,SRC_158,-5.0,180.0,35.954137,N-winter,0.25,train
sample_09458.jpg,SRC_092,5.0,180.0,57.429528,N-autumn,0.25,train
sample_09459.jpg,SRC_106,25.0,180.0,40.638999,N-spring,0.5,validation
sample_09460.jpg,SRC_074,0.0,180.0,50.25459,N-spring,0.5,train
sample_09461.jpg,SRC_041,15.0,180.0,46.712049,N-summer,0.25,validation
sample_09462.jpg,SRC_115,25.0,180.0,41.8845,N-spring,0.25,train
sample_09463.jpg,SRC_013,50.0,180.0,54.051464,N-spring,0.5,train
sample_09464.jpg,SRC_092,5.0,180.0,57.429528,N-autumn,0.25,train
sample_09465.jpg,SRC_065,30.0,180.0,68.700871,N-winter,0.5,train
sample_09466.jpg,SRC_015,20.0,180.0,46.484204,N-summer,0.25,train
sample_09467.jpg,SRC_169,40.0,180.0,48.615664,N-summer,0.25,train
sample_09468.jpg,SRC_027,35.0,180.0,41.369436,N-spring,0.5,train
sample_09469.jpg,SRC_022,20.0,180.0,41.513642,N-spring,0.25,train
sample_09470.jpg,SRC_156,10.0,180.0,48.737382,N-summer,0.25,validation
sample_09471.jpg,SRC_016,10.0,180.0,55.552023,N-winter,0.5,calibration
sample_09472.jpg,SRC_040,90.0,0.0,57.651744,N-spring,0.5,train
sample_09473.jpg,SRC_121,25.0,180.0,67.446292,N-autumn,0.5,train
sample_09474.jpg,SRC_103,-35.0,180.0,57.090396,N-autumn,0.25,train
sample_09475.jpg,SRC_089,10.0,180.0,48.442522,N-winter,0.25,calibration
sample_09476.jpg,SRC_021,-90.0,0.0,68.040851,N-autumn,0.5,train
sample_09477.jpg,SRC_057,-5.0,180.0,57.599617,N-summer,0.25,calibration
sample_09478.jpg,SRC_003,0.0,180.0,38.090051,N-spring,0.25,validation
sample_09479.jpg,SRC_114,-10.0,180.0,58.176498,N-autumn,0.5,train
sample_09480.jpg,SRC_146,10.0,180.0,58.0428,N-summer,0.5,train
sample_09481.jpg,SRC_141,-10.0,180.0,55.206291,N-spring,0.25,train
sample_09482.jpg,SRC_108,-40.0,180.0,68.856247,N-summer,0.5,calibration
sample_09483.jpg,SRC_169,40.0,180.0,48.615664,N-summer,0.25,train
sample_09484.jpg,SRC_036,5.0,180.0,52.749586,N-summer,0.25,train
sample_09485.jpg,SRC_093,-25.0,180.0,43.343655,N-autumn,0.5,calibration
sample_09486.jpg,SRC_041,15.0,180.0,46.712049,N-summer,0.25,validation
sample_09487.jpg,SRC_114,-10.0,180.0,58.176498,N-autumn,0.5,train
sample_09488.jpg,SRC_024,10.0,180.0,53.725813,N-summer,0.25,calibration
sample_09489.jpg,SRC_134,-30.0,180.0,69.607895,N-spring,0.5,train
sample_09490.jpg,SRC_046,0.0,180.0,58.061031,N-autumn,0.25,calibration
sample_09491.jpg,SRC_095,-20.0,180.0,56.495654,N-spring,0.5,validation
sample_09492.jpg,SRC_043,10.0,180.0,50.433279,N-summer,0.5,train
sample_09493.jpg,SRC_156,10.0,180.0,48.737382,N-summer,0.25,validation
sample_09494.jpg,SRC_004,30.0,180.0,61.107468,N-autumn,0.5,train
sample_09495.jpg,SRC_096,25.0,180.0,40.422288,N-spring,0.25,train
sample_09496.jpg,SRC_005,0.0,180.0,55.846781,N-summer,0.5,validation
sample_09497.jpg,SRC_069,25.0,180.0,48.120522,N-summer,0.5,train
sample_09498.jpg,SRC_067,-15.0,180.0,64.724247,N-spring,0.5,calibration
sample_09499.jpg,SRC_083,0.0,180.0,55.378885,N-spring,0.25,calibration
sample_09500.jpg,SRC_133,-10.0,180.0,48.887369,N-spring,0.5,train
sample_09501.jpg,SRC_037,15.0,180.0,44.468297,N-spring,0.25,train
sample_09502.jpg,SRC_021,-90.0,0.0,68.040851,N-autumn,0.5,train
sample_09503.jpg,SRC_144,-35.0,180.0,76.731052,N-spring,0.5,train
sample_09504.jpg,SRC_040,90.0,0.0,57.651744,N-spring,0.5,train
sample_09505.jpg,SRC_066,-10.0,180.0,61.81065,N-summer,0.5,calibration
sample_09506.jpg,SRC_106,25.0,180.0,40.638999,N-spring,0.5,validation
sample_09507.jpg,SRC_009,-25.0,180.0,73.827745,N-spring,0.5,train
sample_09508.jpg,SRC_052,5.0,180.0,51.705435,N-summer,0.25,train
sample_09509.jpg,SRC_056,-40.0,180.0,74.660587,N-summer,0.5,train
sample_09510.jpg,SRC_004,30.0,180.0,61.107468,N-autumn,0.5,train
sample_09511.jpg,SRC_063,25.0,180.0,41.329237,N-spring,0.25,train
sample_09512.jpg,SRC_020,35.0,180.0,42.075965,N-summer,0.25,calibration
sample_09513.jpg,SRC_111,-35.0,180.0,79.069883,N-spring,1.0,train
sample_09514.jpg,SRC_130,25.0,180.0,37.507656,N-spring,0.25,train
sample_09515.jpg,SRC_004,30.0,180.0,61.107468,N-autumn,0.5,train
sample_09516.jpg,SRC_069,25.0,180.0,48.120522,N-summer,0.5,train
sample_09517.jpg,SRC_126,-20.0,180.0,68.779144,N-summer,0.5,train
sample_09518.jpg,SRC_095,-20.0,180.0,56.495654,N-spring,0.5,validation
sample_09519.jpg,SRC_112,-30.0,180.0,67.516648,N-spring,0.5,train
sample_09520.jpg,SRC_075,-90.0,0.0,65.329336,N-winter,0.25,train
sample_09521.jpg,SRC_084,-10.0,180.0,58.957849,N-summer,0.25,train
sample_09522.jpg,SRC_103,-35.0,180.0,57.090396,N-autumn,0.25,train
sample_09523.jpg,SRC_099,15.0,180.0,42.024472,N-spring,0.5,train
sample_09524.jpg,SRC_133,-10.0,180.0,48.887369,N-spring,0.5,train
sample_09525.jpg,SRC_052,5.0,180.0,51.705435,N-summer,0.25,train
sample_09526.jpg,SRC_007,20.0,180.0,49.485932,N-winter,0.25,validation
sample_09527.jpg,SRC_084,-10.0,180.0,58.957849,N-summer,0.25,train
sample_09528.jpg,SRC_133,-10.0,180.0,48.887369,N-spring,0.5,train
sample_09529.jpg,SRC_088,0.0,180.0,53.004483,N-summer,0.25,train
sample_09530.jpg,SRC_050,0.0,180.0,53.680047,N-summer,0.25,calibration
sample_09531.jpg,SRC_093,-25.0,180.0,43.343655,N-autumn,0.5,calibration
sample_09532.jpg,SRC_005,0.0,180.0,55.846781,N-summer,0.5,validation
sample_09533.jpg,SRC_157,40.0,180.0,44.22455,N-summer,0.25,calibration
sample_09534.jpg,SRC_061,50.0,180.0,43.110277,N-spring,0.5,train
sample_09535.jpg,SRC_103,-35.0,180.0,57.090396,N-autumn,0.25,train
sample_09536.jpg,SRC_133,-10.0,180.0,48.887369,N-spring,0.5,train
sample_09537.jpg,SRC_004,30.0,180.0,61.107468,N-autumn,0.5,train
sample_09538.jpg,SRC_118,35.0,180.0,49.493581,N-summer,0.25,train
sample_09539.jpg,SRC_001,-5.0,180.0,51.987197,N-spring,0.5,train
sample_09540.jpg,SRC_126,-20.0,180.0,68.779144,N-summer,0.5,train
sample_09541.jpg,SRC_127,-35.0,180.0,47.507974,N-autumn,0.5,validation
sample_09542.jpg,SRC_046,0.0,180.0,58.061031,N-autumn,0.25,calibration
sample_09543.jpg,SRC_094,20.0,180.0,66.934532,N-autumn,0.25,train
sample_09544.jpg,SRC_008,25.0,180.0,61.005891,N-autumn,0.25,validation
sample_09545.jpg,SRC_030,-25.0,180.0,67.936804,N-spring,0.5,train
sample_09546.jpg,SRC_081,-90.0,0.0,74.772433,N-autumn,0.25,calibration
sample_09547.jpg,SRC_030,-25.0,180.0,67.936804,N-spring,0.5,train
sample_09548.jpg,SRC_051,20.0,180.0,63.609319,N-autumn,0.5,train
sample_09549.jpg,SRC_115,25.0,180.0,41.8845,N-spring,0.25,train
sample_09550.jpg,SRC_164,20.0,180.0,59.226879,N-autumn,0.25,train
sample_09551.jpg,SRC_014,-40.0,180.0,38.480327,N-winter,0.25,train
sample_09552.jpg,SRC_041,15.0,180.0,46.712049,N-summer,0.25,validation
sample_09553.jpg,SRC_145,-5.0,180.0,52.15166,N-spring,0.25,train
sample_09554.jpg,SRC_153,-40.0,180.0,43.960452,N-autumn,0.25,train
sample_09555.jpg,SRC_056,-40.0,180.0,74.660587,N-summer,0.5,train
sample_09556.jpg,SRC_146,10.0,180.0,58.0428,N-summer,0.5,train
sample_09557.jpg,SRC_030,-25.0,180.0,67.936804,N-spring,0.5,train
sample_09558.jpg,SRC_041,15.0,180.0,46.712049,N-summer,0.25,validation
sample_09559.jpg,SRC_153,-40.0,180.0,43.960452,N-autumn,0.25,train
sample_09560.jpg,SRC_157,40.0,180.0,44.22455,N-summer,0.25,calibration
sample_09561.jpg,SRC_024,10.0,180.0,53.725813,N-summer,0.25,calibration
sample_09562.jpg,SRC_036,5.0,180.0,52.749586,N-summer,0.25,train
sample_09563.jpg,SRC_142,-30.0,180.0,34.276784,N-winter,0.25,train
sample_09564.jpg,SRC_013,50.0,180.0,54.051464,N-spring,0.5,train
sample_09565.jpg,SRC_005,0.0,180.0,55.846781,N-summer,0.5,validation
sample_09566.jpg,SRC_041,15.0,180.0,46.712049,N-summer,0.25,validation
sample_09567.jpg,SRC_094,20.0,180.0,66.934532,N-autumn,0.25,train
sample_09568.jpg,SRC_055,-5.0,180.0,57.335076,N-spring,0.25,train
sample_09569.jpg,SRC_051,20.0,180.0,63.609319,N-autumn,0.5,train
sample_09570.jpg,SRC_106,25.0,180.0,40.638999,N-spring,0.5,validation
sample_09571.jpg,SRC_150,10.0,180.0,50.798821,N-summer,0.5,train
sample_09572.jpg,SRC_041,15.0,180.0,46.712049,N-summer,0.25,validation
sample_09573.jpg,SRC_069,25.0,180.0,48.120522,N-summer,0.5,train
sample_09574.jpg,SRC_108,-40.0,180.0,68.856247,N-summer,0.5,calibration
sample_09575.jpg,SRC_002,40.0,180.0,45.868768,N-summer,0.25,train
sample_09576.jpg,SRC_109,50.0,180.0,54.137665,N-summer,0.25,validation
sample_09577.jpg,SRC_093,-25.0,180.0,43.343655,N-autumn,0.5,calibration
sample_09578.jpg,SRC_141,-10.0,180.0,55.206291,N-spring,0.25,train
sample_09579.jpg,SRC_121,25.0,180.0,67.446292,N-autumn,0.5,train
sample_09580.jpg,SRC_135,5.0,180.0,41.328761,N-winter,0.5,train
sample_09581.jpg,SRC_131,10.0,180.0,60.540464,N-autumn,0.5,train
sample_09582.jpg,SRC_064,90.0,0.0,60.573524,N-spring,0.25,train
sample_09583.jpg,SRC_104,25.0,180.0,45.102036,N-summer,0.5,validation
sample_09584.jpg,SRC_126,-20.0,180.0,68.779144,N-summer,0.5,train
sample_09585.jpg,SRC_129,20.0,180.0,41.057252,N-spring,0.25,validation
sample_09586.jpg,SRC_131,10.0,180.0,60.540464,N-autumn,0.5,train
sample_09587.jpg,SRC_011,-20.0,180.0,70.371153,N-summer,0.25,train
sample_09588.jpg,SRC_089,10.0,180.0,48.442522,N-winter,0.25,calibration
sample_09589.jpg,SRC_108,-40.0,180.0,68.856247,N-summer,0.5,calibration
sample_09590.jpg,SRC_112,-30.0,180.0,67.516648,N-spring,0.5,train
sample_09591.jpg,SRC_113,-35.0,180.0,36.668707,N-winter,0.25,train
sample_09592.jpg,SRC_068,0.0,180.0,56.216196,N-summer,0.25,train
sample_09593.jpg,SRC_005,0.0,180.0,55.846781,N-summer,0.5,validation
sample_09594.jpg,SRC_127,-35.0,180.0,47.507974,N-autumn,0.5,validation
sample_09595.jpg,SRC_071,20.0,180.0,40.070501,N-spring,0.25,train
sample_09596.jpg,SRC_129,20.0,180.0,41.057252,N-spring,0.25,validation
sample_09597.jpg,SRC_125,-5.0,180.0,52.428603,N-spring,0.25,train
sample_09598.jpg,SRC_158,-5.0,180.0,35.954137,N-winter,0.25,train
sample_09599.jpg,SRC_134,-30.0,180.0,69.607895,N-spring,0.5,train
sample_09600.jpg,SRC_164,20.0,180.0,59.226879,N-autumn,0.25,train
sample_09601.jpg,SRC_049,5.0,180.0,42.94902,N-spring,0.25,train
sample_09602.jpg,SRC_022,20.0,180.0,41.513642,N-spring,0.25,train
sample_09603.jpg,SRC_085,0.0,180.0,39.187341,N-spring,0.25,train
sample_09604.jpg,SRC_110,90.0,0.0,59.038071,N-summer,0.25,train
sample_09605.jpg,SRC_169,40.0,180.0,48.615664,N-summer,0.25,train
sample_09606.jpg,SRC_076,25.0,180.0,63.632584,N-autumn,0.25,train
sample_09607.jpg,SRC_052,5.0,180.0,51.705435,N-summer,0.25,train
sample_09608.jpg,SRC_009,-25.0,180.0,73.827745,N-spring,0.5,train
sample_09609.jpg,SRC_169,40.0,180.0,48.615664,N-summer,0.25,train
sample_09610.jpg,SRC_062,45.0,180.0,81.508965,N-autumn,0.5,train
sample_09611.jpg,SRC_052,5.0,180.0,51.705435,N-summer,0.25,train
sample_09612.jpg,SRC_097,0.0,180.0,35.318175,N-winter,0.25,train
sample_09613.jpg,SRC_103,-35.0,180.0,57.090396,N-autumn,0.25,train
sample_09614.jpg,SRC_095,-20.0,180.0,56.495654,N-spring,0.5,validation
sample_09615.jpg,SRC_007,20.0,180.0,49.485932,N-winter,0.25,validation
sample_09616.jpg,SRC_076,25.0,180.0,63.632584,N-autumn,0.25,train
sample_09617.jpg,SRC_020,35.0,180.0,42.075965,N-summer,0.25,calibration
sample_09618.jpg,SRC_049,5.0,180.0,42.94902,N-spring,0.25,train
sample_09619.jpg,SRC_015,20.0,180.0,46.484204,N-summer,0.25,train
sample_09620.jpg,SRC_170,-20.0,180.0,56.332579,N-autumn,0.25,validation
sample_09621.jpg,SRC_054,5.0,180.0,37.41608,N-winter,0.25,train
sample_09622.jpg,SRC_112,-30.0,180.0,67.516648,N-spring,0.5,train
sample_09623.jpg,SRC_027,35.0,180.0,41.369436,N-spring,0.5,train
sample_09624.jpg,SRC_091,-40.0,180.0,72.511342,N-summer,0.5,train
sample_09625.jpg,SRC_103,-35.0,180.0,57.090396,N-autumn,0.25,train
sample_09626.jpg,SRC_103,-35.0,180.0,57.090396,N-autumn,0.25,train
sample_09627.jpg,SRC_047,0.0,180.0,48.028677,N-spring,0.5,validation
sample_09628.jpg,SRC_054,5.0,180.0,37.41608,N-winter,0.25,train
sample_09629.jpg,SRC_096,25.0,180.0,40.422288,N-spring,0.25,train
sample_09630.jpg,SRC_126,-20.0,180.0,68.779144,N-summer,0.5,train
sample_09631.jpg,SRC_134,-30.0,180.0,69.607895,N-spring,0.5,train
sample_09632.jpg,SRC_108,-40.0,180.0,68.856247,N-summer,0.5,calibration
sample_09633.jpg,SRC_115,25.0,180.0,41.8845,N-spring,0.25,train
sample_09634.jpg,SRC_091,-40.0,180.0,72.511342,N-summer,0.5,train
sample_09635.jpg,SRC_069,25.0,180.0,48.120522,N-summer,0.5,train
sample_09636.jpg,SRC_171,-35.0,180.0,63.65778,N-spring,0.25,train
sample_09637.jpg,SRC_051,20.0,180.0,63.609319,N-autumn,0.5,train
sample_09638.jpg,SRC_061,50.0,180.0,43.110277,N-spring,0.5,train
sample_09639.jpg,SRC_066,-10.0,180.0,61.81065,N-summer,0.5,calibration
sample_09640.jpg,SRC_103,-35.0,180.0,57.090396,N-autumn,0.25,train
sample_09641.jpg,SRC_171,-35.0,180.0,63.65778,N-spring,0.25,train
sample_09642.jpg,SRC_048,-25.0,180.0,61.920556,N-autumn,0.25,calibration
sample_09643.jpg,SRC_027,35.0,180.0,41.369436,N-spring,0.5,train
sample_09644.jpg,SRC_001,-5.0,180.0,51.987197,N-spring,0.5,train
sample_09645.jpg,SRC_133,-10.0,180.0,48.887369,N-spring,0.5,train
sample_09646.jpg,SRC_121,25.0,180.0,67.446292,N-autumn,0.5,train
sample_09647.jpg,SRC_143,90.0,0.0,68.916652,N-spring,0.5,train
sample_09648.jpg,SRC_049,5.0,180.0,42.94902,N-spring,0.25,train
sample_09649.jpg,SRC_070,60.0,180.0,58.788969,N-summer,0.5,train
sample_09650.jpg,SRC_081,-90.0,0.0,74.772433,N-autumn,0.25,calibration
sample_09651.jpg,SRC_161,5.0,180.0,52.294471,N-summer,0.25,train
sample_09652.jpg,SRC_007,20.0,180.0,49.485932,N-winter,0.25,validation
sample_09653.jpg,SRC_021,-90.0,0.0,68.040851,N-autumn,0.5,train
sample_09654.jpg,SRC_115,25.0,180.0,41.8845,N-spring,0.25,train
sample_09655.jpg,SRC_042,10.0,180.0,36.92431,N-spring,0.5,calibration
sample_09656.jpg,SRC_133,-10.0,180.0,48.887369,N-spring,0.5,train
sample_09657.jpg,SRC_111,-35.0,180.0,79.069883,N-spring,1.0,train
sample_09658.jpg,SRC_096,25.0,180.0,40.422288,N-spring,0.25,train
sample_09659.jpg,SRC_091,-40.0,180.0,72.511342,N-summer,0.5,train
sample_09660.jpg,SRC_028,10.0,180.0,42.894848,N-spring,0.25,calibration
sample_09661.jpg,SRC_030,-25.0,180.0,67.936804,N-spring,0.5,train
sample_09662.jpg,SRC_112,-30.0,180.0,67.516648,N-spring,0.5,train
sample_09663.jpg,SRC_131,10.0,180.0,60.540464,N-autumn,0.5,train
sample_09664.jpg,SRC_013,50.0,180.0,54.051464,N-spring,0.5,train
sample_09665.jpg,SRC_076,25.0,180.0,63.632584,N-autumn,0.25,train
sample_09666.jpg,SRC_101,5.0,180.0,48.479381,N-winter,0.25,validation
sample_09667.jpg,SRC_069,25.0,180.0,48.120522,N-summer,0.5,train
sample_09668.jpg,SRC_138,25.0,180.0,44.714676,N-summer,0.25,train
sample_09669.jpg,SRC_158,-5.0,180.0,35.954137,N-winter,0.25,train
sample_09670.jpg,SRC_028,10.0,180.0,42.894848,N-spring,0.25,calibration
sample_09671.jpg,SRC_027,35.0,180.0,41.369436,N-spring,0.5,train
sample_09672.jpg,SRC_085,0.0,180.0,39.187341,N-spring,0.25,train
sample_09673.jpg,SRC_130,25.0,180.0,37.507656,N-spring,0.25,train
sample_09674.jpg,SRC_116,5.0,180.0,41.203028,N-spring,0.25,calibration
sample_09675.jpg,SRC_096,25.0,180.0,40.422288,N-spring,0.25,train
sample_09676.jpg,SRC_156,10.0,180.0,48.737382,N-summer,0.25,validation
sample_09677.jpg,SRC_082,-10.0,180.0,60.444036,N-spring,0.25,calibration
sample_09678.jpg,SRC_088,0.0,180.0,53.004483,N-summer,0.25,train
sample_09679.jpg,SRC_050,0.0,180.0,53.680047,N-summer,0.25,calibration
sample_09680.jpg,SRC_158,-5.0,180.0,35.954137,N-winter,0.25,train
sample_09681.jpg,SRC_127,-35.0,180.0,47.507974,N-autumn,0.5,validation
sample_09682.jpg,SRC_065,30.0,180.0,68.700871,N-winter,0.5,train
sample_09683.jpg,SRC_014,-40.0,180.0,38.480327,N-winter,0.25,train
sample_09684.jpg,SRC_095,-20.0,180.0,56.495654,N-spring,0.5,validation
sample_09685.jpg,SRC_006,-15.0,180.0,65.638079,N-spring,0.5,train
sample_09686.jpg,SRC_013,50.0,180.0,54.051464,N-spring,0.5,train
sample_09687.jpg,SRC_169,40.0,180.0,48.615664,N-summer,0.25,train
sample_09688.jpg,SRC_016,10.0,180.0,55.552023,N-winter,0.5,calibration
sample_09689.jpg,SRC_171,-35.0,180.0,63.65778,N-spring,0.25,train
sample_09690.jpg,SRC_004,30.0,180.0,61.107468,N-autumn,0.5,train
sample_09691.jpg,SRC_036,5.0,180.0,52.749586,N-summer,0.25,train
sample_09692.jpg,SRC_146,10.0,180.0,58.0428,N-summer,0.5,train
sample_09693.jpg,SRC_009,-25.0,180.0,73.827745,N-spring,0.5,train
sample_09694.jpg,SRC_112,-30.0,180.0,67.516648,N-spring,0.5,train
sample_09695.jpg,SRC_076,25.0,180.0,63.632584,N-autumn,0.25,train
sample_09696.jpg,SRC_111,-35.0,180.0,79.069883,N-spring,1.0,train
sample_09697.jpg,SRC_042,10.0,180.0,36.92431,N-spring,0.5,calibration
sample_09698.jpg,SRC_030,-25.0,180.0,67.936804,N-spring,0.5,train
sample_09699.jpg,SRC_142,-30.0,180.0,34.276784,N-winter,0.25,train
sample_09700.jpg,SRC_084,-10.0,180.0,58.957849,N-summer,0.25,train
sample_09701.jpg,SRC_038,-15.0,180.0,32.097448,N-winter,0.25,train
sample_09702.jpg,SRC_094,20.0,180.0,66.934532,N-autumn,0.25,train
sample_09703.jpg,SRC_059,15.0,180.0,48.046698,N-summer,0.25,train
sample_09704.jpg,SRC_096,25.0,180.0,40.422288,N-spring,0.25,train
sample_09705.jpg,SRC_004,30.0,180.0,61.107468,N-autumn,0.5,train
sample_09706.jpg,SRC_018,-90.0,0.0,67.882485,N-winter,0.25,train
sample_09707.jpg,SRC_159,20.0,180.0,67.076816,N-autumn,0.25,train
sample_09708.jpg,SRC_145,-5.0,180.0,52.15166,N-spring,0.25,train
sample_09709.jpg,SRC_030,-25.0,180.0,67.936804,N-spring,0.5,train
sample_09710.jpg,SRC_169,40.0,180.0,48.615664,N-summer,0.25,train
sample_09711.jpg,SRC_103,-35.0,180.0,57.090396,N-autumn,0.25,train
sample_09712.jpg,SRC_016,10.0,180.0,55.552023,N-winter,0.5,calibration
sample_09713.jpg,SRC_154,0.0,180.0,54.770875,N-summer,0.5,train
sample_09714.jpg,SRC_011,-20.0,180.0,70.371153,N-summer,0.25,train
sample_09715.jpg,SRC_111,-35.0,180.0,79.069883,N-spring,1.0,train
sample_09716.jpg,SRC_037,15.0,180.0,44.468297,N-spring,0.25,train
sample_09717.jpg,SRC_038,-15.0,180.0,32.097448,N-winter,0.25,train
sample_09718.jpg,SRC_093,-25.0,180.0,43.343655,N-autumn,0.5,calibration
sample_09719.jpg,SRC_047,0.0,180.0,48.028677,N-spring,0.5,validation
sample_09720.jpg,SRC_046,0.0,180.0,58.061031,N-autumn,0.25,calibration
sample_09721.jpg,SRC_153,-40.0,180.0,43.960452,N-autumn,0.25,train
sample_09722.jpg,SRC_027,35.0,180.0,41.369436,N-spring,0.5,train
sample_09723.jpg,SRC_115,25.0,180.0,41.8845,N-spring,0.25,train
sample_09724.jpg,SRC_081,-90.0,0.0,74.772433,N-autumn,0.25,calibration
sample_09725.jpg,SRC_016,10.0,180.0,55.552023,N-winter,0.5,calibration
sample_09726.jpg,SRC_091,-40.0,180.0,72.511342,N-summer,0.5,train
sample_09727.jpg,SRC_151,-15.0,180.0,63.408071,N-summer,0.5,validation
sample_09728.jpg,SRC_147,50.0,180.0,51.835813,N-summer,0.25,train
sample_09729.jpg,SRC_035,0.0,180.0,56.990187,N-autumn,0.25,train
sample_09730.jpg,SRC_070,60.0,180.0,58.788969,N-summer,0.5,train
sample_09731.jpg,SRC_157,40.0,180.0,44.22455,N-summer,0.25,calibration
sample_09732.jpg,SRC_054,5.0,180.0,37.41608,N-winter,0.25,train
sample_09733.jpg,SRC_164,20.0,180.0,59.226879,N-autumn,0.25,train
sample_09734.jpg,SRC_153,-40.0,180.0,43.960452,N-autumn,0.25,train
sample_09735.jpg,SRC_052,5.0,180.0,51.705435,N-summer,0.25,train
sample_09736.jpg,SRC_108,-40.0,180.0,68.856247,N-summer,0.5,calibration
sample_09737.jpg,SRC_014,-40.0,180.0,38.480327,N-winter,0.25,train
sample_09738.jpg,SRC_119,90.0,0.0,58.642683,N-spring,0.25,calibration
sample_09739.jpg,SRC_115,25.0,180.0,41.8845,N-spring,0.25,train
sample_09740.jpg,SRC_116,5.0,180.0,41.203028,N-spring,0.25,calibration
sample_09741.jpg,SRC_108,-40.0,180.0,68.856247,N-summer,0.5,calibration
sample_09742.jpg,SRC_063,25.0,180.0,41.329237,N-spring,0.25,train
sample_09743.jpg,SRC_006,-15.0,180.0,65.638079,N-spring,0.5,train
sample_09744.jpg,SRC_042,10.0,180.0,36.92431,N-spring,0.5,calibration
sample_09745.jpg,SRC_159,20.0,180.0,67.076816,N-autumn,0.25,train
sample_09746.jpg,SRC_043,10.0,180.0,50.433279,N-summer,0.5,train
sample_09747.jpg,SRC_016,10.0,180.0,55.552023,N-winter,0.5,calibration
sample_09748.jpg,SRC_058,30.0,180.0,69.060883,N-autumn,0.5,train
sample_09749.jpg,SRC_114,-10.0,180.0,58.176498,N-autumn,0.5,train
sample_09750.jpg,SRC_108,-40.0,180.0,68.856247,N-summer,0.5,calibration
sample_09751.jpg,SRC_112,-30.0,180.0,67.516648,N-spring,0.5,train
sample_09752.jpg,SRC_036,5.0,180.0,52.749586,N-summer,0.25,train
sample_09753.jpg,SRC_097,0.0,180.0,35.318175,N-winter,0.25,train
sample_09754.jpg,SRC_096,25.0,180.0,40.422288,N-spring,0.25,train
sample_09755.jpg,SRC_117,-90.0,0.0,60.317034,N-winter,0.25,calibration
sample_09756.jpg,SRC_100,20.0,180.0,41.506528,N-spring,0.25,train
sample_09757.jpg,SRC_029,-5.0,180.0,45.485648,N-autumn,0.25,calibration
sample_09758.jpg,SRC_047,0.0,180.0,48.028677,N-spring,0.5,validation
sample_09759.jpg,SRC_013,50.0,180.0,54.051464,N-spring,0.5,train
sample_09760.jpg,SRC_164,20.0,180.0,59.226879,N-autumn,0.25,train
sample_09761.jpg,SRC_103,-35.0,180.0,57.090396,N-autumn,0.25,train
sample_09762.jpg,SRC_011,-20.0,180.0,70.371153,N-summer,0.25,train
sample_09763.jpg,SRC_035,0.0,180.0,56.990187,N-autumn,0.25,train
sample_09764.jpg,SRC_153,-40.0,180.0,43.960452,N-autumn,0.25,train
sample_09765.jpg,SRC_112,-30.0,180.0,67.516648,N-spring,0.5,train
sample_09766.jpg,SRC_151,-15.0,180.0,63.408071,N-summer,0.5,validation
sample_09767.jpg,SRC_013,50.0,180.0,54.051464,N-spring,0.5,train
sample_09768.jpg,SRC_091,-40.0,180.0,72.511342,N-summer,0.5,train
sample_09769.jpg,SRC_091,-40.0,180.0,72.511342,N-summer,0.5,train
sample_09770.jpg,SRC_146,10.0,180.0,58.0428,N-summer,0.5,train
sample_09771.jpg,SRC_090,50.0,180.0,47.196626,N-summer,0.25,train
sample_09772.jpg,SRC_063,25.0,180.0,41.329237,N-spring,0.25,train
sample_09773.jpg,SRC_002,40.0,180.0,45.868768,N-summer,0.25,train
sample_09774.jpg,SRC_099,15.0,180.0,42.024472,N-spring,0.5,train
sample_09775.jpg,SRC_037,15.0,180.0,44.468297,N-spring,0.25,train
sample_09776.jpg,SRC_087,0.0,180.0,54.65824,N-summer,0.25,calibration
sample_09777.jpg,SRC_070,60.0,180.0,58.788969,N-summer,0.5,train
sample_09778.jpg,SRC_067,-15.0,180.0,64.724247,N-spring,0.5,calibration
sample_09779.jpg,SRC_070,60.0,180.0,58.788969,N-summer,0.5,train
sample_09780.jpg,SRC_022,20.0,180.0,41.513642,N-spring,0.25,train
sample_09781.jpg,SRC_081,-90.0,0.0,74.772433,N-autumn,0.25,calibration
sample_09782.jpg,SRC_029,-5.0,180.0,45.485648,N-autumn,0.25,calibration
sample_09783.jpg,SRC_013,50.0,180.0,54.051464,N-spring,0.5,train
sample_09784.jpg,SRC_069,25.0,180.0,48.120522,N-summer,0.5,train
sample_09785.jpg,SRC_151,-15.0,180.0,63.408071,N-summer,0.5,validation
sample_09786.jpg,SRC_069,25.0,180.0,48.120522,N-summer,0.5,train
sample_09787.jpg,SRC_008,25.0,180.0,61.005891,N-autumn,0.25,validation
sample_09788.jpg,SRC_134,-30.0,180.0,69.607895,N-spring,0.5,train
sample_09789.jpg,SRC_089,10.0,180.0,48.442522,N-winter,0.25,calibration
sample_09790.jpg,SRC_091,-40.0,180.0,72.511342,N-summer,0.5,train
sample_09791.jpg,SRC_042,10.0,180.0,36.92431,N-spring,0.5,calibration
sample_09792.jpg,SRC_145,-5.0,180.0,52.15166,N-spring,0.25,train
sample_09793.jpg,SRC_076,25.0,180.0,63.632584,N-autumn,0.25,train
sample_09794.jpg,SRC_113,-35.0,180.0,36.668707,N-winter,0.25,train
sample_09795.jpg,SRC_156,10.0,180.0,48.737382,N-summer,0.25,validation
sample_09796.jpg,SRC_040,90.0,0.0,57.651744,N-spring,0.5,train
sample_09797.jpg,SRC_070,60.0,180.0,58.788969,N-summer,0.5,train
sample_09798.jpg,SRC_144,-35.0,180.0,76.731052,N-spring,0.5,train
sample_09799.jpg,SRC_009,-25.0,180.0,73.827745,N-spring,0.5,train
sample_09800.jpg,SRC_108,-40.0,180.0,68.856247,N-summer,0.5,calibration
sample_09801.jpg,SRC_010,90.0,0.0,74.440619,N-summer,0.5,calibration
sample_09802.jpg,SRC_061,50.0,180.0,43.110277,N-spring,0.5,train
sample_09803.jpg,SRC_164,20.0,180.0,59.226879,N-autumn,0.25,train
sample_09804.jpg,SRC_103,-35.0,180.0,57.090396,N-autumn,0.25,train
sample_09805.jpg,SRC_009,-25.0,180.0,73.827745,N-spring,0.5,train
sample_09806.jpg,SRC_158,-5.0,180.0,35.954137,N-winter,0.25,train
sample_09807.jpg,SRC_020,35.0,180.0,42.075965,N-summer,0.25,calibration
sample_09808.jpg,SRC_115,25.0,180.0,41.8845,N-spring,0.25,train
sample_09809.jpg,SRC_066,-10.0,180.0,61.81065,N-summer,0.5,calibration
sample_09810.jpg,SRC_058,30.0,180.0,69.060883,N-autumn,0.5,train
sample_09811.jpg,SRC_116,5.0,180.0,41.203028,N-spring,0.25,calibration
sample_09812.jpg,SRC_114,-10.0,180.0,58.176498,N-autumn,0.5,train
sample_09813.jpg,SRC_073,45.0,180.0,41.537171,N-spring,0.25,train
sample_09814.jpg,SRC_006,-15.0,180.0,65.638079,N-spring,0.5,train
sample_09815.jpg,SRC_149,90.0,0.0,55.701783,N-summer,0.25,train
sample_09816.jpg,SRC_049,5.0,180.0,42.94902,N-spring,0.25,train
sample_09817.jpg,SRC_095,-20.0,180.0,56.495654,N-spring,0.5,validation
sample_09818.jpg,SRC_126,-20.0,180.0,68.779144,N-summer,0.5,train
sample_09819.jpg,SRC_100,20.0,180.0,41.506528,N-spring,0.25,train
sample_09820.jpg,SRC_022,20.0,180.0,41.513642,N-spring,0.25,train
sample_09821.jpg,SRC_151,-15.0,180.0,63.408071,N-summer,0.5,validation
sample_09822.jpg,SRC_050,0.0,180.0,53.680047,N-summer,0.25,calibration
sample_09823.jpg,SRC_168,90.0,0.0,64.709631,N-summer,0.25,validation
sample_09824.jpg,SRC_062,45.0,180.0,81.508965,N-autumn,0.5,train
sample_09825.jpg,SRC_005,0.0,180.0,55.846781,N-summer,0.5,validation
sample_09826.jpg,SRC_106,25.0,180.0,40.638999,N-spring,0.5,validation
sample_09827.jpg,SRC_151,-15.0,180.0,63.408071,N-summer,0.5,validation
sample_09828.jpg,SRC_156,10.0,180.0,48.737382,N-summer,0.25,validation
sample_09829.jpg,SRC_005,0.0,180.0,55.846781,N-summer,0.5,validation
sample_09830.jpg,SRC_112,-30.0,180.0,67.516648,N-spring,0.5,train
sample_09831.jpg,SRC_047,0.0,180.0,48.028677,N-spring,0.5,validation
sample_09832.jpg,SRC_111,-35.0,180.0,79.069883,N-spring,1.0,train
sample_09833.jpg,SRC_096,25.0,180.0,40.422288,N-spring,0.25,train
sample_09834.jpg,SRC_011,-20.0,180.0,70.371153,N-summer,0.25,train
sample_09835.jpg,SRC_048,-25.0,180.0,61.920556,N-autumn,0.25,calibration
sample_09836.jpg,SRC_158,-5.0,180.0,35.954137,N-winter,0.25,train
sample_09837.jpg,SRC_133,-10.0,180.0,48.887369,N-spring,0.5,train
sample_09838.jpg,SRC_086,15.0,180.0,43.648742,N-summer,0.5,validation
sample_09839.jpg,SRC_041,15.0,180.0,46.712049,N-summer,0.25,validation
sample_09840.jpg,SRC_049,5.0,180.0,42.94902,N-spring,0.25,train
sample_09841.jpg,SRC_046,0.0,180.0,58.061031,N-autumn,0.25,calibration
sample_09842.jpg,SRC_036,5.0,180.0,52.749586,N-summer,0.25,train
sample_09843.jpg,SRC_006,-15.0,180.0,65.638079,N-spring,0.5,train
sample_09844.jpg,SRC_099,15.0,180.0,42.024472,N-spring,0.5,train
sample_09845.jpg,SRC_051,20.0,180.0,63.609319,N-autumn,0.5,train
sample_09846.jpg,SRC_092,5.0,180.0,57.429528,N-autumn,0.25,train
sample_09847.jpg,SRC_029,-5.0,180.0,45.485648,N-autumn,0.25,calibration
sample_09848.jpg,SRC_037,15.0,180.0,44.468297,N-spring,0.25,train
sample_09849.jpg,SRC_096,25.0,180.0,40.422288,N-spring,0.25,train
sample_09850.jpg,SRC_092,5.0,180.0,57.429528,N-autumn,0.25,train
sample_09851.jpg,SRC_013,50.0,180.0,54.051464,N-spring,0.5,train
sample_09852.jpg,SRC_066,-10.0,180.0,61.81065,N-summer,0.5,calibration
sample_09853.jpg,SRC_133,-10.0,180.0,48.887369,N-spring,0.5,train
sample_09854.jpg,SRC_076,25.0,180.0,63.632584,N-autumn,0.25,train
sample_09855.jpg,SRC_099,15.0,180.0,42.024472,N-spring,0.5,train
sample_09856.jpg,SRC_069,25.0,180.0,48.120522,N-summer,0.5,train
sample_09857.jpg,SRC_100,20.0,180.0,41.506528,N-spring,0.25,train
sample_09858.jpg,SRC_026,90.0,0.0,57.238404,N-spring,0.25,calibration
sample_09859.jpg,SRC_142,-30.0,180.0,34.276784,N-winter,0.25,train
sample_09860.jpg,SRC_065,30.0,180.0,68.700871,N-winter,0.5,train
sample_09861.jpg,SRC_069,25.0,180.0,48.120522,N-summer,0.5,train
sample_09862.jpg,SRC_036,5.0,180.0,52.749586,N-summer,0.25,train
sample_09863.jpg,SRC_084,-10.0,180.0,58.957849,N-summer,0.25,train
sample_09864.jpg,SRC_058,30.0,180.0,69.060883,N-autumn,0.5,train
sample_09865.jpg,SRC_024,10.0,180.0,53.725813,N-summer,0.25,calibration
sample_09866.jpg,SRC_014,-40.0,180.0,38.480327,N-winter,0.25,train
sample_09867.jpg,SRC_114,-10.0,180.0,58.176498,N-autumn,0.5,train
sample_09868.jpg,SRC_013,50.0,180.0,54.051464,N-spring,0.5,train
sample_09869.jpg,SRC_081,-90.0,0.0,74.772433,N-autumn,0.25,calibration
sample_09870.jpg,SRC_011,-20.0,180.0,70.371153,N-summer,0.25,train
sample_09871.jpg,SRC_103,-35.0,180.0,57.090396,N-autumn,0.25,train
sample_09872.jpg,SRC_092,5.0,180.0,57.429528,N-autumn,0.25,train
sample_09873.jpg,SRC_009,-25.0,180.0,73.827745,N-spring,0.5,train
sample_09874.jpg,SRC_142,-30.0,180.0,34.276784,N-winter,0.25,train
sample_09875.jpg,SRC_126,-20.0,180.0,68.779144,N-summer,0.5,train
sample_09876.jpg,SRC_026,90.0,0.0,57.238404,N-spring,0.25,calibration
sample_09877.jpg,SRC_158,-5.0,180.0,35.954137,N-winter,0.25,train
sample_09878.jpg,SRC_074,0.0,180.0,50.25459,N-spring,0.5,train
sample_09879.jpg,SRC_004,30.0,180.0,61.107468,N-autumn,0.5,train
sample_09880.jpg,SRC_049,5.0,180.0,42.94902,N-spring,0.25,train
sample_09881.jpg,SRC_014,-40.0,180.0,38.480327,N-winter,0.25,train
sample_09882.jpg,SRC_027,35.0,180.0,41.369436,N-spring,0.5,train
sample_09883.jpg,SRC_013,50.0,180.0,54.051464,N-spring,0.5,train
sample_09884.jpg,SRC_143,90.0,0.0,68.916652,N-spring,0.5,train
sample_09885.jpg,SRC_047,0.0,180.0,48.028677,N-spring,0.5,validation
sample_09886.jpg,SRC_154,0.0,180.0,54.770875,N-summer,0.5,train
sample_09887.jpg,SRC_158,-5.0,180.0,35.954137,N-winter,0.25,train
sample_09888.jpg,SRC_009,-25.0,180.0,73.827745,N-spring,0.5,train
sample_09889.jpg,SRC_076,25.0,180.0,63.632584,N-autumn,0.25,train
sample_09890.jpg,SRC_153,-40.0,180.0,43.960452,N-autumn,0.25,train
sample_09891.jpg,SRC_112,-30.0,180.0,67.516648,N-spring,0.5,train
sample_09892.jpg,SRC_112,-30.0,180.0,67.516648,N-spring,0.5,train
sample_09893.jpg,SRC_009,-25.0,180.0,73.827745,N-spring,0.5,train
sample_09894.jpg,SRC_168,90.0,0.0,64.709631,N-summer,0.25,validation
sample_09895.jpg,SRC_013,50.0,180.0,54.051464,N-spring,0.5,train
sample_09896.jpg,SRC_047,0.0,180.0,48.028677,N-spring,0.5,validation
sample_09897.jpg,SRC_074,0.0,180.0,50.25459,N-spring,0.5,train
sample_09898.jpg,SRC_139,40.0,180.0,53.533251,N-winter,0.25,train
sample_09899.jpg,SRC_106,25.0,180.0,40.638999,N-spring,0.5,validation
sample_09900.jpg,SRC_116,5.0,180.0,41.203028,N-spring,0.25,calibration
sample_09901.jpg,SRC_081,-90.0,0.0,74.772433,N-autumn,0.25,calibration
sample_09902.jpg,SRC_091,-40.0,180.0,72.511342,N-summer,0.5,train
sample_09903.jpg,SRC_127,-35.0,180.0,47.507974,N-autumn,0.5,validation
sample_09904.jpg,SRC_040,90.0,0.0,57.651744,N-spring,0.5,train
sample_09905.jpg,SRC_153,-40.0,180.0,43.960452,N-autumn,0.25,train
sample_09906.jpg,SRC_158,-5.0,180.0,35.954137,N-winter,0.25,train
sample_09907.jpg,SRC_026,90.0,0.0,57.238404,N-spring,0.25,calibration
sample_09908.jpg,SRC_061,50.0,180.0,43.110277,N-spring,0.5,train
sample_09909.jpg,SRC_037,15.0,180.0,44.468297,N-spring,0.25,train
sample_09910.jpg,SRC_158,-5.0,180.0,35.954137,N-winter,0.25,train
sample_09911.jpg,SRC_051,20.0,180.0,63.609319,N-autumn,0.5,train
sample_09912.jpg,SRC_037,15.0,180.0,44.468297,N-spring,0.25,train
sample_09913.jpg,SRC_099,15.0,180.0,42.024472,N-spring,0.5,train
sample_09914.jpg,SRC_103,-35.0,180.0,57.090396,N-autumn,0.25,train
sample_09915.jpg,SRC_042,10.0,180.0,36.92431,N-spring,0.5,calibration
sample_09916.jpg,SRC_103,-35.0,180.0,57.090396,N-autumn,0.25,train
sample_09917.jpg,SRC_111,-35.0,180.0,79.069883,N-spring,1.0,train
sample_09918.jpg,SRC_041,15.0,180.0,46.712049,N-summer,0.25,validation
sample_09919.jpg,SRC_076,25.0,180.0,63.632584,N-autumn,0.25,train
sample_09920.jpg,SRC_005,0.0,180.0,55.846781,N-summer,0.5,validation
sample_09921.jpg,SRC_020,35.0,180.0,42.075965,N-summer,0.25,calibration
sample_09922.jpg,SRC_011,-20.0,180.0,70.371153,N-summer,0.25,train
sample_09923.jpg,SRC_038,-15.0,180.0,32.097448,N-winter,0.25,train
sample_09924.jpg,SRC_109,50.0,180.0,54.137665,N-summer,0.25,validation
sample_09925.jpg,SRC_104,25.0,180.0,45.102036,N-summer,0.5,validation
sample_09926.jpg,SRC_108,-40.0,180.0,68.856247,N-summer,0.5,calibration
sample_09927.jpg,SRC_121,25.0,180.0,67.446292,N-autumn,0.5,train
sample_09928.jpg,SRC_076,25.0,180.0,63.632584,N-autumn,0.25,train
sample_09929.jpg,SRC_056,-40.0,180.0,74.660587,N-summer,0.5,train
sample_09930.jpg,SRC_117,-90.0,0.0,60.317034,N-winter,0.25,calibration
sample_09931.jpg,SRC_097,0.0,180.0,35.318175,N-winter,0.25,train
sample_09932.jpg,SRC_004,30.0,180.0,61.107468,N-autumn,0.5,train
sample_09933.jpg,SRC_047,0.0,180.0,48.028677,N-spring,0.5,validation
sample_09934.jpg,SRC_015,20.0,180.0,46.484204,N-summer,0.25,train
sample_09935.jpg,SRC_094,20.0,180.0,66.934532,N-autumn,0.25,train
sample_09936.jpg,SRC_055,-5.0,180.0,57.335076,N-spring,0.25,train
sample_09937.jpg,SRC_037,15.0,180.0,44.468297,N-spring,0.25,train
sample_09938.jpg,SRC_074,0.0,180.0,50.25459,N-spring,0.5,train
sample_09939.jpg,SRC_011,-20.0,180.0,70.371153,N-summer,0.25,train
sample_09940.jpg,SRC_040,90.0,0.0,57.651744,N-spring,0.5,train
sample_09941.jpg,SRC_109,50.0,180.0,54.137665,N-summer,0.25,validation
sample_09942.jpg,SRC_037,15.0,180.0,44.468297,N-spring,0.25,train
sample_09943.jpg,SRC_011,-20.0,180.0,70.371153,N-summer,0.25,train
sample_09944.jpg,SRC_020,35.0,180.0,42.075965,N-summer,0.25,calibration
sample_09945.jpg,SRC_154,0.0,180.0,54.770875,N-summer,0.5,train
sample_09946.jpg,SRC_009,-25.0,180.0,73.827745,N-spring,0.5,train
sample_09947.jpg,SRC_054,5.0,180.0,37.41608,N-winter,0.25,train
sample_09948.jpg,SRC_014,-40.0,180.0,38.480327,N-winter,0.25,train
sample_09949.jpg,SRC_158,-5.0,180.0,35.954137,N-winter,0.25,train
sample_09950.jpg,SRC_165,10.0,180.0,42.451267,N-winter,0.25,train
sample_09951.jpg,SRC_084,-10.0,180.0,58.957849,N-summer,0.25,train
sample_09952.jpg,SRC_061,50.0,180.0,43.110277,N-spring,0.5,train
sample_09953.jpg,SRC_109,50.0,180.0,54.137665,N-summer,0.25,validation
sample_09954.jpg,SRC_042,10.0,180.0,36.92431,N-spring,0.5,calibration
sample_09955.jpg,SRC_135,5.0,180.0,41.328761,N-winter,0.5,train
sample_09956.jpg,SRC_023,-10.0,180.0,50.837437,N-spring,0.25,train
sample_09957.jpg,SRC_112,-30.0,180.0,67.516648,N-spring,0.5,train
sample_09958.jpg,SRC_027,35.0,180.0,41.369436,N-spring,0.5,train
sample_09959.jpg,SRC_004,30.0,180.0,61.107468,N-autumn,0.5,train
sample_09960.jpg,SRC_074,0.0,180.0,50.25459,N-spring,0.5,train
sample_09961.jpg,SRC_063,25.0,180.0,41.329237,N-spring,0.25,train
sample_09962.jpg,SRC_004,30.0,180.0,61.107468,N-autumn,0.5,train
sample_09963.jpg,SRC_162,-90.0,0.0,77.7898,N-winter,0.25,train
sample_09964.jpg,SRC_112,-30.0,180.0,67.516648,N-spring,0.5,train
sample_09965.jpg,SRC_164,20.0,180.0,59.226879,N-autumn,0.25,train
sample_09966.jpg,SRC_020,35.0,180.0,42.075965,N-summer,0.25,calibration
sample_09967.jpg,SRC_013,50.0,180.0,54.051464,N-spring,0.5,train
sample_09968.jpg,SRC_170,-20.0,180.0,56.332579,N-autumn,0.25,validation
sample_09969.jpg,SRC_009,-25.0,180.0,73.827745,N-spring,0.5,train
sample_09970.jpg,SRC_004,30.0,180.0,61.107468,N-autumn,0.5,train
sample_09971.jpg,SRC_084,-10.0,180.0,58.957849,N-summer,0.25,train
sample_09972.jpg,SRC_028,10.0,180.0,42.894848,N-spring,0.25,calibration
sample_09973.jpg,SRC_158,-5.0,180.0,35.954137,N-winter,0.25,train
sample_09974.jpg,SRC_156,10.0,180.0,48.737382,N-summer,0.25,validation
sample_09975.jpg,SRC_067,-15.0,180.0,64.724247,N-spring,0.5,calibration
sample_09976.jpg,SRC_092,5.0,180.0,57.429528,N-autumn,0.25,train
sample_09977.jpg,SRC_158,-5.0,180.0,35.954137,N-winter,0.25,train
sample_09978.jpg,SRC_096,25.0,180.0,40.422288,N-spring,0.25,train
sample_09979.jpg,SRC_142,-30.0,180.0,34.276784,N-winter,0.25,train
sample_09980.jpg,SRC_165,10.0,180.0,42.451267,N-winter,0.25,train
sample_09981.jpg,SRC_009,-25.0,180.0,73.827745,N-spring,0.5,train
sample_09982.jpg,SRC_063,25.0,180.0,41.329237,N-spring,0.25,train
sample_09983.jpg,SRC_015,20.0,180.0,46.484204,N-summer,0.25,train
sample_09984.jpg,SRC_076,25.0,180.0,63.632584,N-autumn,0.25,train
sample_09985.jpg,SRC_159,20.0,180.0,67.076816,N-autumn,0.25,train
sample_09986.jpg,SRC_157,40.0,180.0,44.22455,N-summer,0.25,calibration
sample_09987.jpg,SRC_162,-90.0,0.0,77.7898,N-winter,0.25,train
sample_09988.jpg,SRC_148,-15.0,180.0,49.227137,N-autumn,0.25,train
sample_09989.jpg,SRC_103,-35.0,180.0,57.090396,N-autumn,0.25,train
sample_09990.jpg,SRC_108,-40.0,180.0,68.856247,N-summer,0.5,calibration
sample_09991.jpg,SRC_030,-25.0,180.0,67.936804,N-spring,0.5,train
sample_09992.jpg,SRC_094,20.0,180.0,66.934532,N-autumn,0.25,train
sample_09993.jpg,SRC_109,50.0,180.0,54.137665,N-summer,0.25,validation
sample_09994.jpg,SRC_076,25.0,180.0,63.632584,N-autumn,0.25,train
sample_09995.jpg,SRC_142,-30.0,180.0,34.276784,N-winter,0.25,train
sample_09996.jpg,SRC_082,-10.0,180.0,60.444036,N-spring,0.25,calibration
sample_09997.jpg,SRC_080,-25.0,180.0,69.726065,N-summer,0.25,train
sample_09998.jpg,SRC_112,-30.0,180.0,67.516648,N-spring,0.5,train
sample_09999.jpg,SRC_051,20.0,180.0,63.609319,N-autumn,0.5,train
sample_10000.jpg,SRC_005,0.0,180.0,55.846781,N-summer,0.5,validation
sample_10001.jpg,SRC_070,60.0,180.0,58.788969,N-summer,0.5,train
sample_10002.jpg,SRC_010,90.0,0.0,74.440619,N-summer,0.5,calibration
sample_10003.jpg,SRC_009,-25.0,180.0,73.827745,N-spring,0.5,train
sample_10004.jpg,SRC_013,50.0,180.0,54.051464,N-spring,0.5,train
sample_10005.jpg,SRC_067,-15.0,180.0,64.724247,N-spring,0.5,calibration
sample_10006.jpg,SRC_052,5.0,180.0,51.705435,N-summer,0.25,train
sample_10007.jpg,SRC_066,-10.0,180.0,61.81065,N-summer,0.5,calibration
sample_10008.jpg,SRC_108,-40.0,180.0,68.856247,N-summer,0.5,calibration
sample_10009.jpg,SRC_127,-35.0,180.0,47.507974,N-autumn,0.5,validation
sample_10010.jpg,SRC_011,-20.0,180.0,70.371153,N-summer,0.25,train
sample_10011.jpg,SRC_093,-25.0,180.0,43.343655,N-autumn,0.5,calibration
sample_10012.jpg,SRC_115,25.0,180.0,41.8845,N-spring,0.25,train
sample_10013.jpg,SRC_148,-15.0,180.0,49.227137,N-autumn,0.25,train
sample_10014.jpg,SRC_089,10.0,180.0,48.442522,N-winter,0.25,calibration
sample_10015.jpg,SRC_109,50.0,180.0,54.137665,N-summer,0.25,validation
sample_10016.jpg,SRC_056,-40.0,180.0,74.660587,N-summer,0.5,train
sample_10017.jpg,SRC_106,25.0,180.0,40.638999,N-spring,0.5,validation
sample_10018.jpg,SRC_030,-25.0,180.0,67.936804,N-spring,0.5,train
sample_10019.jpg,SRC_127,-35.0,180.0,47.507974,N-autumn,0.5,validation
sample_10020.jpg,SRC_157,40.0,180.0,44.22455,N-summer,0.25,calibration
sample_10021.jpg,SRC_063,25.0,180.0,41.329237,N-spring,0.25,train
sample_10022.jpg,SRC_144,-35.0,180.0,76.731052,N-spring,0.5,train
sample_10023.jpg,SRC_067,-15.0,180.0,64.724247,N-spring,0.5,calibration
sample_10024.jpg,SRC_065,30.0,180.0,68.700871,N-winter,0.5,train
sample_10025.jpg,SRC_108,-40.0,180.0,68.856247,N-summer,0.5,calibration
sample_10026.jpg,SRC_129,20.0,180.0,41.057252,N-spring,0.25,validation
sample_10027.jpg,SRC_157,40.0,180.0,44.22455,N-summer,0.25,calibration
sample_10028.jpg,SRC_089,10.0,180.0,48.442522,N-winter,0.25,calibration
sample_10029.jpg,SRC_069,25.0,180.0,48.120522,N-summer,0.5,train
sample_10030.jpg,SRC_041,15.0,180.0,46.712049,N-summer,0.25,validation
sample_10031.jpg,SRC_127,-35.0,180.0,47.507974,N-autumn,0.5,validation
sample_10032.jpg,SRC_087,0.0,180.0,54.65824,N-summer,0.25,calibration
sample_10033.jpg,SRC_004,30.0,180.0,61.107468,N-autumn,0.5,train
sample_10034.jpg,SRC_076,25.0,180.0,63.632584,N-autumn,0.25,train
sample_10035.jpg,SRC_106,25.0,180.0,40.638999,N-spring,0.5,validation
sample_10036.jpg,SRC_075,-90.0,0.0,65.329336,N-winter,0.25,train
sample_10037.jpg,SRC_038,-15.0,180.0,32.097448,N-winter,0.25,train
sample_10038.jpg,SRC_013,50.0,180.0,54.051464,N-spring,0.5,train
sample_10039.jpg,SRC_112,-30.0,180.0,67.516648,N-spring,0.5,train
sample_10040.jpg,SRC_050,0.0,180.0,53.680047,N-summer,0.25,calibration
sample_10041.jpg,SRC_104,25.0,180.0,45.102036,N-summer,0.5,validation
sample_10042.jpg,SRC_099,15.0,180.0,42.024472,N-spring,0.5,train
sample_10043.jpg,SRC_114,-10.0,180.0,58.176498,N-autumn,0.5,train
sample_10044.jpg,SRC_056,-40.0,180.0,74.660587,N-summer,0.5,train
sample_10045.jpg,SRC_076,25.0,180.0,63.632584,N-autumn,0.25,train
sample_10046.jpg,SRC_048,-25.0,180.0,61.920556,N-autumn,0.25,calibration
sample_10047.jpg,SRC_140,35.0,180.0,44.85556,N-spring,0.25,train
sample_10048.jpg,SRC_099,15.0,180.0,42.024472,N-spring,0.5,train
sample_10049.jpg,SRC_028,10.0,180.0,42.894848,N-spring,0.25,calibration
sample_10050.jpg,SRC_092,5.0,180.0,57.429528,N-autumn,0.25,train
sample_10051.jpg,SRC_042,10.0,180.0,36.92431,N-spring,0.5,calibration
sample_10052.jpg,SRC_037,15.0,180.0,44.468297,N-spring,0.25,train
sample_10053.jpg,SRC_013,50.0,180.0,54.051464,N-spring,0.5,train
sample_10054.jpg,SRC_021,-90.0,0.0,68.040851,N-autumn,0.5,train
sample_10055.jpg,SRC_009,-25.0,180.0,73.827745,N-spring,0.5,train
sample_10056.jpg,SRC_124,0.0,180.0,51.928413,N-summer,0.25,train
sample_10057.jpg,SRC_074,0.0,180.0,50.25459,N-spring,0.5,train
sample_10058.jpg,SRC_103,-35.0,180.0,57.090396,N-autumn,0.25,train
sample_10059.jpg,SRC_131,10.0,180.0,60.540464,N-autumn,0.5,train
sample_10060.jpg,SRC_111,-35.0,180.0,79.069883,N-spring,1.0,train
sample_10061.jpg,SRC_115,25.0,180.0,41.8845,N-spring,0.25,train
sample_10062.jpg,SRC_150,10.0,180.0,50.798821,N-summer,0.5,train
sample_10063.jpg,SRC_127,-35.0,180.0,47.507974,N-autumn,0.5,validation
sample_10064.jpg,SRC_013,50.0,180.0,54.051464,N-spring,0.5,train
sample_10065.jpg,SRC_048,-25.0,180.0,61.920556,N-autumn,0.25,calibration
sample_10066.jpg,SRC_121,25.0,180.0,67.446292,N-autumn,0.5,train
sample_10067.jpg,SRC_092,5.0,180.0,57.429528,N-autumn,0.25,train
sample_10068.jpg,SRC_154,0.0,180.0,54.770875,N-summer,0.5,train
sample_10069.jpg,SRC_056,-40.0,180.0,74.660587,N-summer,0.5,train
sample_10070.jpg,SRC_095,-20.0,180.0,56.495654,N-spring,0.5,validation
sample_10071.jpg,SRC_110,90.0,0.0,59.038071,N-summer,0.25,train
sample_10072.jpg,SRC_094,20.0,180.0,66.934532,N-autumn,0.25,train
sample_10073.jpg,SRC_112,-30.0,180.0,67.516648,N-spring,0.5,train
sample_10074.jpg,SRC_086,15.0,180.0,43.648742,N-summer,0.5,validation
sample_10075.jpg,SRC_044,-90.0,0.0,81.862162,N-autumn,0.5,train
sample_10076.jpg,SRC_042,10.0,180.0,36.92431,N-spring,0.5,calibration
sample_10077.jpg,SRC_089,10.0,180.0,48.442522,N-winter,0.25,calibration
sample_10078.jpg,SRC_081,-90.0,0.0,74.772433,N-autumn,0.25,calibration
sample_10079.jpg,SRC_159,20.0,180.0,67.076816,N-autumn,0.25,train
sample_10080.jpg,SRC_040,90.0,0.0,57.651744,N-spring,0.5,train
sample_10081.jpg,SRC_157,40.0,180.0,44.22455,N-summer,0.25,calibration
sample_10082.jpg,SRC_168,90.0,0.0,64.709631,N-summer,0.25,validation
sample_10083.jpg,SRC_107,20.0,180.0,65.68027,N-autumn,0.5,train
sample_10084.jpg,SRC_006,-15.0,180.0,65.638079,N-spring,0.5,train
sample_10085.jpg,SRC_139,40.0,180.0,53.533251,N-winter,0.25,train
sample_10086.jpg,SRC_094,20.0,180.0,66.934532,N-autumn,0.25,train
sample_10087.jpg,SRC_074,0.0,180.0,50.25459,N-spring,0.5,train
sample_10088.jpg,SRC_124,0.0,180.0,51.928413,N-summer,0.25,train
sample_10089.jpg,SRC_037,15.0,180.0,44.468297,N-spring,0.25,train
sample_10090.jpg,SRC_075,-90.0,0.0,65.329336,N-winter,0.25,train
sample_10091.jpg,SRC_109,50.0,180.0,54.137665,N-summer,0.25,validation
sample_10092.jpg,SRC_022,20.0,180.0,41.513642,N-spring,0.25,train
sample_10093.jpg,SRC_101,5.0,180.0,48.479381,N-winter,0.25,validation
sample_10094.jpg,SRC_051,20.0,180.0,63.609319,N-autumn,0.5,train
sample_10095.jpg,SRC_116,5.0,180.0,41.203028,N-spring,0.25,calibration
sample_10096.jpg,SRC_013,50.0,180.0,54.051464,N-spring,0.5,train
sample_10097.jpg,SRC_022,20.0,180.0,41.513642,N-spring,0.25,train
sample_10098.jpg,SRC_041,15.0,180.0,46.712049,N-summer,0.25,validation
sample_10099.jpg,SRC_151,-15.0,180.0,63.408071,N-summer,0.5,validation
sample_10100.jpg,SRC_127,-35.0,180.0,47.507974,N-autumn,0.5,validation
sample_10101.jpg,SRC_024,10.0,180.0,53.725813,N-summer,0.25,calibration
sample_10102.jpg,SRC_115,25.0,180.0,41.8845,N-spring,0.25,train
sample_10103.jpg,SRC_093,-25.0,180.0,43.343655,N-autumn,0.5,calibration
sample_10104.jpg,SRC_144,-35.0,180.0,76.731052,N-spring,0.5,train
sample_10105.jpg,SRC_115,25.0,180.0,41.8845,N-spring,0.25,train
sample_10106.jpg,SRC_148,-15.0,180.0,49.227137,N-autumn,0.25,train
sample_10107.jpg,SRC_123,0.0,180.0,54.598149,N-autumn,0.5,train
sample_10108.jpg,SRC_129,20.0,180.0,41.057252,N-spring,0.25,validation
sample_10109.jpg,SRC_037,15.0,180.0,44.468297,N-spring,0.25,train
sample_10110.jpg,SRC_091,-40.0,180.0,72.511342,N-summer,0.5,train
sample_10111.jpg,SRC_126,-20.0,180.0,68.779144,N-summer,0.5,train
sample_10112.jpg,SRC_003,0.0,180.0,38.090051,N-spring,0.25,validation
sample_10113.jpg,SRC_141,-10.0,180.0,55.206291,N-spring,0.25,train
sample_10114.jpg,SRC_144,-35.0,180.0,76.731052,N-spring,0.5,train
sample_10115.jpg,SRC_121,25.0,180.0,67.446292,N-autumn,0.5,train
sample_10116.jpg,SRC_040,90.0,0.0,57.651744,N-spring,0.5,train
sample_10117.jpg,SRC_038,-15.0,180.0,32.097448,N-winter,0.25,train
sample_10118.jpg,SRC_133,-10.0,180.0,48.887369,N-spring,0.5,train
sample_10119.jpg,SRC_091,-40.0,180.0,72.511342,N-summer,0.5,train
sample_10120.jpg,SRC_126,-20.0,180.0,68.779144,N-summer,0.5,train
sample_10121.jpg,SRC_103,-35.0,180.0,57.090396,N-autumn,0.25,train
sample_10122.jpg,SRC_084,-10.0,180.0,58.957849,N-summer,0.25,train
sample_10123.jpg,SRC_006,-15.0,180.0,65.638079,N-spring,0.5,train
sample_10124.jpg,SRC_096,25.0,180.0,40.422288,N-spring,0.25,train
sample_10125.jpg,SRC_114,-10.0,180.0,58.176498,N-autumn,0.5,train
sample_10126.jpg,SRC_045,-90.0,0.0,70.559818,N-autumn,0.25,train
sample_10127.jpg,SRC_099,15.0,180.0,42.024472,N-spring,0.5,train
sample_10128.jpg,SRC_030,-25.0,180.0,67.936804,N-spring,0.5,train
sample_10129.jpg,SRC_084,-10.0,180.0,58.957849,N-summer,0.25,train
sample_10130.jpg,SRC_010,90.0,0.0,74.440619,N-summer,0.5,calibration
sample_10131.jpg,SRC_081,-90.0,0.0,74.772433,N-autumn,0.25,calibration
sample_10132.jpg,SRC_062,45.0,180.0,81.508965,N-autumn,0.5,train
sample_10133.jpg,SRC_118,35.0,180.0,49.493581,N-summer,0.25,train
sample_10134.jpg,SRC_041,15.0,180.0,46.712049,N-summer,0.25,validation
sample_10135.jpg,SRC_114,-10.0,180.0,58.176498,N-autumn,0.5,train
sample_10136.jpg,SRC_169,40.0,180.0,48.615664,N-summer,0.25,train
sample_10137.jpg,SRC_094,20.0,180.0,66.934532,N-autumn,0.25,train
sample_10138.jpg,SRC_084,-10.0,180.0,58.957849,N-summer,0.25,train
sample_10139.jpg,SRC_133,-10.0,180.0,48.887369,N-spring,0.5,train
sample_10140.jpg,SRC_084,-10.0,180.0,58.957849,N-summer,0.25,train
sample_10141.jpg,SRC_051,20.0,180.0,63.609319,N-autumn,0.5,train
sample_10142.jpg,SRC_108,-40.0,180.0,68.856247,N-summer,0.5,calibration
sample_10143.jpg,SRC_158,-5.0,180.0,35.954137,N-winter,0.25,train
sample_10144.jpg,SRC_065,30.0,180.0,68.700871,N-winter,0.5,train
sample_10145.jpg,SRC_112,-30.0,180.0,67.516648,N-spring,0.5,train
sample_10146.jpg,SRC_084,-10.0,180.0,58.957849,N-summer,0.25,train
sample_10147.jpg,SRC_069,25.0,180.0,48.120522,N-summer,0.5,train
sample_10148.jpg,SRC_090,50.0,180.0,47.196626,N-summer,0.25,train
sample_10149.jpg,SRC_158,-5.0,180.0,35.954137,N-winter,0.25,train
sample_10150.jpg,SRC_102,-10.0,180.0,52.255853,N-spring,0.25,train
sample_10151.jpg,SRC_042,10.0,180.0,36.92431,N-spring,0.5,calibration
sample_10152.jpg,SRC_009,-25.0,180.0,73.827745,N-spring,0.5,train
sample_10153.jpg,SRC_148,-15.0,180.0,49.227137,N-autumn,0.25,train
sample_10154.jpg,SRC_005,0.0,180.0,55.846781,N-summer,0.5,validation
sample_10155.jpg,SRC_029,-5.0,180.0,45.485648,N-autumn,0.25,calibration
sample_10156.jpg,SRC_163,0.0,180.0,39.987447,N-winter,0.25,train
sample_10157.jpg,SRC_169,40.0,180.0,48.615664,N-summer,0.25,train
sample_10158.jpg,SRC_115,25.0,180.0,41.8845,N-spring,0.25,train
sample_10159.jpg,SRC_040,90.0,0.0,57.651744,N-spring,0.5,train
sample_10160.jpg,SRC_063,25.0,180.0,41.329237,N-spring,0.25,train
sample_10161.jpg,SRC_027,35.0,180.0,41.369436,N-spring,0.5,train
sample_10162.jpg,SRC_088,0.0,180.0,53.004483,N-summer,0.25,train
sample_10163.jpg,SRC_168,90.0,0.0,64.709631,N-summer,0.25,validation
sample_10164.jpg,SRC_168,90.0,0.0,64.709631,N-summer,0.25,validation
sample_10165.jpg,SRC_083,0.0,180.0,55.378885,N-spring,0.25,calibration
sample_10166.jpg,SRC_027,35.0,180.0,41.369436,N-spring,0.5,train
sample_10167.jpg,SRC_050,0.0,180.0,53.680047,N-summer,0.25,calibration
sample_10168.jpg,SRC_027,35.0,180.0,41.369436,N-spring,0.5,train
sample_10169.jpg,SRC_111,-35.0,180.0,79.069883,N-spring,1.0,train
sample_10170.jpg,SRC_141,-10.0,180.0,55.206291,N-spring,0.25,train
sample_10171.jpg,SRC_109,50.0,180.0,54.137665,N-summer,0.25,validation
sample_10172.jpg,SRC_112,-30.0,180.0,67.516648,N-spring,0.5,train
sample_10173.jpg,SRC_093,-25.0,180.0,43.343655,N-autumn,0.5,calibration
sample_10174.jpg,SRC_158,-5.0,180.0,35.954137,N-winter,0.25,train
sample_10175.jpg,SRC_121,25.0,180.0,67.446292,N-autumn,0.5,train
sample_10176.jpg,SRC_148,-15.0,180.0,49.227137,N-autumn,0.25,train
sample_10177.jpg,SRC_126,-20.0,180.0,68.779144,N-summer,0.5,train
sample_10178.jpg,SRC_061,50.0,180.0,43.110277,N-spring,0.5,train
sample_10179.jpg,SRC_013,50.0,180.0,54.051464,N-spring,0.5,train
sample_10180.jpg,SRC_144,-35.0,180.0,76.731052,N-spring,0.5,train
sample_10181.jpg,SRC_030,-25.0,180.0,67.936804,N-spring,0.5,train
sample_10182.jpg,SRC_104,25.0,180.0,45.102036,N-summer,0.5,validation
sample_10183.jpg,SRC_103,-35.0,180.0,57.090396,N-autumn,0.25,train
sample_10184.jpg,SRC_134,-30.0,180.0,69.607895,N-spring,0.5,train
sample_10185.jpg,SRC_004,30.0,180.0,61.107468,N-autumn,0.5,train
sample_10186.jpg,SRC_005,0.0,180.0,55.846781,N-summer,0.5,validation
sample_10187.jpg,SRC_123,0.0,180.0,54.598149,N-autumn,0.5,train
sample_10188.jpg,SRC_129,20.0,180.0,41.057252,N-spring,0.25,validation
sample_10189.jpg,SRC_142,-30.0,180.0,34.276784,N-winter,0.25,train
sample_10190.jpg,SRC_077,-5.0,180.0,34.299081,N-winter,0.25,train
sample_10191.jpg,SRC_095,-20.0,180.0,56.495654,N-spring,0.5,validation
sample_10192.jpg,SRC_157,40.0,180.0,44.22455,N-summer,0.25,calibration
sample_10193.jpg,SRC_045,-90.0,0.0,70.559818,N-autumn,0.25,train
sample_10194.jpg,SRC_113,-35.0,180.0,36.668707,N-winter,0.25,train
sample_10195.jpg,SRC_027,35.0,180.0,41.369436,N-spring,0.5,train
sample_10196.jpg,SRC_090,50.0,180.0,47.196626,N-summer,0.25,train
sample_10197.jpg,SRC_111,-35.0,180.0,79.069883,N-spring,1.0,train
sample_10198.jpg,SRC_092,5.0,180.0,57.429528,N-autumn,0.25,train
sample_10199.jpg,SRC_111,-35.0,180.0,79.069883,N-spring,1.0,train
sample_10200.jpg,SRC_006,-15.0,180.0,65.638079,N-spring,0.5,train
sample_10201.jpg,SRC_111,-35.0,180.0,79.069883,N-spring,1.0,train
sample_10202.jpg,SRC_003,0.0,180.0,38.090051,N-spring,0.25,validation
sample_10203.jpg,SRC_166,90.0,0.0,60.094207,N-spring,0.5,validation
sample_10204.jpg,SRC_074,0.0,180.0,50.25459,N-spring,0.5,train
sample_10205.jpg,SRC_094,20.0,180.0,66.934532,N-autumn,0.25,train
sample_10206.jpg,SRC_051,20.0,180.0,63.609319,N-autumn,0.5,train
sample_10207.jpg,SRC_123,0.0,180.0,54.598149,N-autumn,0.5,train
sample_10208.jpg,SRC_153,-40.0,180.0,43.960452,N-autumn,0.25,train
sample_10209.jpg,SRC_108,-40.0,180.0,68.856247,N-summer,0.5,calibration
sample_10210.jpg,SRC_134,-30.0,180.0,69.607895,N-spring,0.5,train
sample_10211.jpg,SRC_121,25.0,180.0,67.446292,N-autumn,0.5,train
sample_10212.jpg,SRC_038,-15.0,180.0,32.097448,N-winter,0.25,train
sample_10213.jpg,SRC_063,25.0,180.0,41.329237,N-spring,0.25,train
sample_10214.jpg,SRC_171,-35.0,180.0,63.65778,N-spring,0.25,train
sample_10215.jpg,SRC_121,25.0,180.0,67.446292,N-autumn,0.5,train
sample_10216.jpg,SRC_052,5.0,180.0,51.705435,N-summer,0.25,train
sample_10217.jpg,SRC_070,60.0,180.0,58.788969,N-summer,0.5,train
sample_10218.jpg,SRC_141,-10.0,180.0,55.206291,N-spring,0.25,train
sample_10219.jpg,SRC_013,50.0,180.0,54.051464,N-spring,0.5,train
sample_10220.jpg,SRC_131,10.0,180.0,60.540464,N-autumn,0.5,train
sample_10221.jpg,SRC_040,90.0,0.0,57.651744,N-spring,0.5,train
sample_10222.jpg,SRC_004,30.0,180.0,61.107468,N-autumn,0.5,train
sample_10223.jpg,SRC_051,20.0,180.0,63.609319,N-autumn,0.5,train
sample_10224.jpg,SRC_127,-35.0,180.0,47.507974,N-autumn,0.5,validation
sample_10225.jpg,SRC_148,-15.0,180.0,49.227137,N-autumn,0.25,train
sample_10226.jpg,SRC_108,-40.0,180.0,68.856247,N-summer,0.5,calibration
sample_10227.jpg,SRC_158,-5.0,180.0,35.954137,N-winter,0.25,train
sample_10228.jpg,SRC_048,-25.0,180.0,61.920556,N-autumn,0.25,calibration
sample_10229.jpg,SRC_142,-30.0,180.0,34.276784,N-winter,0.25,train
sample_10230.jpg,SRC_141,-10.0,180.0,55.206291,N-spring,0.25,train
sample_10231.jpg,SRC_037,15.0,180.0,44.468297,N-spring,0.25,train
sample_10232.jpg,SRC_040,90.0,0.0,57.651744,N-spring,0.5,train
sample_10233.jpg,SRC_069,25.0,180.0,48.120522,N-summer,0.5,train
sample_10234.jpg,SRC_014,-40.0,180.0,38.480327,N-winter,0.25,train
sample_10235.jpg,SRC_024,10.0,180.0,53.725813,N-summer,0.25,calibration
sample_10236.jpg,SRC_013,50.0,180.0,54.051464,N-spring,0.5,train
sample_10237.jpg,SRC_030,-25.0,180.0,67.936804,N-spring,0.5,train
sample_10238.jpg,SRC_003,0.0,180.0,38.090051,N-spring,0.25,validation
sample_10239.jpg,SRC_102,-10.0,180.0,52.255853,N-spring,0.25,train
sample_10240.jpg,SRC_041,15.0,180.0,46.712049,N-summer,0.25,validation
sample_10241.jpg,SRC_142,-30.0,180.0,34.276784,N-winter,0.25,train
sample_10242.jpg,SRC_058,30.0,180.0,69.060883,N-autumn,0.5,train
sample_10243.jpg,SRC_066,-10.0,180.0,61.81065,N-summer,0.5,calibration
sample_10244.jpg,SRC_056,-40.0,180.0,74.660587,N-summer,0.5,train
sample_10245.jpg,SRC_086,15.0,180.0,43.648742,N-summer,0.5,validation
sample_10246.jpg,SRC_106,25.0,180.0,40.638999,N-spring,0.5,validation
sample_10247.jpg,SRC_115,25.0,180.0,41.8845,N-spring,0.25,train
sample_10248.jpg,SRC_016,10.0,180.0,55.552023,N-winter,0.5,calibration
sample_10249.jpg,SRC_134,-30.0,180.0,69.607895,N-spring,0.5,train
sample_10250.jpg,SRC_063,25.0,180.0,41.329237,N-spring,0.25,train
sample_10251.jpg,SRC_151,-15.0,180.0,63.408071,N-summer,0.5,validation
sample_10252.jpg,SRC_021,-90.0,0.0,68.040851,N-autumn,0.5,train
sample_10253.jpg,SRC_051,20.0,180.0,63.609319,N-autumn,0.5,train
sample_10254.jpg,SRC_054,5.0,180.0,37.41608,N-winter,0.25,train
sample_10255.jpg,SRC_109,50.0,180.0,54.137665,N-summer,0.25,validation
sample_10256.jpg,SRC_103,-35.0,180.0,57.090396,N-autumn,0.25,train
sample_10257.jpg,SRC_037,15.0,180.0,44.468297,N-spring,0.25,train
sample_10258.jpg,SRC_109,50.0,180.0,54.137665,N-summer,0.25,validation
sample_10259.jpg,SRC_116,5.0,180.0,41.203028,N-spring,0.25,calibration
sample_10260.jpg,SRC_058,30.0,180.0,69.060883,N-autumn,0.5,train
sample_10261.jpg,SRC_082,-10.0,180.0,60.444036,N-spring,0.25,calibration
sample_10262.jpg,SRC_027,35.0,180.0,41.369436,N-spring,0.5,train
sample_10263.jpg,SRC_013,50.0,180.0,54.051464,N-spring,0.5,train
sample_10264.jpg,SRC_011,-20.0,180.0,70.371153,N-summer,0.25,train
sample_10265.jpg,SRC_003,0.0,180.0,38.090051,N-spring,0.25,validation
sample_10266.jpg,SRC_074,0.0,180.0,50.25459,N-spring,0.5,train
sample_10267.jpg,SRC_061,50.0,180.0,43.110277,N-spring,0.5,train
sample_10268.jpg,SRC_028,10.0,180.0,42.894848,N-spring,0.25,calibration
sample_10269.jpg,SRC_066,-10.0,180.0,61.81065,N-summer,0.5,calibration
sample_10270.jpg,SRC_096,25.0,180.0,40.422288,N-spring,0.25,train
sample_10271.jpg,SRC_022,20.0,180.0,41.513642,N-spring,0.25,train
sample_10272.jpg,SRC_153,-40.0,180.0,43.960452,N-autumn,0.25,train
sample_10273.jpg,SRC_094,20.0,180.0,66.934532,N-autumn,0.25,train
sample_10274.jpg,SRC_013,50.0,180.0,54.051464,N-spring,0.5,train
sample_10275.jpg,SRC_095,-20.0,180.0,56.495654,N-spring,0.5,validation
sample_10276.jpg,SRC_051,20.0,180.0,63.609319,N-autumn,0.5,train
sample_10277.jpg,SRC_037,15.0,180.0,44.468297,N-spring,0.25,train
sample_10278.jpg,SRC_115,25.0,180.0,41.8845,N-spring,0.25,train
sample_10279.jpg,SRC_006,-15.0,180.0,65.638079,N-spring,0.5,train
sample_10280.jpg,SRC_076,25.0,180.0,63.632584,N-autumn,0.25,train
sample_10281.jpg,SRC_110,90.0,0.0,59.038071,N-summer,0.25,train
sample_10282.jpg,SRC_052,5.0,180.0,51.705435,N-summer,0.25,train
sample_10283.jpg,SRC_090,50.0,180.0,47.196626,N-summer,0.25,train
sample_10284.jpg,SRC_074,0.0,180.0,50.25459,N-spring,0.5,train
sample_10285.jpg,SRC_065,30.0,180.0,68.700871,N-winter,0.5,train
sample_10286.jpg,SRC_005,0.0,180.0,55.846781,N-summer,0.5,validation
sample_10287.jpg,SRC_065,30.0,180.0,68.700871,N-winter,0.5,train
sample_10288.jpg,SRC_144,-35.0,180.0,76.731052,N-spring,0.5,train
sample_10289.jpg,SRC_013,50.0,180.0,54.051464,N-spring,0.5,train
sample_10290.jpg,SRC_046,0.0,180.0,58.061031,N-autumn,0.25,calibration
sample_10291.jpg,SRC_041,15.0,180.0,46.712049,N-summer,0.25,validation
sample_10292.jpg,SRC_134,-30.0,180.0,69.607895,N-spring,0.5,train
sample_10293.jpg,SRC_042,10.0,180.0,36.92431,N-spring,0.5,calibration
sample_10294.jpg,SRC_066,-10.0,180.0,61.81065,N-summer,0.5,calibration
sample_10295.jpg,SRC_014,-40.0,180.0,38.480327,N-winter,0.25,train
sample_10296.jpg,SRC_066,-10.0,180.0,61.81065,N-summer,0.5,calibration
sample_10297.jpg,SRC_172,55.0,180.0,47.744159,N-summer,0.25,validation
sample_10298.jpg,SRC_133,-10.0,180.0,48.887369,N-spring,0.5,train
sample_10299.jpg,SRC_121,25.0,180.0,67.446292,N-autumn,0.5,train
sample_10300.jpg,SRC_056,-40.0,180.0,74.660587,N-summer,0.5,train
sample_10301.jpg,SRC_041,15.0,180.0,46.712049,N-summer,0.25,validation
sample_10302.jpg,SRC_058,30.0,180.0,69.060883,N-autumn,0.5,train
sample_10303.jpg,SRC_088,0.0,180.0,53.004483,N-summer,0.25,train
sample_10304.jpg,SRC_009,-25.0,180.0,73.827745,N-spring,0.5,train
sample_10305.jpg,SRC_021,-90.0,0.0,68.040851,N-autumn,0.5,train
sample_10306.jpg,SRC_024,10.0,180.0,53.725813,N-summer,0.25,calibration
sample_10307.jpg,SRC_090,50.0,180.0,47.196626,N-summer,0.25,train
sample_10308.jpg,SRC_132,5.0,180.0,51.83727,N-summer,0.25,train
sample_10309.jpg,SRC_063,25.0,180.0,41.329237,N-spring,0.25,train
sample_10310.jpg,SRC_129,20.0,180.0,41.057252,N-spring,0.25,validation
sample_10311.jpg,SRC_052,5.0,180.0,51.705435,N-summer,0.25,train
sample_10312.jpg,SRC_042,10.0,180.0,36.92431,N-spring,0.5,calibration
sample_10313.jpg,SRC_065,30.0,180.0,68.700871,N-winter,0.5,train
sample_10314.jpg,SRC_103,-35.0,180.0,57.090396,N-autumn,0.25,train
sample_10315.jpg,SRC_020,35.0,180.0,42.075965,N-summer,0.25,calibration
sample_10316.jpg,SRC_165,10.0,180.0,42.451267,N-winter,0.25,train
sample_10317.jpg,SRC_171,-35.0,180.0,63.65778,N-spring,0.25,train
sample_10318.jpg,SRC_037,15.0,180.0,44.468297,N-spring,0.25,train
sample_10319.jpg,SRC_094,20.0,180.0,66.934532,N-autumn,0.25,train
sample_10320.jpg,SRC_009,-25.0,180.0,73.827745,N-spring,0.5,train
sample_10321.jpg,SRC_024,10.0,180.0,53.725813,N-summer,0.25,calibration
sample_10322.jpg,SRC_082,-10.0,180.0,60.444036,N-spring,0.25,calibration
sample_10323.jpg,SRC_080,-25.0,180.0,69.726065,N-summer,0.25,train
sample_10324.jpg,SRC_114,-10.0,180.0,58.176498,N-autumn,0.5,train
sample_10325.jpg,SRC_083,0.0,180.0,55.378885,N-spring,0.25,calibration
sample_10326.jpg,SRC_051,20.0,180.0,63.609319,N-autumn,0.5,train
sample_10327.jpg,SRC_104,25.0,180.0,45.102036,N-summer,0.5,validation
sample_10328.jpg,SRC_059,15.0,180.0,48.046698,N-summer,0.25,train
sample_10329.jpg,SRC_044,-90.0,0.0,81.862162,N-autumn,0.5,train
sample_10330.jpg,SRC_051,20.0,180.0,63.609319,N-autumn,0.5,train
sample_10331.jpg,SRC_072,15.0,180.0,46.966801,N-winter,0.25,train
sample_10332.jpg,SRC_141,-10.0,180.0,55.206291,N-spring,0.25,train
sample_10333.jpg,SRC_029,-5.0,180.0,45.485648,N-autumn,0.25,calibration
sample_10334.jpg,SRC_086,15.0,180.0,43.648742,N-summer,0.5,validation
sample_10335.jpg,SRC_021,-90.0,0.0,68.040851,N-autumn,0.5,train
sample_10336.jpg,SRC_058,30.0,180.0,69.060883,N-autumn,0.5,train
sample_10337.jpg,SRC_047,0.0,180.0,48.028677,N-spring,0.5,validation
sample_10338.jpg,SRC_081,-90.0,0.0,74.772433,N-autumn,0.25,calibration
sample_10339.jpg,SRC_042,10.0,180.0,36.92431,N-spring,0.5,calibration
sample_10340.jpg,SRC_038,-15.0,180.0,32.097448,N-winter,0.25,train
sample_10341.jpg,SRC_087,0.0,180.0,54.65824,N-summer,0.25,calibration
sample_10342.jpg,SRC_091,-40.0,180.0,72.511342,N-summer,0.5,train
sample_10343.jpg,SRC_115,25.0,180.0,41.8845,N-spring,0.25,train
sample_10344.jpg,SRC_065,30.0,180.0,68.700871,N-winter,0.5,train
sample_10345.jpg,SRC_013,50.0,180.0,54.051464,N-spring,0.5,train
sample_10346.jpg,SRC_020,35.0,180.0,42.075965,N-summer,0.25,calibration
sample_10347.jpg,SRC_066,-10.0,180.0,61.81065,N-summer,0.5,calibration
sample_10348.jpg,SRC_004,30.0,180.0,61.107468,N-autumn,0.5,train
sample_10349.jpg,SRC_076,25.0,180.0,63.632584,N-autumn,0.25,train
sample_10350.jpg,SRC_169,40.0,180.0,48.615664,N-summer,0.25,train
sample_10351.jpg,SRC_104,25.0,180.0,45.102036,N-summer,0.5,validation
sample_10352.jpg,SRC_042,10.0,180.0,36.92431,N-spring,0.5,calibration
sample_10353.jpg,SRC_093,-25.0,180.0,43.343655,N-autumn,0.5,calibration
sample_10354.jpg,SRC_091,-40.0,180.0,72.511342,N-summer,0.5,train
sample_10355.jpg,SRC_009,-25.0,180.0,73.827745,N-spring,0.5,train
sample_10356.jpg,SRC_022,20.0,180.0,41.513642,N-spring,0.25,train
sample_10357.jpg,SRC_112,-30.0,180.0,67.516648,N-spring,0.5,train
sample_10358.jpg,SRC_130,25.0,180.0,37.507656,N-spring,0.25,train
sample_10359.jpg,SRC_103,-35.0,180.0,57.090396,N-autumn,0.25,train
sample_10360.jpg,SRC_019,90.0,0.0,60.00919,N-summer,0.25,train
sample_10361.jpg,SRC_087,0.0,180.0,54.65824,N-summer,0.25,calibration
sample_10362.jpg,SRC_022,20.0,180.0,41.513642,N-spring,0.25,train
sample_10363.jpg,SRC_066,-10.0,180.0,61.81065,N-summer,0.5,calibration
sample_10364.jpg,SRC_029,-5.0,180.0,45.485648,N-autumn,0.25,calibration
sample_10365.jpg,SRC_012,-90.0,0.0,85.677016,N-autumn,0.5,train
sample_10366.jpg,SRC_059,15.0,180.0,48.046698,N-summer,0.25,train
sample_10367.jpg,SRC_092,5.0,180.0,57.429528,N-autumn,0.25,train
sample_10368.jpg,SRC_124,0.0,180.0,51.928413,N-summer,0.25,train
sample_10369.jpg,SRC_111,-35.0,180.0,79.069883,N-spring,1.0,train
sample_10370.jpg,SRC_114,-10.0,180.0,58.176498,N-autumn,0.5,train
sample_10371.jpg,SRC_013,50.0,180.0,54.051464,N-spring,0.5,train
sample_10372.jpg,SRC_150,10.0,180.0,50.798821,N-summer,0.5,train
sample_10373.jpg,SRC_096,25.0,180.0,40.422288,N-spring,0.25,train
sample_10374.jpg,SRC_005,0.0,180.0,55.846781,N-summer,0.5,validation
sample_10375.jpg,SRC_063,25.0,180.0,41.329237,N-spring,0.25,train
sample_10376.jpg,SRC_081,-90.0,0.0,74.772433,N-autumn,0.25,calibration
sample_10377.jpg,SRC_140,35.0,180.0,44.85556,N-spring,0.25,train
sample_10378.jpg,SRC_112,-30.0,180.0,67.516648,N-spring,0.5,train
sample_10379.jpg,SRC_103,-35.0,180.0,57.090396,N-autumn,0.25,train
sample_10380.jpg,SRC_143,90.0,0.0,68.916652,N-spring,0.5,train
sample_10381.jpg,SRC_096,25.0,180.0,40.422288,N-spring,0.25,train
sample_10382.jpg,SRC_011,-20.0,180.0,70.371153,N-summer,0.25,train
sample_10383.jpg,SRC_029,-5.0,180.0,45.485648,N-autumn,0.25,calibration
sample_10384.jpg,SRC_027,35.0,180.0,41.369436,N-spring,0.5,train
sample_10385.jpg,SRC_144,-35.0,180.0,76.731052,N-spring,0.5,train
sample_10386.jpg,SRC_075,-90.0,0.0,65.329336,N-winter,0.25,train
sample_10387.jpg,SRC_041,15.0,180.0,46.712049,N-summer,0.25,validation
sample_10388.jpg,SRC_109,50.0,180.0,54.137665,N-summer,0.25,validation
sample_10389.jpg,SRC_148,-15.0,180.0,49.227137,N-autumn,0.25,train
sample_10390.jpg,SRC_154,0.0,180.0,54.770875,N-summer,0.5,train
sample_10391.jpg,SRC_131,10.0,180.0,60.540464,N-autumn,0.5,train
sample_10392.jpg,SRC_095,-20.0,180.0,56.495654,N-spring,0.5,validation
sample_10393.jpg,SRC_145,-5.0,180.0,52.15166,N-spring,0.25,train
sample_10394.jpg,SRC_109,50.0,180.0,54.137665,N-summer,0.25,validation
sample_10395.jpg,SRC_135,5.0,180.0,41.328761,N-winter,0.5,train
sample_10396.jpg,SRC_158,-5.0,180.0,35.954137,N-winter,0.25,train
sample_10397.jpg,SRC_171,-35.0,180.0,63.65778,N-spring,0.25,train
sample_10398.jpg,SRC_139,40.0,180.0,53.533251,N-winter,0.25,train
sample_10399.jpg,SRC_091,-40.0,180.0,72.511342,N-summer,0.5,train
sample_10400.jpg,SRC_051,20.0,180.0,63.609319,N-autumn,0.5,train
sample_10401.jpg,SRC_069,25.0,180.0,48.120522,N-summer,0.5,train
sample_10402.jpg,SRC_091,-40.0,180.0,72.511342,N-summer,0.5,train
sample_10403.jpg,SRC_062,45.0,180.0,81.508965,N-autumn,0.5,train
sample_10404.jpg,SRC_124,0.0,180.0,51.928413,N-summer,0.25,train
sample_10405.jpg,SRC_090,50.0,180.0,47.196626,N-summer,0.25,train
sample_10406.jpg,SRC_109,50.0,180.0,54.137665,N-summer,0.25,validation
sample_10407.jpg,SRC_093,-25.0,180.0,43.343655,N-autumn,0.5,calibration
sample_10408.jpg,SRC_022,20.0,180.0,41.513642,N-spring,0.25,train
sample_10409.jpg,SRC_099,15.0,180.0,42.024472,N-spring,0.5,train
sample_10410.jpg,SRC_156,10.0,180.0,48.737382,N-summer,0.25,validation
sample_10411.jpg,SRC_054,5.0,180.0,37.41608,N-winter,0.25,train
sample_10412.jpg,SRC_139,40.0,180.0,53.533251,N-winter,0.25,train
sample_10413.jpg,SRC_121,25.0,180.0,67.446292,N-autumn,0.5,train
sample_10414.jpg,SRC_091,-40.0,180.0,72.511342,N-summer,0.5,train
sample_10415.jpg,SRC_085,0.0,180.0,39.187341,N-spring,0.25,train
sample_10416.jpg,SRC_030,-25.0,180.0,67.936804,N-spring,0.5,train
sample_10417.jpg,SRC_104,25.0,180.0,45.102036,N-summer,0.5,validation
sample_10418.jpg,SRC_113,-35.0,180.0,36.668707,N-winter,0.25,train
sample_10419.jpg,SRC_059,15.0,180.0,48.046698,N-summer,0.25,train
sample_10420.jpg,SRC_134,-30.0,180.0,69.607895,N-spring,0.5,train
sample_10421.jpg,SRC_042,10.0,180.0,36.92431,N-spring,0.5,calibration
sample_10422.jpg,SRC_005,0.0,180.0,55.846781,N-summer,0.5,validation
